time;voltage;current;ambient_temperature;surface_temperature_plus;surface_temperature_minus
0;0.003;0.0;22.9;20.87;21.83
1;3.258;4.351;22.8;20.87;21.83
2;3.196;4.62;22.9;20.98;21.73
3;3.209;4.62;22.8;20.87;21.83
4;3.202;4.62;22.9;20.87;21.83
5;3.202;4.62;22.9;20.87;21.83
6;3.197;4.62;22.8;20.98;21.83
7;3.198;4.62;22.9;20.77;21.62
8;3.196;4.62;22.8;20.87;21.83
9;3.193;4.62;22.9;20.87;21.83
10;3.193;4.62;22.8;20.87;21.83
11;3.191;4.62;22.8;20.98;21.83
12;3.187;4.62;22.8;20.98;21.73
13;3.183;4.62;22.8;20.98;21.83
14;3.18;4.62;22.9;21.18;21.93
15;3.181;4.62;22.9;20.87;22.03
16;3.18;4.62;22.8;20.98;21.83
17;3.18;4.62;22.8;20.98;21.93
18;3.178;4.62;22.9;20.98;21.93
19;3.177;4.62;22.9;20.98;21.83
20;3.174;4.62;22.9;20.98;21.93
21;3.171;4.62;22.8;20.98;22.13
22;3.165;4.62;22.8;21.08;22.03
23;3.164;4.62;22.8;21.08;21.73
24;3.17;4.62;22.9;21.08;22.03
25;3.167;4.62;22.8;21.08;21.93
26;3.167;4.62;22.8;21.08;21.93
27;3.162;4.62;22.8;21.18;21.93
28;3.161;4.62;22.9;21.18;22.03
29;3.161;4.62;22.9;21.18;21.83
30;3.16;4.62;22.9;21.18;22.03
31;3.161;4.62;22.9;21.28;22.33
32;3.159;4.62;22.9;21.08;22.03
33;3.16;4.62;22.9;21.28;22.13
34;3.16;4.62;22.9;21.28;22.13
35;3.158;4.62;22.8;21.28;22.03
36;3.16;4.62;22.9;21.28;22.23
37;3.16;4.62;22.9;21.28;22.33
38;3.163;4.62;22.9;21.28;22.23
39;3.163;4.62;22.9;21.38;22.13
40;3.164;4.62;22.9;21.38;22.43
41;3.163;4.62;22.9;21.38;22.23
42;3.161;4.62;22.9;21.38;22.23
43;3.158;4.62;22.9;21.38;22.33
44;3.16;4.62;22.9;21.38;22.64
45;3.158;4.62;22.9;21.58;22.43
46;3.158;4.62;22.9;21.48;22.33
47;3.155;4.62;22.9;21.48;22.43
48;3.157;4.62;22.9;21.48;22.53
49;3.157;4.62;22.8;21.48;23.66
50;3.156;4.62;22.9;21.68;22.43
51;3.157;4.62;22.9;21.58;22.53
52;3.157;4.62;22.9;21.58;22.53
53;3.157;4.62;22.9;21.58;22.53
54;3.16;4.62;22.9;21.58;22.53
55;3.161;4.62;22.9;21.68;22.53
56;3.161;4.62;22.8;21.68;22.64
57;3.159;4.62;22.9;21.68;22.64
58;3.158;4.62;22.9;21.68;22.64
59;3.157;4.62;22.9;21.89;22.64
60;3.157;4.62;22.9;21.78;22.74
61;3.157;4.62;22.9;21.78;22.74
62;3.157;4.62;22.8;21.89;22.74
63;3.158;4.62;22.9;21.78;22.53
64;3.159;4.62;22.9;21.99;22.84
65;3.159;4.62;22.8;21.89;22.84
66;3.16;4.62;22.9;21.89;22.74
67;3.16;4.62;22.8;21.89;22.84
68;3.159;4.62;22.9;21.99;22.84
69;3.158;4.62;22.9;21.99;22.84
70;3.16;4.62;22.9;21.99;23.04
71;3.16;4.62;22.8;21.99;23.04
72;3.159;4.62;22.9;21.99;23.15
73;3.163;4.62;22.9;22.09;23.04
74;3.162;4.62;22.9;22.09;23.04
75;3.16;4.62;22.9;22.09;23.04
76;3.161;4.62;22.9;22.09;23.25
77;3.161;4.62;22.9;22.29;23.15
78;3.16;4.62;22.9;22.19;23.15
79;3.161;4.62;22.9;22.09;23.15
80;3.161;4.62;22.8;22.19;23.15
81;3.16;4.62;22.8;22.19;23.15
82;3.159;4.62;22.8;22.29;23.25
83;3.16;4.62;22.8;22.29;23.15
84;3.159;4.62;22.8;22.29;23.25
85;3.16;4.62;22.9;22.29;23.35
86;3.16;4.62;22.9;22.19;23.35
87;3.159;4.62;22.8;22.49;23.45
88;3.158;4.62;22.9;22.29;23.35
89;3.158;4.62;22.9;22.39;23.45
90;3.159;4.62;22.8;22.49;23.45
91;3.158;4.62;22.9;22.6;23.35
92;3.159;4.62;22.9;22.49;23.56
93;3.159;4.62;22.8;22.49;23.56
94;3.158;4.62;22.8;22.6;23.56
95;3.158;4.62;22.8;22.6;23.56
96;3.158;4.62;22.9;22.6;23.56
97;3.158;4.62;23.0;22.7;23.66
98;3.158;4.62;22.9;22.7;23.66
99;3.158;4.62;22.8;22.6;23.45
100;3.158;4.62;22.8;22.7;23.76
101;3.158;4.62;22.8;22.8;23.86
102;3.158;4.62;22.8;22.7;23.76
103;3.158;4.62;22.9;22.8;23.76
104;3.158;4.62;22.8;22.9;23.76
105;3.157;4.62;22.9;22.8;23.86
106;3.156;4.62;22.8;22.9;23.86
107;3.156;4.62;22.9;22.9;23.86
108;3.157;4.62;22.8;23.41;23.97
109;3.157;4.62;22.8;22.8;23.76
110;3.155;4.62;22.8;22.9;24.07
111;3.154;4.62;22.8;23.0;23.97
112;3.155;4.62;22.8;23.0;23.97
113;3.155;4.62;22.8;23.0;24.17
114;3.156;4.62;22.8;23.0;24.07
115;3.157;4.62;22.8;23.0;23.97
116;3.155;4.62;22.8;23.1;24.07
117;3.155;4.62;22.9;23.1;24.17
118;3.155;4.62;22.8;23.1;23.97
119;3.153;4.62;22.8;23.21;24.17
120;3.153;4.62;22.9;23.21;24.38
121;3.154;4.62;22.8;23.21;24.07
122;3.152;4.62;22.8;23.21;24.28
123;3.152;4.62;22.8;23.21;24.28
124;3.151;4.62;22.8;23.31;24.17
125;3.154;4.62;22.9;23.31;24.38
126;3.153;4.62;22.9;23.31;24.48
127;3.151;4.62;22.9;23.41;24.38
128;3.151;4.62;22.8;23.41;24.38
129;3.152;4.62;22.9;23.41;24.38
130;3.151;4.62;22.9;23.41;24.48
131;3.151;4.62;22.9;23.41;24.17
132;3.152;4.62;22.9;23.0;24.48
133;3.15;4.62;22.9;23.41;24.38
134;3.149;4.62;22.9;23.82;24.59
135;3.15;4.62;22.9;23.51;24.59
136;3.15;4.62;22.9;23.61;24.59
137;3.151;4.62;22.9;23.51;24.48
138;3.152;4.62;22.9;23.61;24.59
139;3.149;4.62;22.9;23.51;24.59
140;3.149;4.62;22.9;23.61;24.69
141;3.149;4.62;22.8;23.61;24.9
142;3.147;4.62;22.9;23.72;24.69
143;3.146;4.62;22.9;23.72;24.79
144;3.145;4.62;22.9;23.72;24.79
145;3.146;4.62;22.9;23.92;24.79
146;3.145;4.62;22.8;23.82;24.79
147;3.148;4.62;22.9;23.72;25.0
148;3.149;4.62;22.9;23.82;24.9
149;3.144;4.62;22.9;23.82;24.9
150;3.142;4.62;22.9;23.92;24.9
151;3.142;4.62;22.8;23.92;25.0
152;3.142;4.62;22.9;23.92;25.0
153;3.14;4.62;22.9;24.02;25.1
154;3.141;4.62;22.9;23.92;25.1
155;3.142;4.62;22.9;24.02;25.0
156;3.141;4.62;22.9;24.13;25.1
157;3.139;4.62;22.9;24.13;25.1
158;3.139;4.62;22.9;24.13;25.21
159;3.137;4.62;22.9;24.02;25.31
160;3.135;4.62;22.9;24.13;25.21
161;3.14;4.62;22.9;23.61;25.31
162;3.142;4.62;22.7;24.13;25.21
163;3.143;4.62;22.9;24.23;25.21
164;3.143;4.62;22.8;24.23;25.31
165;3.142;4.62;22.8;24.33;25.31
166;3.138;4.62;22.8;24.33;25.31
167;3.137;4.62;22.8;24.33;25.31
168;3.137;4.62;22.9;24.33;25.31
169;3.138;4.62;22.8;24.43;25.42
170;3.138;4.62;22.9;24.33;25.42
171;3.138;4.62;22.8;24.33;25.52
172;3.141;4.62;22.9;24.33;25.52
173;3.141;4.62;22.8;24.43;25.52
174;3.139;4.62;22.8;24.54;25.52
175;3.137;4.62;22.9;24.64;25.52
176;3.138;4.62;22.8;24.64;25.21
177;3.137;4.62;22.9;24.54;25.63
178;3.138;4.62;22.8;24.54;25.63
179;3.137;4.62;22.8;24.54;25.63
180;3.134;4.62;22.8;24.54;25.73
181;3.136;4.62;22.8;24.74;25.63
182;3.136;4.62;22.8;24.64;25.63
183;3.138;4.62;22.6;24.85;25.73
184;3.138;4.62;22.8;24.74;25.84
185;3.139;4.62;22.8;24.74;25.73
186;3.136;4.62;22.8;24.74;25.84
187;3.138;4.62;22.8;24.85;25.84
188;3.135;4.62;22.8;24.85;25.84
189;3.133;4.62;22.8;24.85;25.73
190;3.133;4.62;22.8;24.74;25.94
191;3.133;4.62;22.8;24.85;25.84
192;3.132;4.62;22.8;24.95;26.15
193;3.131;4.62;22.8;24.74;26.04
194;3.131;4.62;22.8;24.95;25.94
195;3.13;4.62;22.8;24.95;26.04
196;3.127;4.62;22.8;25.05;26.04
197;3.127;4.62;22.8;24.95;25.94
198;3.138;4.62;22.8;25.05;26.04
199;3.141;4.62;22.8;25.15;26.15
200;3.139;4.62;22.8;25.15;26.36
201;3.138;4.62;22.8;25.15;27.21
202;3.139;4.62;22.8;25.15;26.36
203;3.139;4.62;22.8;25.15;26.15
204;3.14;4.62;22.8;25.15;26.15
205;3.139;4.62;22.9;25.26;26.26
206;3.142;4.62;22.9;25.26;26.26
207;3.145;4.62;22.8;25.26;26.26
208;3.147;4.62;22.9;25.15;27.21
209;3.143;4.62;22.9;25.46;26.36
210;3.142;4.62;22.9;25.36;26.15
211;3.141;4.62;22.9;25.36;26.47
212;3.141;4.62;22.9;25.36;26.36
213;3.142;4.62;22.9;25.36;26.36
214;3.141;4.62;22.9;25.36;26.57
215;3.141;4.62;22.9;25.36;26.36
216;3.141;4.62;22.9;25.46;26.36
217;3.143;4.62;22.9;25.46;27.31
218;3.141;4.62;22.9;25.46;26.57
219;3.143;4.62;22.8;25.57;26.36
220;3.143;4.62;22.9;25.57;26.57
221;3.142;4.62;23.0;25.57;26.57
222;3.138;4.62;22.9;25.57;26.78
223;3.138;4.62;22.9;25.67;26.57
224;3.138;4.62;22.9;25.67;26.68
225;3.138;4.62;22.9;25.67;25.63
226;3.138;4.62;22.8;25.88;26.89
227;3.135;4.62;22.9;25.67;26.68
228;3.136;4.62;22.9;25.78;26.68
229;3.134;4.62;22.9;25.78;26.68
230;3.136;4.62;22.9;25.78;26.78
231;3.136;4.62;22.9;25.78;26.78
232;3.133;4.62;22.9;25.78;26.89
233;3.133;4.62;22.9;25.88;26.78
234;3.134;4.62;22.9;26.29;26.36
235;3.133;4.62;22.9;25.88;26.78
236;3.135;4.62;23.0;25.88;26.89
237;3.133;4.62;22.9;25.88;26.89
238;3.132;4.62;22.9;25.88;27.31
239;3.131;4.62;22.9;25.88;26.89
240;3.132;4.62;22.9;25.98;27.0
241;3.131;4.62;22.9;25.98;27.1
242;3.131;4.62;22.9;25.98;26.78
243;3.132;4.62;22.9;26.09;27.0
244;3.13;4.62;22.9;25.98;26.89
245;3.13;4.62;22.9;26.09;27.0
246;3.131;4.62;22.9;26.09;27.1
247;3.133;4.62;22.9;26.19;27.1
248;3.131;4.62;22.9;26.09;27.0
249;3.13;4.62;22.9;26.29;27.1
250;3.13;4.62;22.9;26.19;27.1
251;3.13;4.62;22.9;26.29;27.21
252;3.13;4.62;22.9;26.92;27.21
253;3.129;4.62;22.9;26.61;27.42
254;3.129;4.62;22.9;26.19;27.21
255;3.128;4.62;22.9;26.29;27.31
256;3.131;4.62;22.8;26.4;27.21
257;3.131;4.62;22.8;26.29;27.74
258;3.131;4.62;22.8;26.4;27.42
259;3.132;4.62;22.8;26.29;27.21
260;3.131;4.62;22.8;26.4;27.53
261;3.131;4.62;22.9;26.4;27.42
262;3.131;4.62;22.9;26.4;27.31
263;3.13;4.62;22.8;26.4;27.42
264;3.13;4.62;22.8;26.5;27.42
265;3.13;4.62;22.8;26.61;27.1
266;3.128;4.62;22.8;26.71;27.42
267;3.128;4.62;22.8;26.5;27.42
268;3.13;4.62;22.8;26.4;27.85
269;3.128;4.62;22.8;26.5;27.42
270;3.126;4.62;22.8;26.5;27.42
271;3.127;4.62;22.8;26.61;27.53
272;3.128;4.62;22.8;26.61;27.53
273;3.128;4.62;22.8;26.61;27.53
274;3.127;4.62;22.8;26.5;27.31
275;3.127;4.62;22.8;26.61;27.53
276;3.127;4.62;22.8;26.61;27.53
277;3.127;4.62;22.8;26.71;27.53
278;3.126;4.62;22.8;26.71;27.53
279;3.129;4.62;22.8;26.82;27.64
280;3.129;4.62;22.8;26.71;27.64
281;3.128;4.62;22.8;26.71;27.64
282;3.127;4.62;22.8;26.61;27.64
283;3.127;4.62;22.7;26.82;27.53
284;3.127;4.62;22.8;26.71;27.64
285;3.129;4.62;22.8;26.82;27.74
286;3.129;4.62;22.8;26.82;27.96
287;3.131;4.62;22.8;26.82;27.64
288;3.129;4.62;22.7;26.82;27.64
289;3.129;4.62;22.7;26.82;27.74
290;3.127;4.62;22.7;26.92;27.96
291;3.128;4.62;22.7;26.92;27.74
292;3.129;4.62;22.7;26.92;27.74
293;3.128;4.62;22.7;26.92;27.85
294;3.127;4.62;22.7;26.92;27.74
295;3.127;4.62;22.7;26.92;27.74
296;3.126;4.62;22.7;27.02;27.74
297;3.125;4.62;22.7;27.02;27.85
298;3.125;4.62;22.8;27.02;28.06
299;3.129;4.62;22.7;27.02;28.28
300;3.128;4.62;22.7;27.02;27.85
301;3.126;4.62;22.7;27.02;27.85
302;3.126;4.62;22.7;27.13;27.85
303;3.125;4.62;22.7;27.23;27.96
304;3.125;4.62;22.7;27.02;27.96
305;3.125;4.62;22.7;27.13;27.96
306;3.128;4.62;22.7;27.13;27.96
307;3.128;4.62;22.7;27.13;28.06
308;3.129;4.62;22.7;27.55;27.96
309;3.128;4.62;22.7;27.23;28.06
310;3.127;4.62;22.7;27.23;28.06
311;3.128;4.62;22.7;27.23;28.06
312;3.128;4.62;22.7;27.23;28.17
313;3.127;4.62;22.7;26.4;28.17
314;3.127;4.62;22.7;27.34;28.06
315;3.126;4.62;22.6;27.34;28.17
316;3.126;4.62;22.7;27.34;28.17
317;3.126;4.62;22.7;27.44;28.39
318;3.126;4.62;22.7;27.34;28.17
319;3.124;4.62;22.6;27.23;28.39
320;3.127;4.62;22.6;27.34;28.28
321;3.127;4.62;22.6;27.34;28.06
322;3.127;4.62;22.7;27.44;28.28
323;3.129;4.62;22.6;27.44;28.28
324;3.13;4.62;22.6;27.44;28.39
325;3.133;4.62;22.6;27.44;28.28
326;3.131;4.62;22.6;27.44;28.39
327;3.131;4.62;22.6;27.44;28.17
328;3.131;4.62;22.6;27.44;28.39
329;3.135;4.62;22.6;27.55;28.39
330;3.134;4.62;22.6;27.65;28.39
331;3.133;4.62;22.6;27.55;28.39
332;3.133;4.62;22.6;27.55;28.5
333;3.137;4.62;22.6;27.55;28.39
334;3.138;4.62;22.6;27.02;27.85
335;3.14;4.62;22.6;27.76;28.5
336;3.144;4.62;22.6;27.65;28.5
337;3.144;4.62;22.6;27.65;28.5
338;3.148;4.62;22.6;27.65;28.71
339;3.153;4.62;22.6;27.76;28.6
340;3.159;4.62;22.6;27.65;28.5
341;3.167;4.62;22.7;27.76;28.71
342;3.17;4.62;22.6;27.76;28.39
343;3.171;4.62;22.7;27.76;28.6
344;3.172;4.62;22.49;27.97;28.6
345;3.173;4.62;22.6;27.76;28.39
346;3.173;4.62;22.6;27.86;28.6
347;3.173;4.62;22.6;27.76;28.71
348;3.173;4.62;22.49;27.86;27.85
349;3.172;4.62;22.6;27.86;28.71
350;3.172;4.62;22.6;27.86;28.06
351;3.172;4.62;22.6;27.86;28.82
352;3.172;4.62;22.6;27.97;28.82
353;3.171;4.62;22.6;27.86;28.71
354;3.171;4.62;22.6;27.97;28.71
355;3.17;4.62;22.6;27.97;28.71
356;3.17;4.62;22.6;27.97;28.82
357;3.17;4.62;22.8;27.97;29.04
358;3.17;4.62;22.49;27.97;28.82
359;3.171;4.62;22.6;27.97;28.82
360;3.169;4.62;22.6;28.08;28.6
361;3.169;4.62;22.49;27.97;28.71
362;3.169;4.62;22.6;27.97;28.6
363;3.168;4.62;22.6;27.97;29.26
364;3.168;4.62;22.6;28.08;28.93
365;3.168;4.62;22.6;28.08;28.82
366;3.168;4.62;22.6;28.18;28.93
367;3.167;4.62;22.6;28.18;28.93
368;3.166;4.62;22.49;28.08;29.04
369;3.166;4.62;22.49;28.18;28.93
370;3.166;4.62;22.49;28.18;28.93
371;3.166;4.62;22.6;28.18;28.93
372;3.166;4.62;22.6;28.18;28.93
373;3.166;4.62;22.49;28.18;29.04
374;3.166;4.62;22.49;28.29;28.93
375;3.166;4.62;22.49;28.29;29.04
376;3.165;4.62;22.8;28.18;28.93
377;3.165;4.62;22.49;28.29;29.04
378;3.165;4.62;22.49;28.29;29.04
379;3.165;4.62;22.49;28.29;29.04
380;3.165;4.62;22.49;28.29;29.04
381;3.164;4.62;22.49;28.39;29.15
382;3.164;4.62;22.49;28.39;29.15
383;3.163;4.62;22.49;28.29;29.15
384;3.164;4.62;22.49;28.39;29.15
385;3.163;4.62;22.49;28.39;29.15
386;3.163;4.62;22.7;28.29;29.47
387;3.162;4.62;22.49;28.39;29.47
388;3.162;4.62;22.49;28.5;29.15
389;3.162;4.62;22.49;28.5;29.26
390;3.162;4.62;22.49;28.39;29.15
391;3.161;4.62;22.49;28.39;29.26
392;3.161;4.62;22.49;28.5;28.71
393;3.16;4.62;22.49;28.39;29.26
394;3.16;4.62;22.49;28.5;29.26
395;3.16;4.62;22.49;28.6;29.37
396;3.159;4.62;22.49;28.5;29.47
397;3.159;4.62;22.49;28.6;29.37
398;3.159;4.62;22.49;28.6;29.69
399;3.159;4.62;22.49;28.71;29.15
400;3.158;4.62;22.49;28.6;29.37
401;3.158;4.62;22.49;28.82;30.02
402;3.157;4.62;22.49;28.71;29.58
403;3.157;4.62;22.39;29.56;29.47
404;3.157;4.62;22.39;28.6;29.47
405;3.156;4.62;22.49;28.71;29.47
406;3.156;4.62;22.39;28.71;29.47
407;3.156;4.62;22.39;28.71;29.47
408;3.155;4.62;22.39;28.82;29.69
409;3.155;4.62;22.39;28.71;30.58
410;3.155;4.62;22.39;28.71;29.58
411;3.155;4.62;22.39;28.92;29.58
412;3.155;4.62;22.39;28.71;29.69
413;3.154;4.62;22.39;28.82;29.58
414;3.153;4.62;22.39;28.82;29.58
415;3.153;4.62;22.39;28.82;29.58
416;3.153;4.62;22.39;28.71;29.58
417;3.153;4.62;22.39;28.82;29.69
418;3.153;4.62;22.49;28.92;29.69
419;3.152;4.62;22.39;28.92;29.69
420;3.152;4.62;22.39;28.92;29.69
421;3.152;4.62;22.39;28.92;29.69
422;3.152;4.62;22.39;28.92;29.69
423;3.151;4.62;22.39;28.92;29.69
424;3.151;4.62;22.39;28.92;29.8
425;3.15;4.62;22.39;28.92;29.8
426;3.15;4.62;22.39;28.92;29.69
427;3.15;4.62;22.39;29.03;29.8
428;3.15;4.62;22.39;28.82;29.47
429;3.149;4.62;22.39;29.03;29.8
430;3.149;4.62;22.39;29.03;29.91
431;3.149;4.62;22.39;29.03;31.36
432;3.149;4.62;22.49;29.14;29.8
433;3.148;4.62;22.39;29.03;29.8
434;3.148;4.62;22.49;29.03;29.47
435;3.147;4.62;22.6;29.03;29.91
436;3.147;4.62;22.39;29.14;29.91
437;3.147;4.62;22.39;29.14;30.02
438;3.146;4.62;22.39;29.14;29.91
439;3.146;4.62;22.39;29.14;29.91
440;3.146;4.62;22.39;29.24;29.8
441;3.145;4.62;22.39;29.14;30.02
442;3.145;4.62;22.29;29.24;30.24
443;3.144;4.62;22.39;29.14;30.02
444;3.144;4.62;22.39;29.14;28.71
445;3.144;4.62;22.49;29.24;30.13
446;3.143;4.62;22.39;29.24;30.02
447;3.143;4.62;22.39;29.24;30.02
448;3.143;4.62;22.39;29.24;30.02
449;3.142;4.62;22.39;29.24;30.13
450;3.143;4.62;22.39;29.14;30.02
451;3.142;4.62;22.39;29.35;30.13
452;3.142;4.62;22.39;29.35;30.13
453;3.141;4.62;22.39;29.35;30.02
454;3.14;4.62;22.39;29.35;30.13
455;3.14;4.62;22.39;29.35;30.13
456;3.139;4.62;22.39;29.35;30.13
457;3.139;4.62;22.39;29.35;30.24
458;3.138;4.62;22.39;29.35;30.13
459;3.138;4.62;22.39;29.46;30.24
460;3.138;4.62;22.39;29.46;30.24
461;3.137;4.62;22.49;29.56;30.24
462;3.137;4.62;22.39;29.46;30.24
463;3.136;4.62;22.39;29.46;30.24
464;3.136;4.62;22.39;29.46;30.24
465;3.136;4.62;22.39;29.46;30.24
466;3.135;4.62;22.39;29.46;30.24
467;3.134;4.62;22.39;29.46;30.47
468;3.134;4.62;22.39;29.46;30.36
469;3.134;4.62;22.39;29.56;30.36
470;3.133;4.62;22.39;29.56;30.13
471;3.133;4.62;22.39;29.56;30.13
472;3.133;4.62;22.39;29.56;30.36
473;3.133;4.62;22.39;29.56;30.36
474;3.132;4.62;22.49;29.56;30.36
475;3.132;4.62;22.39;29.67;30.36
476;3.132;4.62;22.39;29.56;30.36
477;3.131;4.62;22.39;29.56;30.36
478;3.131;4.62;22.39;29.67;30.47
479;3.131;4.62;22.39;29.67;30.36
480;3.13;4.62;22.39;29.67;30.36
481;3.13;4.62;22.39;29.67;30.36
482;3.129;4.62;22.39;29.67;30.47
483;3.13;4.62;22.39;29.67;30.58
484;3.129;4.62;22.39;29.67;30.47
485;3.129;4.62;22.39;29.56;30.47
486;3.129;4.62;22.39;29.67;30.91
487;3.129;4.62;22.39;29.78;30.58
488;3.128;4.62;22.39;29.88;30.58
489;3.128;4.62;22.39;29.78;30.47
490;3.127;4.62;22.49;29.78;30.47
491;3.127;4.62;22.39;29.88;30.47
492;3.126;4.62;22.39;29.78;30.47
493;3.126;4.62;22.39;29.99;30.24
494;3.125;4.62;22.39;29.99;30.69
495;3.125;4.62;22.39;29.88;30.58
496;3.124;4.62;22.39;29.88;30.58
497;3.124;4.62;22.39;29.88;30.58
498;3.123;4.62;22.39;29.88;30.58
499;3.123;4.62;22.39;29.88;30.69
500;3.123;4.62;22.39;29.78;30.91
501;3.122;4.62;22.39;29.78;30.69
502;3.122;4.62;22.39;29.88;30.58
503;3.121;4.62;22.39;29.78;30.91
504;3.121;4.62;22.39;29.99;30.8
505;3.121;4.62;22.39;29.99;30.58
506;3.12;4.62;22.39;29.88;30.69
507;3.119;4.62;22.39;30.1;30.8
508;3.119;4.62;22.29;29.99;30.69
509;3.119;4.62;22.49;29.99;30.8
510;3.118;4.62;22.39;30.1;30.91
511;3.118;4.62;22.39;30.21;30.69
512;3.118;4.62;22.39;30.1;30.69
513;3.118;4.62;22.39;30.21;31.13
514;3.117;4.62;22.39;30.1;30.8
515;3.117;4.62;22.29;30.32;31.02
516;3.116;4.62;22.39;29.99;30.8
517;3.116;4.62;22.39;30.1;30.8
518;3.115;4.62;22.39;30.1;30.69
519;3.115;4.62;22.39;30.1;30.8
520;3.115;4.62;22.39;30.21;30.91
521;3.114;4.62;22.39;29.78;30.91
522;3.114;4.62;22.29;30.1;31.02
523;3.114;4.62;22.39;30.21;30.8
524;3.113;4.62;22.39;30.21;30.91
525;3.113;4.62;22.39;30.1;30.91
526;3.112;4.62;22.29;30.1;30.8
527;3.112;4.62;22.39;30.21;30.91
528;3.111;4.62;22.39;30.32;30.91
529;3.111;4.62;22.39;30.21;30.91
530;3.11;4.62;22.29;30.32;31.02
531;3.11;4.62;22.39;30.21;31.02
532;3.11;4.62;22.39;30.32;31.02
533;3.109;4.62;22.29;30.21;30.91
534;3.109;4.62;22.39;30.21;31.02
535;3.108;4.62;22.39;30.32;31.02
536;3.108;4.62;22.29;30.42;31.02
537;3.108;4.62;22.39;30.32;31.02
538;3.107;4.62;22.39;30.42;31.02
539;3.107;4.62;22.39;30.32;31.02
540;3.107;4.62;22.29;30.32;32.83
541;3.106;4.62;22.29;30.32;31.25
542;3.106;4.62;22.29;30.32;31.36
543;3.106;4.62;22.29;30.42;30.91
544;3.105;4.62;22.29;30.42;30.91
545;3.105;4.62;22.29;30.42;31.13
546;3.104;4.62;22.39;30.42;31.13
547;3.104;4.62;22.29;30.42;31.36
548;3.103;4.62;22.29;30.42;31.13
549;3.103;4.62;22.29;30.1;30.91
550;3.102;4.62;22.29;30.42;31.25
551;3.102;4.62;22.39;30.53;31.13
552;3.102;4.62;22.29;30.42;31.25
553;3.101;4.62;22.29;30.64;31.36
554;3.101;4.62;22.29;30.42;31.13
555;3.101;4.62;22.39;30.86;31.13
556;3.1;4.62;22.39;30.53;31.47
557;3.1;4.62;22.39;30.42;31.47
558;3.099;4.62;22.39;30.53;31.25
559;3.099;4.62;22.39;30.53;31.25
560;3.099;4.62;22.39;30.53;31.36
561;3.099;4.62;22.39;30.64;31.36
562;3.098;4.62;22.39;30.64;31.47
563;3.098;4.62;22.29;30.53;31.36
564;3.098;4.62;22.39;30.64;31.36
565;3.098;4.62;22.39;30.75;31.36
566;3.097;4.62;22.39;30.64;31.36
567;3.096;4.62;22.29;30.64;31.36
568;3.096;4.62;22.29;30.53;31.36
569;3.096;4.62;22.39;30.64;31.36
570;3.096;4.62;22.39;30.64;31.36
571;3.095;4.62;22.39;30.64;31.36
572;3.095;4.62;22.39;30.53;31.7
573;3.095;4.62;22.29;30.64;31.47
574;3.094;4.62;22.39;30.64;31.25
575;3.094;4.62;22.39;30.64;30.8
576;3.093;4.62;22.29;30.64;31.25
577;3.093;4.62;22.29;30.75;31.47
578;3.093;4.62;22.39;30.75;31.36
579;3.093;4.62;22.29;30.86;32.04
580;3.093;4.62;22.29;30.86;31.47
581;3.092;4.62;22.29;30.75;31.47
582;3.091;4.62;22.39;30.86;31.47
583;3.091;4.62;22.29;30.86;31.7
584;3.091;4.62;22.39;30.86;31.58
585;3.09;4.62;22.29;30.86;31.58
586;3.09;4.62;22.39;30.86;31.58
587;3.09;4.62;22.29;30.96;31.58
588;3.089;4.62;22.29;30.96;31.58
589;3.089;4.62;22.29;30.86;31.58
590;3.089;4.62;22.29;30.86;31.7
591;3.088;4.62;22.29;30.86;31.58
592;3.088;4.62;22.29;30.96;31.7
593;3.087;4.62;22.39;30.96;31.7
594;3.087;4.62;22.29;30.96;31.58
595;3.087;4.62;22.39;30.96;31.7
596;3.086;4.62;22.29;30.96;31.47
597;3.086;4.62;22.29;30.96;31.81
598;3.086;4.62;22.29;31.07;31.92
599;3.085;4.62;22.29;30.96;31.7
600;3.085;4.62;22.19;30.96;31.7
601;3.084;4.62;22.29;30.96;31.81
602;3.084;4.62;22.29;31.07;31.58
603;3.084;4.62;22.29;31.07;31.81
604;3.083;4.62;22.29;31.07;31.81
605;3.083;4.62;22.29;31.07;31.81
606;3.082;4.62;22.29;31.07;31.81
607;3.082;4.62;22.29;31.07;31.81
608;3.082;4.62;22.29;31.07;31.81
609;3.081;4.62;22.29;31.18;31.81
610;3.081;4.62;22.29;31.18;31.92
611;3.081;4.62;22.29;31.18;31.81
612;3.081;4.62;22.29;31.18;31.81
613;3.081;4.62;22.29;31.07;31.81
614;3.08;4.62;22.29;31.07;31.81
615;3.08;4.62;22.29;31.29;31.92
616;3.08;4.62;22.29;31.29;31.92
617;3.079;4.62;22.29;31.18;31.92
618;3.079;4.62;22.29;31.84;31.92
619;3.079;4.62;22.29;31.29;31.81
620;3.078;4.62;22.29;31.29;32.04
621;3.078;4.62;22.29;31.18;32.04
622;3.078;4.62;22.29;31.18;31.92
623;3.077;4.62;22.29;31.18;32.04
624;3.077;4.62;22.29;31.29;31.92
625;3.078;4.62;22.29;31.29;31.81
626;3.078;4.62;22.29;31.29;32.04
627;3.078;4.62;22.29;31.4;32.04
628;3.078;4.62;22.29;31.29;32.04
629;3.078;4.62;22.29;31.29;32.04
630;3.078;4.62;22.29;31.29;32.04
631;3.078;4.62;22.29;31.29;32.15
632;3.078;4.62;22.29;31.29;32.04
633;3.078;4.62;22.29;31.29;32.04
634;3.078;4.62;22.29;31.4;32.04
635;3.078;4.62;22.29;31.4;32.04
636;3.078;4.62;22.29;31.4;32.15
637;3.078;4.62;22.29;31.29;32.04
638;3.077;4.62;22.29;31.4;32.04
639;3.076;4.62;22.29;31.4;32.26
640;3.076;4.62;22.29;31.51;32.04
641;3.076;4.62;22.29;31.4;32.26
642;3.076;4.62;22.29;31.51;32.15
643;3.075;4.62;22.19;31.4;32.15
644;3.075;4.62;22.19;31.62;32.38
645;3.074;4.62;22.29;31.51;32.15
646;3.074;4.62;22.19;31.29;32.15
647;3.073;4.62;22.29;31.51;32.15
648;3.072;4.62;22.29;31.51;32.15
649;3.072;4.62;22.29;31.51;32.26
650;3.071;4.62;22.49;31.62;32.26
651;3.071;4.62;22.29;31.62;32.26
652;3.07;4.62;22.29;31.51;32.38
653;3.07;4.62;22.29;31.51;32.26
654;3.07;4.62;22.39;31.51;32.26
655;3.07;4.62;22.29;31.4;32.15
656;3.069;4.62;22.29;31.51;32.26
657;3.069;4.62;22.29;31.51;32.49
658;3.069;4.62;22.29;31.73;32.26
659;3.068;4.62;22.29;31.62;32.49
660;3.068;4.62;22.29;31.73;32.26
661;3.067;4.62;22.29;31.51;32.26
662;3.067;4.62;22.29;31.73;32.38
663;3.066;4.62;22.29;31.62;32.38
664;3.066;4.62;22.29;31.62;32.38
665;3.066;4.62;22.29;31.62;32.38
666;3.066;4.62;22.29;31.73;32.38
667;3.065;4.62;22.29;31.62;32.26
668;3.065;4.62;22.29;31.84;32.38
669;3.065;4.62;22.39;31.73;32.49
670;3.064;4.62;22.29;31.62;32.38
671;3.064;4.62;22.29;31.84;32.38
672;3.064;4.62;22.29;31.73;32.61
673;3.063;4.62;22.29;31.73;32.38
674;3.063;4.62;22.29;31.73;32.49
675;3.062;4.62;22.29;31.73;32.38
676;3.062;4.62;22.29;31.84;32.38
677;3.061;4.62;22.29;31.73;32.49
678;3.061;4.62;22.29;31.73;32.38
679;3.061;4.62;22.29;31.84;32.49
680;3.06;4.62;22.29;31.84;32.26
681;3.06;4.62;22.29;31.73;32.38
682;3.06;4.62;22.29;31.84;32.49
683;3.059;4.62;22.29;31.84;32.38
684;3.059;4.62;22.29;31.84;32.49
685;3.059;4.62;22.29;31.95;32.61
686;3.058;4.62;22.29;31.95;32.95
687;3.059;4.62;22.29;31.95;32.49
688;3.057;4.62;22.19;31.84;32.49
689;3.055;4.62;22.29;31.84;32.49
690;3.054;4.62;22.29;31.95;32.49
691;3.053;4.62;22.29;31.95;32.61
692;3.053;4.62;22.19;31.95;32.38
693;3.052;4.62;22.29;31.95;32.38
694;3.051;4.62;22.29;31.95;32.61
695;3.051;4.62;22.19;31.84;32.83
696;3.05;4.62;22.29;31.95;32.61
697;3.05;4.62;22.29;31.95;32.61
698;3.049;4.62;22.19;31.95;32.61
699;3.049;4.62;22.29;31.95;32.61
700;3.048;4.62;22.29;31.73;32.61
701;3.048;4.62;22.29;31.95;32.61
702;3.048;4.62;22.29;31.95;32.72
703;3.047;4.62;22.29;32.17;32.61
704;3.047;4.62;22.29;31.84;32.61
705;3.046;4.62;22.29;32.06;32.49
706;3.046;4.62;22.29;31.95;32.61
707;3.046;4.62;22.29;31.95;32.72
708;3.045;4.62;22.29;32.06;32.61
709;3.044;4.62;22.29;32.06;32.72
710;3.044;4.62;22.29;32.06;32.61
711;3.043;4.62;22.29;32.06;32.04
712;3.043;4.62;22.19;32.06;32.72
713;3.043;4.62;22.19;31.84;32.72
714;3.043;4.62;22.19;32.06;32.61
715;3.043;4.62;22.29;32.06;32.72
716;3.042;4.62;22.19;32.06;32.72
717;3.042;4.62;22.19;32.06;32.72
718;3.041;4.62;22.19;32.06;32.72
719;3.041;4.62;22.19;32.06;32.72
720;3.041;4.62;22.19;32.06;32.72
721;3.04;4.62;22.19;32.17;32.72
722;3.04;4.62;22.29;32.06;32.61
723;3.039;4.62;22.29;32.17;32.72
724;3.039;4.62;22.29;32.17;32.72
725;3.038;4.62;22.29;32.17;32.72
726;3.038;4.62;22.19;32.17;32.72
727;3.038;4.62;22.29;32.17;32.72
728;3.037;4.62;22.29;32.17;32.83
729;3.037;4.62;22.29;32.28;32.95
730;3.036;4.62;22.29;32.17;32.72
731;3.036;4.62;22.29;32.28;32.72
732;3.036;4.62;22.19;32.17;32.72
733;3.035;4.62;22.19;32.28;32.95
734;3.035;4.62;22.29;32.17;32.95
735;3.034;4.62;22.19;32.17;32.95
736;3.034;4.62;22.19;32.28;32.15
737;3.033;4.62;22.19;32.28;32.95
738;3.033;4.62;22.29;32.28;32.83
739;3.033;4.62;22.19;32.17;32.83
740;3.032;4.62;22.19;32.28;32.83
741;3.032;4.62;22.19;32.39;32.95
742;3.031;4.62;22.19;32.28;32.83
743;3.031;4.62;22.19;32.28;32.95
744;3.031;4.62;22.09;32.28;33.06
745;3.031;4.62;22.39;32.28;32.83
746;3.031;4.62;22.19;32.72;32.95
747;3.03;4.62;22.19;32.39;33.18
748;3.03;4.62;22.19;32.61;32.72
749;3.03;4.62;22.19;32.5;32.95
750;3.029;4.62;22.19;32.39;32.83
751;3.028;4.62;22.19;32.28;32.95
752;3.028;4.62;22.19;32.39;33.06
753;3.028;4.62;22.19;32.39;33.06
754;3.028;4.62;22.19;32.39;33.06
755;3.028;4.62;22.19;32.28;32.83
756;3.027;4.62;22.19;32.5;33.18
757;3.027;4.62;22.19;32.39;33.06
758;3.027;4.62;22.29;32.39;33.18
759;3.027;4.62;22.19;32.28;33.06
760;3.027;4.62;22.29;32.5;32.95
761;3.026;4.62;22.19;32.39;33.18
762;3.026;4.62;22.19;32.5;33.18
763;3.026;4.62;22.19;32.61;33.06
764;3.026;4.62;22.19;32.5;33.06
765;3.025;4.62;22.19;32.5;33.06
766;3.024;4.62;22.19;32.5;33.18
767;3.024;4.62;22.19;32.5;33.18
768;3.024;4.62;22.19;32.5;33.06
769;3.024;4.62;22.19;32.5;33.06
770;3.023;4.62;22.19;32.5;33.18
771;3.023;4.62;22.19;32.61;33.18
772;3.022;4.62;22.19;32.5;33.29
773;3.022;4.62;22.19;32.61;33.29
774;3.021;4.62;22.19;32.72;33.18
775;3.021;4.62;22.19;32.61;33.18
776;3.021;4.62;22.19;32.61;33.18
777;3.02;4.62;22.19;32.61;33.18
778;3.02;4.62;22.19;32.61;33.29
779;3.019;4.62;22.19;32.61;33.29
780;3.018;4.62;22.19;32.61;33.18
781;3.018;4.62;22.19;32.72;33.53
782;3.017;4.62;22.19;32.72;33.29
783;3.017;4.62;22.19;32.72;33.29
784;3.017;4.62;22.29;32.61;33.29
785;3.016;4.62;22.19;32.72;33.29
786;3.016;4.62;22.19;32.61;33.29
787;3.016;4.62;22.19;32.83;33.41
788;3.015;4.62;22.19;32.72;33.29
789;3.015;4.62;22.19;32.61;33.29
790;3.015;4.62;22.19;32.72;33.29
791;3.014;4.62;22.19;32.72;33.29
792;3.014;4.62;22.19;32.72;33.29
793;3.013;4.62;22.29;32.72;33.41
794;3.013;4.62;22.19;32.72;33.29
795;3.013;4.62;22.19;32.72;33.41
796;3.013;4.62;22.19;32.72;33.29
797;3.011;4.62;22.19;32.83;33.41
798;3.011;4.62;22.29;32.83;33.18
799;3.011;4.62;22.19;32.83;33.41
800;3.01;4.62;22.19;32.83;33.18
801;3.01;4.62;22.19;33.27;33.53
802;3.01;4.62;22.19;32.83;33.53
803;3.01;4.62;22.19;32.83;33.76
804;3.009;4.62;22.19;32.83;33.41
805;3.009;4.62;22.19;32.94;33.41
806;3.009;4.62;22.19;32.83;33.41
807;3.008;4.62;22.19;32.72;33.41
808;3.008;4.62;22.19;32.94;33.29
809;3.008;4.62;22.29;32.83;33.41
810;3.007;4.62;22.19;32.83;33.06
811;3.007;4.62;22.19;32.83;33.41
812;3.006;4.62;22.19;32.94;33.41
813;3.006;4.62;22.19;32.83;33.53
814;3.005;4.62;22.29;33.05;33.64
815;3.005;4.62;22.19;32.83;33.53
816;3.005;4.62;22.19;33.05;33.41
817;3.004;4.62;22.19;32.94;33.64
818;3.004;4.62;22.19;32.94;33.41
819;3.004;4.62;22.19;33.05;33.41
820;3.004;4.62;22.19;33.05;33.29
821;3.003;4.62;22.19;33.05;33.41
822;3.003;4.62;22.19;32.94;33.53
823;3.002;4.62;22.29;33.05;33.41
824;3.002;4.62;22.19;32.94;33.53
825;3.002;4.62;22.19;32.94;33.41
826;3.001;4.62;22.19;32.94;33.53
827;3.001;4.62;22.19;33.05;33.53
828;3.001;4.62;22.19;33.05;33.76
829;3.0;4.62;22.19;33.16;33.53
830;3.001;4.62;22.19;33.05;33.53
831;3.0;4.62;22.19;33.05;33.53
832;3.0;4.62;22.19;33.16;33.53
833;2.999;4.62;22.19;32.94;32.72
834;2.998;4.62;22.19;33.05;33.64
835;2.997;4.62;22.19;33.05;33.64
836;2.997;4.62;22.19;33.05;33.64
837;2.998;4.62;22.19;33.05;33.87
838;2.997;4.62;22.19;33.16;33.64
839;2.997;4.62;22.19;33.05;33.76
840;2.997;4.62;22.19;33.05;33.53
841;2.997;4.62;22.29;32.83;33.64
842;2.996;4.62;22.19;33.05;33.87
843;2.996;4.62;22.19;34.28;34.11
844;2.995;4.62;22.19;33.27;33.76
845;2.995;4.62;22.19;33.16;33.76
846;2.994;4.62;22.19;33.16;33.76
847;2.994;4.62;22.6;33.16;32.49
848;2.993;4.62;22.19;33.16;33.87
849;2.993;4.62;22.19;33.38;33.64
850;2.992;4.62;22.19;33.16;33.53
851;2.992;4.62;22.19;33.16;33.53
852;2.992;4.62;22.19;33.27;33.76
853;2.991;4.62;22.19;33.16;33.76
854;2.991;4.62;22.19;33.27;33.76
855;2.991;4.62;22.29;33.16;33.99
856;2.99;4.62;22.29;33.27;33.87
857;2.99;4.62;22.19;33.27;33.87
858;2.989;4.62;22.19;33.27;33.87
859;2.989;4.62;22.19;33.27;33.87
860;2.988;4.62;22.19;33.27;33.87
861;2.988;4.62;22.19;33.27;33.87
862;2.988;4.62;22.19;33.27;33.87
863;2.987;4.62;22.19;33.16;33.99
864;2.988;4.62;22.19;33.38;33.99
865;2.987;4.62;22.19;33.27;33.87
866;2.986;4.62;22.19;33.38;33.87
867;2.986;4.62;22.19;33.38;33.99
868;2.985;4.62;22.19;33.38;33.87
869;2.985;4.62;22.19;33.38;33.87
870;2.984;4.62;22.19;33.38;33.87
871;2.984;4.62;22.19;33.38;33.87
872;2.984;4.62;22.19;33.38;34.81
873;2.983;4.62;22.19;33.5;33.87
874;2.983;4.62;22.19;33.94;33.87
875;2.983;4.62;22.19;33.5;33.87
876;2.983;4.62;22.19;33.61;33.99
877;2.982;4.62;22.19;33.38;33.99
878;2.982;4.62;22.29;33.38;33.99
879;2.982;4.62;22.19;33.5;33.99
880;2.981;4.62;22.19;33.38;34.23
881;2.981;4.62;22.29;33.27;33.99
882;2.981;4.62;22.19;33.5;34.11
883;2.98;4.62;22.19;33.72;34.23
884;2.98;4.62;22.19;33.61;33.76
885;2.98;4.62;22.19;33.5;33.99
886;2.979;4.62;22.19;33.5;35.29
887;2.979;4.62;22.19;33.61;33.99
888;2.979;4.62;22.19;33.61;33.99
889;2.978;4.62;22.19;33.5;33.99
890;2.978;4.62;22.29;33.38;33.99
891;2.978;4.62;22.19;33.5;33.99
892;2.977;4.62;22.19;33.72;33.99
893;2.977;4.62;22.19;33.5;34.11
894;2.976;4.62;22.29;33.5;34.11
895;2.976;4.62;22.19;33.5;34.11
896;2.975;4.62;22.19;33.61;33.99
897;2.975;4.62;22.19;33.61;33.76
898;2.975;4.62;22.19;33.61;34.11
899;2.974;4.62;22.19;33.5;34.11
900;2.974;4.62;22.19;33.61;34.11
901;2.974;4.62;22.29;33.61;34.11
902;2.973;4.62;22.19;33.61;34.11
903;2.973;4.62;22.19;33.61;34.11
904;2.973;4.62;22.19;33.5;34.23
905;2.972;4.62;22.19;33.72;34.11
906;2.971;4.62;22.19;33.61;34.11
907;2.97;4.62;22.19;33.61;34.11
908;2.97;4.62;22.19;33.72;34.46
909;2.969;4.62;22.19;33.72;34.34
910;2.968;4.62;22.19;33.72;34.23
911;2.968;4.62;22.19;33.72;34.11
912;2.968;4.62;22.19;33.5;34.11
913;2.967;4.62;22.19;33.72;34.34
914;2.967;4.62;22.29;33.72;34.11
915;2.966;4.62;22.19;33.83;33.99
916;2.966;4.62;22.19;33.61;34.11
917;2.965;4.62;22.19;33.61;34.11
918;2.965;4.62;22.19;33.83;34.23
919;2.964;4.62;22.19;33.72;34.23
920;2.964;4.62;22.19;33.72;34.23
921;2.964;4.62;22.19;33.72;34.23
922;2.963;4.62;22.19;33.72;34.23
923;2.963;4.62;22.19;33.72;34.23
924;2.963;4.62;22.19;33.83;33.99
925;2.962;4.62;22.19;33.83;34.23
926;2.962;4.62;22.19;33.72;34.46
927;2.961;4.62;22.29;33.83;34.34
928;2.961;4.62;22.19;33.83;34.34
929;2.961;4.62;22.19;33.94;34.58
930;2.96;4.62;22.19;33.72;34.23
931;2.96;4.62;22.19;33.83;34.34
932;2.959;4.62;22.19;33.83;34.34
933;2.959;4.62;22.19;33.83;34.34
934;2.959;4.62;22.19;33.83;34.58
935;2.959;4.62;22.19;33.83;34.34
936;2.958;4.62;22.19;33.94;34.34
937;2.958;4.62;22.19;33.94;34.46
938;2.958;4.62;22.19;33.94;34.46
939;2.957;4.62;22.19;33.83;35.05
940;2.957;4.62;22.19;33.94;34.46
941;2.956;4.62;22.19;33.83;34.7
942;2.956;4.62;22.19;34.17;34.34
943;2.956;4.62;22.19;33.94;34.46
944;2.955;4.62;22.19;33.94;34.34
945;2.955;4.62;22.19;33.94;34.46
946;2.954;4.62;22.29;33.94;34.34
947;2.953;4.62;22.19;33.94;34.46
948;2.953;4.62;22.19;33.94;34.46
949;2.952;4.62;22.19;33.94;34.46
950;2.952;4.62;22.19;34.06;34.23
951;2.952;4.62;22.19;34.06;34.46
952;2.951;4.62;22.19;33.94;34.46
953;2.951;4.62;22.29;34.06;34.46
954;2.951;4.62;22.19;34.06;34.46
955;2.95;4.62;22.19;34.06;34.46
956;2.95;4.62;22.19;34.06;34.46
957;2.95;4.62;22.19;34.06;34.46
958;2.949;4.62;22.19;34.17;34.23
959;2.948;4.62;22.29;33.72;34.46
960;2.948;4.62;22.19;34.17;34.46
961;2.947;4.62;22.19;34.06;34.34
962;2.947;4.62;22.19;34.4;34.46
963;2.947;4.62;22.19;34.06;34.46
964;2.946;4.62;22.19;34.62;34.34
965;2.946;4.62;22.19;34.06;34.58
966;2.946;4.62;22.09;34.17;34.7
967;2.945;4.62;22.29;34.17;33.29
968;2.945;4.62;22.19;34.17;34.7
969;2.944;4.62;22.19;34.06;36.01
970;2.944;4.62;22.29;34.17;34.58
971;2.943;4.62;22.19;34.17;34.7
972;2.943;4.62;22.19;34.17;34.58
973;2.943;4.62;22.19;34.06;34.7
974;2.943;4.62;22.19;34.17;34.58
975;2.943;4.62;22.19;34.62;34.81
976;2.943;4.62;22.19;34.17;34.58
977;2.942;4.62;22.19;34.4;34.46
978;2.941;4.62;22.19;34.17;34.58
979;2.94;4.62;22.19;34.28;35.29
980;2.94;4.62;22.19;34.17;34.7
981;2.939;4.62;22.19;34.17;34.7
982;2.939;4.62;22.19;34.17;34.58
983;2.938;4.62;22.19;34.17;34.7
984;2.938;4.62;22.19;34.17;34.58
985;2.937;4.62;22.19;34.17;34.7
986;2.937;4.62;22.19;34.28;34.7
987;2.937;4.62;22.19;34.28;34.7
988;2.936;4.62;22.19;34.17;34.7
989;2.936;4.62;22.19;34.28;34.7
990;2.936;4.62;22.19;34.28;34.7
991;2.935;4.62;22.19;34.28;34.7
992;2.935;4.62;22.19;34.28;34.81
993;2.935;4.62;22.19;34.28;34.7
994;2.934;4.62;22.19;34.28;34.7
995;2.934;4.62;22.19;34.17;34.7
996;2.934;4.62;22.19;34.28;34.81
997;2.933;4.62;22.19;34.28;34.81
998;2.933;4.62;22.19;34.28;34.81
999;2.933;4.62;22.19;34.4;34.7
1000;2.932;4.62;22.19;34.28;34.81
1001;2.931;4.62;22.19;34.17;34.81
1002;2.931;4.62;22.19;34.28;34.81
1003;2.93;4.62;22.19;34.28;34.58
1004;2.93;4.62;22.19;34.4;34.81
1005;2.93;4.62;22.19;34.4;34.81
1006;2.929;4.62;22.19;34.4;34.81
1007;2.929;4.62;22.19;34.4;35.17
1008;2.928;4.62;22.19;34.28;34.81
1009;2.928;4.62;22.19;34.06;34.81
1010;2.928;4.62;22.19;34.4;34.81
1011;2.927;4.62;22.19;34.4;33.53
1012;2.926;4.62;22.19;34.4;34.81
1013;2.926;4.62;22.19;34.4;34.81
1014;2.925;4.62;22.29;34.51;35.17
1015;2.925;4.62;22.19;34.4;34.7
1016;2.925;4.62;22.19;34.4;34.81
1017;2.924;4.62;22.19;34.51;34.93
1018;2.924;4.62;22.19;34.4;34.93
1019;2.924;4.62;22.29;34.51;34.7
1020;2.923;4.62;22.19;34.4;34.81
1021;2.923;4.62;22.19;34.51;34.81
1022;2.922;4.62;22.09;34.51;34.81
1023;2.922;4.62;22.19;34.51;34.7
1024;2.922;4.62;22.19;34.62;35.05
1025;2.922;4.62;22.19;34.4;34.81
1026;2.921;4.62;22.19;34.51;34.93
1027;2.921;4.62;22.19;34.51;34.93
1028;2.92;4.62;22.19;34.4;35.05
1029;2.92;4.62;22.09;34.17;34.81
1030;2.919;4.62;22.19;34.17;36.25
1031;2.919;4.62;22.19;34.62;34.93
1032;2.918;4.62;22.19;34.51;34.7
1033;2.918;4.62;22.19;34.62;34.93
1034;2.917;4.62;22.19;34.51;34.93
1035;2.917;4.62;22.19;34.51;34.93
1036;2.917;4.62;22.19;34.62;35.17
1037;2.916;4.62;22.19;34.62;35.05
1038;2.916;4.62;22.19;34.62;35.05
1039;2.916;4.62;22.09;34.62;35.29
1040;2.915;4.62;22.19;34.74;34.93
1041;2.915;4.62;22.19;34.62;35.05
1042;2.915;4.62;22.19;34.62;35.05
1043;2.914;4.62;22.19;34.62;35.17
1044;2.914;4.62;22.19;34.62;35.05
1045;2.913;4.62;22.19;34.51;35.05
1046;2.913;4.62;22.19;34.62;35.05
1047;2.912;4.62;22.09;34.62;35.17
1048;2.912;4.62;22.19;34.62;35.05
1049;2.912;4.62;22.19;34.62;35.05
1050;2.912;4.62;22.19;34.28;34.7
1051;2.911;4.62;22.19;34.62;35.05
1052;2.91;4.62;22.19;34.74;35.17
1053;2.91;4.62;22.19;34.62;35.05
1054;2.91;4.62;22.19;34.62;35.05
1055;2.91;4.62;22.19;34.51;34.93
1056;2.91;4.62;22.19;34.74;35.05
1057;2.909;4.62;22.19;34.74;35.17
1058;2.908;4.62;22.19;34.62;35.05
1059;2.908;4.62;22.19;34.74;34.93
1060;2.907;4.62;22.09;34.62;34.93
1061;2.906;4.62;22.19;34.74;35.05
1062;2.906;4.62;22.19;34.74;35.05
1063;2.906;4.62;22.19;34.74;35.05
1064;2.905;4.62;22.19;34.74;34.93
1065;2.905;4.62;22.19;34.74;35.05
1066;2.905;4.62;22.09;34.74;35.05
1067;2.904;4.62;22.09;34.74;35.05
1068;2.904;4.62;22.09;34.74;34.93
1069;2.903;4.62;22.09;34.85;34.93
1070;2.903;4.62;22.19;34.74;34.93
1071;2.902;4.62;22.09;34.96;34.7
1072;2.902;4.62;22.09;34.74;35.17
1073;2.901;4.62;22.19;34.74;34.93
1074;2.901;4.62;22.19;34.74;34.93
1075;2.901;4.62;22.09;34.74;34.93
1076;2.901;4.62;22.09;34.06;35.05
1077;2.9;4.62;22.09;34.74;34.81
1078;2.9;4.62;22.29;34.74;35.05
1079;2.899;4.62;22.09;34.74;35.05
1080;2.899;4.62;22.09;34.85;34.93
1081;2.899;4.62;22.09;34.85;34.93
1082;2.898;4.62;22.09;34.74;34.93
1083;2.898;4.62;22.09;34.85;35.05
1084;2.898;4.62;22.09;34.74;35.05
1085;2.897;4.62;22.09;34.74;34.23
1086;2.897;4.62;22.09;34.85;34.93
1087;2.897;4.62;22.19;34.85;34.93
1088;2.896;4.62;22.09;34.85;35.05
1089;2.896;4.62;22.09;34.85;35.17
1090;2.896;4.62;22.09;34.85;35.05
1091;2.895;4.62;22.09;34.85;35.05
1092;2.895;4.62;22.09;34.96;35.17
1093;2.894;4.62;22.09;34.85;35.05
1094;2.894;4.62;22.09;35.08;35.17
1095;2.894;4.62;22.09;34.85;35.17
1096;2.893;4.62;22.09;34.85;35.05
1097;2.893;4.62;22.09;34.85;35.17
1098;2.893;4.62;22.09;34.85;35.17
1099;2.893;4.62;22.09;34.85;35.29
1100;2.892;4.62;22.09;35.08;33.87
1101;2.892;4.62;22.09;34.85;35.17
1102;2.891;4.62;22.09;34.96;35.17
1103;2.891;4.62;22.09;34.96;34.93
1104;2.891;4.62;22.09;34.96;35.17
1105;2.89;4.62;21.99;34.96;35.17
1106;2.889;4.62;22.09;34.96;35.29
1107;2.888;4.62;22.09;34.96;35.17
1108;2.888;4.62;22.09;34.96;35.29
1109;2.887;4.62;22.09;34.96;35.17
1110;2.887;4.62;22.09;35.19;35.29
1111;2.887;4.62;22.09;35.08;35.29
1112;2.887;4.62;22.09;34.96;35.41
1113;2.886;4.62;22.09;34.96;35.29
1114;2.886;4.62;22.09;35.08;35.29
1115;2.885;4.62;22.19;34.96;35.05
1116;2.885;4.62;22.09;35.19;35.29
1117;2.885;4.62;22.09;35.08;35.29
1118;2.885;4.62;22.19;34.96;35.41
1119;2.884;4.62;22.19;35.08;35.29
1120;2.884;4.62;22.09;35.08;35.41
1121;2.883;4.62;22.09;34.96;35.41
1122;2.883;4.62;22.09;35.19;35.29
1123;2.883;4.62;22.09;35.08;35.41
1124;2.881;4.62;22.09;35.08;35.41
1125;2.881;4.62;22.09;35.19;35.65
1126;2.88;4.62;22.09;35.08;35.41
1127;2.88;4.62;22.09;35.08;35.17
1128;2.88;4.62;22.19;35.08;35.41
1129;2.879;4.62;22.09;35.08;35.41
1130;2.879;4.62;22.09;35.19;35.17
1131;2.879;4.62;22.09;35.08;35.41
1132;2.879;4.62;22.09;35.08;35.41
1133;2.878;4.62;21.99;34.96;34.7
1134;2.878;4.62;22.09;35.19;35.41
1135;2.877;4.62;22.09;35.08;35.41
1136;2.877;4.62;22.09;35.19;35.53
1137;2.877;4.62;22.09;35.19;35.41
1138;2.876;4.62;22.09;35.08;35.41
1139;2.876;4.62;22.09;35.19;35.29
1140;2.876;4.62;22.09;35.19;35.53
1141;2.875;4.62;22.09;35.3;35.41
1142;2.875;4.62;22.09;35.19;35.41
1143;2.875;4.62;22.09;35.53;35.53
1144;2.874;4.62;22.09;35.19;35.53
1145;2.874;4.62;22.09;35.19;35.65
1146;2.874;4.62;22.09;35.3;35.41
1147;2.873;4.62;22.09;35.19;35.41
1148;2.873;4.62;22.09;35.3;35.41
1149;2.872;4.62;22.09;35.19;35.53
1150;2.872;4.62;22.09;35.19;35.53
1151;2.871;4.62;22.09;35.08;35.53
1152;2.871;4.62;22.09;35.19;35.53
1153;2.871;4.62;22.09;35.3;35.53
1154;2.871;4.62;22.09;35.3;35.29
1155;2.87;4.62;22.09;35.08;35.05
1156;2.869;4.62;22.09;35.3;35.53
1157;2.869;4.62;22.09;35.3;35.53
1158;2.869;4.62;22.09;35.42;35.89
1159;2.869;4.62;22.09;35.88;35.53
1160;2.868;4.62;22.09;35.3;35.53
1161;2.868;4.62;22.09;35.3;35.65
1162;2.868;4.62;22.09;35.3;35.65
1163;2.867;4.62;22.09;36.22;35.53
1164;2.868;4.62;22.09;35.3;35.65
1165;2.867;4.62;22.09;35.3;35.53
1166;2.866;4.62;22.09;35.3;35.89
1167;2.865;4.62;22.09;35.3;35.65
1168;2.865;4.62;22.09;35.3;35.65
1169;2.864;4.62;22.09;35.42;35.65
1170;2.864;4.62;22.09;35.3;35.65
1171;2.864;4.62;22.09;35.3;35.65
1172;2.864;4.62;22.09;35.42;35.53
1173;2.863;4.62;22.09;35.3;35.53
1174;2.862;4.62;22.09;35.3;35.89
1175;2.862;4.62;22.09;35.08;35.65
1176;2.861;4.62;22.09;35.42;35.77
1177;2.861;4.62;22.09;35.42;35.65
1178;2.86;4.62;22.09;35.42;35.77
1179;2.86;4.62;22.09;35.65;36.61
1180;2.86;4.62;22.09;35.53;35.77
1181;2.859;4.62;22.09;35.42;35.89
1182;2.859;4.62;22.09;35.42;35.65
1183;2.859;4.62;21.99;35.53;35.89
1184;2.858;4.62;22.09;35.42;35.65
1185;2.857;4.62;22.09;35.42;35.77
1186;2.857;4.62;22.09;35.53;36.01
1187;2.857;4.62;22.09;35.42;35.77
1188;2.857;4.62;22.09;35.53;35.53
1189;2.856;4.62;22.19;35.42;35.89
1190;2.855;4.62;22.09;35.42;35.77
1191;2.855;4.62;22.09;35.42;35.41
1192;2.855;4.62;22.09;35.42;35.65
1193;2.854;4.62;22.09;35.42;35.65
1194;2.854;4.62;22.09;35.53;35.77
1195;2.854;4.62;22.09;35.3;35.89
1196;2.853;4.62;22.19;35.42;35.65
1197;2.853;4.62;22.09;35.53;35.77
1198;2.853;4.62;22.09;35.53;35.65
1199;2.852;4.62;22.09;35.53;35.77
1200;2.852;4.62;22.09;35.53;35.65
1201;2.852;4.62;22.09;35.76;35.89
1202;2.851;4.62;22.09;35.53;35.77
1203;2.851;4.62;22.09;35.53;35.77
1204;2.851;4.62;22.09;35.53;35.77
1205;2.85;4.62;22.09;35.53;35.77
1206;2.85;4.62;22.09;35.53;35.77
1207;2.85;4.62;22.19;35.53;35.77
1208;2.849;4.62;22.09;35.53;36.01
1209;2.849;4.62;22.19;35.53;35.77
1210;2.849;4.62;22.09;35.65;35.77
1211;2.849;4.62;22.09;35.65;35.89
1212;2.848;4.62;22.09;35.53;35.65
1213;2.848;4.62;22.09;35.53;35.89
1214;2.848;4.62;22.09;35.65;35.89
1215;2.847;4.62;22.09;35.65;35.77
1216;2.847;4.62;22.09;35.65;36.13
1217;2.846;4.62;22.09;35.65;35.89
1218;2.847;4.62;22.09;35.53;35.89
1219;2.846;4.62;22.09;35.65;36.01
1220;2.846;4.62;22.09;35.65;35.89
1221;2.845;4.62;22.09;35.65;36.01
1222;2.845;4.62;22.09;35.65;35.89
1223;2.845;4.62;22.09;35.65;35.89
1224;2.844;4.62;22.09;35.99;35.89
1225;2.844;4.62;22.09;35.65;35.89
1226;2.843;4.62;22.09;35.76;35.89
1227;2.843;4.62;22.09;35.76;35.89
1228;2.843;4.62;22.09;35.65;35.89
1229;2.843;4.62;22.09;35.65;36.01
1230;2.843;4.62;22.09;35.76;35.89
1231;2.842;4.62;22.09;35.76;35.89
1232;2.841;4.62;22.09;35.65;35.89
1233;2.841;4.62;22.09;35.76;35.89
1234;2.841;4.62;21.99;35.88;36.01
1235;2.841;4.62;22.09;35.76;35.89
1236;2.84;4.62;22.09;35.76;36.01
1237;2.839;4.62;22.09;35.76;36.01
1238;2.839;4.62;22.19;35.76;35.89
1239;2.838;4.62;22.09;35.76;35.41
1240;2.838;4.62;22.09;36.69;35.89
1241;2.837;4.62;22.09;35.76;35.89
1242;2.837;4.62;22.09;35.88;35.89
1243;2.837;4.62;22.09;35.76;35.89
1244;2.836;4.62;22.09;35.76;37.72
1245;2.836;4.62;22.09;35.65;35.89
1246;2.835;4.62;22.09;35.76;36.01
1247;2.835;4.62;22.09;35.76;35.89
1248;2.835;4.62;22.09;35.76;36.01
1249;2.834;4.62;22.09;35.76;36.01
1250;2.834;4.62;22.09;35.76;36.01
1251;2.834;4.62;22.09;35.99;36.25
1252;2.834;4.62;22.09;35.76;36.01
1253;2.834;4.62;22.09;35.88;36.01
1254;2.833;4.62;22.09;35.76;36.13
1255;2.833;4.62;22.09;35.76;36.01
1256;2.832;4.62;22.09;36.34;36.01
1257;2.832;4.62;22.09;35.88;36.01
1258;2.832;4.62;21.89;35.88;35.17
1259;2.831;4.62;22.09;35.76;36.01
1260;2.83;4.62;22.09;35.88;36.25
1261;2.83;4.62;22.09;35.65;36.37
1262;2.83;4.62;22.09;35.88;36.13
1263;2.829;4.62;22.09;35.88;36.13
1264;2.829;4.62;22.09;35.88;36.13
1265;2.829;4.62;22.09;35.88;36.13
1266;2.829;4.62;22.09;35.88;36.13
1267;2.828;4.62;22.09;35.88;36.25
1268;2.828;4.62;22.19;35.88;36.13
1269;2.827;4.62;22.09;35.88;36.13
1270;2.827;4.62;22.09;35.88;36.25
1271;2.825;4.62;22.09;35.88;36.01
1272;2.825;4.62;22.09;35.99;36.13
1273;2.825;4.62;22.09;35.99;36.01
1274;2.825;4.62;22.09;35.88;36.13
1275;2.825;4.62;22.19;35.76;36.13
1276;2.825;4.62;22.19;35.99;36.13
1277;2.824;4.62;22.09;35.88;36.01
1278;2.823;4.62;22.09;35.99;36.13
1279;2.823;4.62;22.09;35.99;36.25
1280;2.822;4.62;22.09;35.99;36.25
1281;2.822;4.62;22.09;35.99;36.13
1282;2.822;4.62;22.09;35.99;36.25
1283;2.821;4.62;22.09;35.99;36.25
1284;2.821;4.62;22.09;35.99;36.25
1285;2.82;4.62;22.09;35.99;36.01
1286;2.82;4.62;22.09;35.99;36.25
1287;2.819;4.62;22.09;35.99;36.13
1288;2.819;4.62;22.19;35.99;36.01
1289;2.819;4.62;22.09;35.76;36.25
1290;2.819;4.62;22.09;36.11;36.25
1291;2.818;4.62;22.09;35.88;36.25
1292;2.818;4.62;22.09;35.99;36.25
1293;2.818;4.62;22.09;36.11;36.13
1294;2.817;4.62;22.09;36.11;35.89
1295;2.817;4.62;22.09;36.11;36.25
1296;2.817;4.62;22.09;36.11;35.89
1297;2.817;4.62;22.09;36.11;36.25
1298;2.817;4.62;22.09;36.22;36.13
1299;2.817;4.62;22.09;36.22;36.25
1300;2.816;4.62;22.09;36.11;35.77
1301;2.815;4.62;22.09;36.11;36.25
1302;2.816;4.62;22.09;36.11;36.25
1303;2.815;4.62;22.09;36.11;36.01
1304;2.814;4.62;22.09;36.11;36.13
1305;2.814;4.62;22.09;36.11;36.25
1306;2.814;4.62;22.09;36.11;36.25
1307;2.813;4.62;22.09;36.22;36.25
1308;2.813;4.62;22.09;36.34;36.25
1309;2.813;4.62;22.09;36.46;36.25
1310;2.812;4.62;22.19;36.11;36.25
1311;2.812;4.62;22.19;36.11;36.25
1312;2.812;4.62;22.09;36.11;36.37
1313;2.811;4.62;22.09;36.22;36.61
1314;2.811;4.62;22.09;36.22;36.25
1315;2.811;4.62;22.09;36.11;36.37
1316;2.81;4.62;22.09;36.11;36.25
1317;2.81;4.62;22.09;36.22;36.25
1318;2.81;4.62;22.09;36.34;36.37
1319;2.81;4.62;22.09;36.22;36.25
1320;2.81;4.62;22.09;36.22;36.37
1321;2.809;4.62;22.09;36.34;36.25
1322;2.809;4.62;22.09;36.11;36.37
1323;2.809;4.62;22.09;36.22;36.37
1324;2.809;4.62;22.09;36.22;36.49
1325;2.808;4.62;22.09;36.22;36.37
1326;2.808;4.62;22.09;36.22;36.49
1327;2.808;4.62;22.09;36.22;36.37
1328;2.808;4.62;22.09;36.22;36.37
1329;2.807;4.62;22.09;36.34;36.37
1330;2.806;4.62;22.09;36.22;36.37
1331;2.805;4.62;22.09;36.22;36.37
1332;2.806;4.62;22.09;36.22;36.37
1333;2.806;4.62;22.19;36.11;36.49
1334;2.804;4.62;22.09;36.22;36.37
1335;2.803;4.62;22.09;36.22;36.49
1336;2.804;4.62;22.09;36.22;36.37
1337;2.804;4.62;22.09;36.22;36.49
1338;2.803;4.62;22.09;36.22;36.25
1339;2.803;4.62;22.09;36.22;36.37
1340;2.802;4.62;22.09;36.34;36.49
1341;2.802;4.62;22.09;36.34;36.49
1342;2.802;4.62;22.09;36.34;36.37
1343;2.802;4.62;22.09;36.34;36.49
1344;2.801;4.62;22.09;36.11;36.37
1345;2.8;4.62;22.09;36.34;36.49
1346;2.8;4.62;22.09;36.34;36.61
1347;2.799;4.62;22.09;36.34;36.49
1348;2.799;4.62;22.09;36.46;36.74
1349;2.799;4.62;22.39;36.57;36.49
1350;2.798;4.62;22.09;36.34;36.61
1351;2.797;4.62;22.09;36.34;36.61
1352;2.797;4.62;22.09;36.46;36.01
1353;2.797;4.62;22.19;36.46;36.49
1354;2.796;4.62;22.09;36.34;36.49
1355;2.796;4.62;22.09;36.34;36.61
1356;2.796;4.62;22.09;36.34;36.61
1357;2.795;4.62;22.09;36.34;36.61
1358;2.795;4.62;22.09;36.34;36.61
1359;2.795;4.62;22.09;36.34;36.61
1360;2.794;4.62;22.09;36.34;36.61
1361;2.794;4.62;22.09;36.34;36.61
1362;2.794;4.62;21.99;36.46;36.74
1363;2.793;4.62;22.09;36.46;36.49
1364;2.793;4.62;22.09;36.46;36.61
1365;2.793;4.62;22.09;36.34;36.61
1366;2.792;4.62;22.09;36.34;36.61
1367;2.792;4.62;22.09;36.34;36.61
1368;2.791;4.62;22.09;36.34;36.74
1369;2.791;4.62;22.09;36.46;36.49
1370;2.791;4.62;22.09;36.34;36.61
1371;2.791;4.62;22.09;36.46;36.74
1372;2.791;4.62;22.09;36.57;36.86
1373;2.79;4.62;22.09;36.46;36.61
1374;2.79;4.62;22.09;36.22;36.61
1375;2.79;4.62;22.09;36.46;36.61
1376;2.789;4.62;22.09;36.46;36.61
1377;2.789;4.62;22.09;36.46;36.61
1378;2.788;4.62;22.09;36.46;36.61
1379;2.788;4.62;22.09;36.46;36.61
1380;2.787;4.62;22.09;36.46;36.61
1381;2.787;4.62;22.09;36.46;36.61
1382;2.787;4.62;22.09;36.46;36.49
1383;2.787;4.62;22.19;36.46;36.61
1384;2.786;4.62;22.09;36.34;36.37
1385;2.786;4.62;22.09;36.46;36.61
1386;2.786;4.62;22.09;36.46;36.61
1387;2.786;4.62;22.09;36.46;36.61
1388;2.786;4.62;22.09;36.46;36.61
1389;2.786;4.62;22.09;36.46;36.74
1390;2.784;4.62;22.09;36.57;36.61
1391;2.784;4.62;22.09;36.57;36.74
1392;2.784;4.62;22.09;36.46;36.25
1393;2.784;4.62;22.09;36.69;36.74
1394;2.783;4.62;22.09;36.57;36.74
1395;2.783;4.62;22.09;36.46;36.74
1396;2.783;4.62;22.09;36.46;36.74
1397;2.782;4.62;22.09;36.46;36.74
1398;2.782;4.62;22.09;36.69;36.61
1399;2.782;4.62;22.09;36.57;36.86
1400;2.782;4.62;22.09;36.57;36.74
1401;2.781;4.62;22.09;36.57;36.86
1402;2.781;4.62;22.09;36.57;36.98
1403;2.781;4.62;22.09;36.46;36.86
1404;2.781;4.62;22.09;36.22;36.74
1405;2.78;4.62;22.09;36.57;36.74
1406;2.78;4.62;22.09;36.46;36.98
1407;2.779;4.62;22.09;36.57;36.86
1408;2.779;4.62;22.19;36.57;36.74
1409;2.778;4.62;22.09;36.57;36.37
1410;2.778;4.62;22.09;36.69;36.74
1411;2.778;4.62;22.19;36.57;36.86
1412;2.779;4.62;22.09;36.69;36.86
1413;2.778;4.62;22.09;36.57;36.74
1414;2.777;4.62;22.09;36.57;36.86
1415;2.777;4.62;22.09;36.69;37.1
1416;2.777;4.62;22.09;36.69;36.86
1417;2.777;4.62;22.09;36.69;36.86
1418;2.776;4.62;22.09;36.69;36.86
1419;2.776;4.62;22.09;36.57;36.74
1420;2.776;4.62;22.09;36.69;36.74
1421;2.775;4.62;22.09;36.57;36.74
1422;2.775;4.62;22.09;36.92;36.74
1423;2.775;4.62;22.09;36.69;36.98
1424;2.775;4.62;22.09;36.57;37.1
1425;2.774;4.62;22.09;36.69;36.74
1426;2.774;4.62;22.09;36.69;36.86
1427;2.773;4.62;22.49;36.69;36.98
1428;2.773;4.62;22.09;36.69;36.98
1429;2.773;4.62;21.99;36.69;36.86
1430;2.772;4.62;22.09;36.69;36.86
1431;2.772;4.62;22.09;36.69;36.74
1432;2.771;4.62;22.09;36.69;36.86
1433;2.771;4.62;22.09;36.69;36.86
1434;2.771;4.62;21.99;36.81;36.86
1435;2.77;4.62;22.09;36.57;37.1
1436;2.77;4.62;22.09;36.69;37.1
1437;2.77;4.62;22.09;37.16;36.86
1438;2.769;4.62;22.09;36.69;36.86
1439;2.769;4.62;22.09;36.81;36.74
1440;2.769;4.62;22.09;36.81;36.98
1441;2.769;4.62;22.09;36.69;38.85
1442;2.769;4.62;22.09;36.69;36.86
1443;2.768;4.62;22.09;36.69;36.86
1444;2.768;4.62;22.09;36.69;36.86
1445;2.768;4.62;21.99;36.92;36.86
1446;2.767;4.62;22.09;36.57;36.13
1447;2.767;4.62;22.09;36.81;36.86
1448;2.766;4.62;21.99;36.69;36.86
1449;2.766;4.62;21.99;36.81;36.61
1450;2.766;4.62;21.99;36.69;36.86
1451;2.766;4.62;21.99;36.81;36.86
1452;2.766;4.62;21.99;36.81;36.86
1453;2.766;4.62;21.99;36.69;36.86
1454;2.765;4.62;21.99;36.57;36.86
1455;2.765;4.62;21.99;36.81;36.86
1456;2.765;4.62;21.99;36.92;36.98
1457;2.764;4.62;21.99;36.81;36.86
1458;2.764;4.62;21.99;36.81;36.98
1459;2.764;4.62;22.19;36.69;36.98
1460;2.764;4.62;21.99;36.81;36.86
1461;2.764;4.62;21.99;36.69;37.23
1462;2.764;4.62;21.99;36.92;36.98
1463;2.764;4.62;21.99;36.81;36.98
1464;2.764;4.62;21.99;36.81;36.98
1465;2.763;4.62;21.99;36.81;36.98
1466;2.763;4.62;21.99;36.92;36.98
1467;2.763;4.62;21.99;36.92;36.86
1468;2.762;4.62;21.99;36.92;36.98
1469;2.762;4.62;21.99;36.92;36.98
1470;2.762;4.62;21.99;36.92;37.1
1471;2.761;4.62;21.99;36.81;37.1
1472;2.762;4.62;22.09;36.92;35.65
1473;2.761;4.62;21.99;36.92;37.1
1474;2.76;4.62;22.09;36.92;36.98
1475;2.76;4.62;21.99;36.92;36.98
1476;2.76;4.62;21.99;36.92;37.23
1477;2.759;4.62;21.99;36.92;37.1
1478;2.759;4.62;21.99;36.92;37.1
1479;2.76;4.62;21.99;36.92;36.98
1480;2.759;4.62;21.99;37.04;37.1
1481;2.759;4.62;21.99;36.92;37.1
1482;2.758;4.62;21.99;36.92;37.1
1483;2.757;4.62;22.09;36.69;37.1
1484;2.757;4.62;22.09;37.04;36.98
1485;2.757;4.62;22.09;37.04;37.23
1486;2.757;4.62;22.09;37.04;36.98
1487;2.757;4.62;22.09;37.27;36.86
1488;2.757;4.62;21.89;37.04;37.23
1489;2.757;4.62;21.99;36.92;36.98
1490;2.757;4.62;22.09;37.04;37.35
1491;2.756;4.62;22.09;37.04;37.23
1492;2.756;4.62;22.09;37.04;37.1
1493;2.755;4.62;22.09;37.04;37.1
1494;2.755;4.62;22.09;37.04;37.23
1495;2.754;4.62;22.09;37.04;37.1
1496;2.754;4.62;22.09;37.04;36.98
1497;2.754;4.62;22.09;37.04;37.6
1498;2.754;4.62;22.09;37.04;37.47
1499;2.753;4.62;21.99;37.04;37.1
1500;2.753;4.62;22.09;37.04;37.23
1501;2.753;4.62;22.09;37.04;37.23
1502;2.752;4.62;22.09;37.04;37.23
1503;2.752;4.62;22.09;37.04;37.35
1504;2.752;4.62;22.09;37.04;37.35
1505;2.752;4.62;22.19;37.04;37.23
1506;2.751;4.62;22.09;36.92;37.23
1507;2.751;4.62;22.09;37.04;37.1
1508;2.751;4.62;22.09;37.16;37.23
1509;2.75;4.62;22.09;37.16;37.23
1510;2.75;4.62;22.09;37.16;37.23
1511;2.749;4.62;22.09;37.04;37.23
1512;2.749;4.62;22.09;37.04;37.47
1513;2.748;4.62;22.09;37.04;37.23
1514;2.748;4.62;21.99;36.81;37.1
1515;2.748;4.62;22.09;37.16;37.35
1516;2.747;4.62;22.09;37.16;37.23
1517;2.747;4.62;21.99;37.16;37.23
1518;2.746;4.62;22.09;37.16;37.47
1519;2.746;4.62;21.99;37.16;37.35
1520;2.746;4.62;22.09;37.27;37.1
1521;2.745;4.62;21.99;37.16;37.35
1522;2.745;4.62;22.09;37.27;37.47
1523;2.744;4.62;21.99;37.04;38.09
1524;2.744;4.62;21.99;37.16;37.35
1525;2.744;4.62;21.99;37.16;37.35
1526;2.743;4.62;22.09;37.16;37.6
1527;2.743;4.62;21.99;37.27;37.35
1528;2.742;4.62;22.09;37.27;37.6
1529;2.742;4.62;21.99;37.16;37.35
1530;2.742;4.62;21.99;37.16;37.47
1531;2.741;4.62;21.99;37.27;37.35
1532;2.741;4.62;21.99;37.27;37.47
1533;2.741;4.62;22.09;37.27;37.47
1534;2.74;4.62;21.99;37.27;37.47
1535;2.74;4.62;21.99;37.16;37.72
1536;2.74;4.62;21.99;37.27;37.6
1537;2.739;4.62;21.99;37.27;37.47
1538;2.739;4.62;21.99;37.39;37.47
1539;2.739;4.62;21.89;37.27;37.23
1540;2.738;4.62;21.99;37.16;37.6
1541;2.738;4.62;22.09;37.27;37.35
1542;2.737;4.62;22.09;37.27;37.47
1543;2.737;4.62;21.99;37.39;37.47
1544;2.737;4.62;21.99;37.27;37.47
1545;2.737;4.62;21.99;37.16;37.47
1546;2.736;4.62;22.09;37.27;37.47
1547;2.737;4.62;22.09;37.27;37.47
1548;2.737;4.62;22.09;37.27;37.47
1549;2.737;4.62;21.99;37.16;37.35
1550;2.737;4.62;22.09;37.39;37.47
1551;2.736;4.62;22.09;37.27;37.47
1552;2.735;4.62;21.99;37.39;37.47
1553;2.734;4.62;21.78;36.81;37.6
1554;2.734;4.62;21.99;37.39;37.47
1555;2.733;4.62;21.99;37.27;37.72
1556;2.733;4.62;21.99;37.39;37.47
1557;2.732;4.62;21.99;37.39;37.47
1558;2.731;4.62;21.99;37.39;37.47
1559;2.731;4.62;21.99;37.39;37.47
1560;2.731;4.62;21.99;37.39;37.72
1561;2.73;4.62;21.99;37.51;37.47
1562;2.73;4.62;21.99;37.27;37.6
1563;2.729;4.62;21.99;37.39;37.6
1564;2.729;4.62;21.99;37.39;37.6
1565;2.729;4.62;21.99;37.39;37.72
1566;2.728;4.62;21.99;37.39;37.6
1567;2.728;4.62;21.99;37.39;37.6
1568;2.728;4.62;21.99;37.39;37.6
1569;2.727;4.62;21.99;37.39;37.72
1570;2.726;4.62;21.99;37.39;37.6
1571;2.726;4.62;21.99;37.51;37.72
1572;2.726;4.62;21.99;37.16;37.6
1573;2.726;4.62;21.99;37.39;37.72
1574;2.726;4.62;21.99;37.39;37.72
1575;2.726;4.62;21.99;37.39;37.6
1576;2.726;4.62;21.99;37.39;37.97
1577;2.726;4.62;21.99;37.51;37.72
1578;2.725;4.62;21.99;37.27;37.72
1579;2.725;4.62;21.99;37.27;37.47
1580;2.725;4.62;21.99;37.39;37.6
1581;2.725;4.62;21.99;37.51;37.72
1582;2.724;4.62;21.99;37.51;37.72
1583;2.724;4.62;21.99;37.51;37.72
1584;2.723;4.62;21.99;37.74;37.72
1585;2.723;4.62;21.99;37.51;37.97
1586;2.722;4.62;21.99;37.63;37.72
1587;2.722;4.62;21.89;37.63;37.72
1588;2.722;4.62;22.09;37.74;37.23
1589;2.722;4.62;21.99;37.51;37.47
1590;2.722;4.62;21.99;37.63;37.97
1591;2.721;4.62;21.99;37.63;37.84
1592;2.721;4.62;22.09;37.51;37.97
1593;2.721;4.62;21.99;37.63;37.72
1594;2.721;4.62;21.99;37.63;36.98
1595;2.72;4.62;21.99;37.63;37.97
1596;2.72;4.62;21.99;37.04;37.97
1597;2.72;4.62;21.99;37.63;37.84
1598;2.719;4.62;21.99;37.63;37.84
1599;2.719;4.62;21.99;37.63;37.84
1600;2.718;4.62;21.99;37.63;37.97
1601;2.718;4.62;21.99;37.63;37.84
1602;2.718;4.62;21.99;37.63;37.84
1603;2.717;4.62;21.99;37.74;37.72
1604;2.717;4.62;21.99;37.63;37.84
1605;2.717;4.62;21.99;37.63;37.84
1606;2.716;4.62;21.99;37.63;37.84
1607;2.716;4.62;21.99;37.63;37.72
1608;2.716;4.62;21.99;37.74;37.84
1609;2.715;4.62;21.99;37.63;37.84
1610;2.715;4.62;21.99;37.74;37.84
1611;2.715;4.62;21.99;37.86;37.97
1612;2.714;4.62;21.89;37.63;37.84
1613;2.714;4.62;21.99;37.74;37.84
1614;2.714;4.62;21.99;37.63;37.97
1615;2.713;4.62;21.99;37.74;37.84
1616;2.713;4.62;21.99;37.63;37.97
1617;2.713;4.62;22.09;37.74;37.84
1618;2.712;4.62;21.99;37.74;37.84
1619;2.713;4.62;21.99;37.74;37.72
1620;2.712;4.62;21.99;37.74;37.84
1621;2.712;4.62;21.99;37.74;37.97
1622;2.712;4.62;21.99;37.74;37.97
1623;2.712;4.62;21.99;37.63;37.97
1624;2.712;4.62;21.99;37.74;37.97
1625;2.712;4.62;21.99;37.74;37.97
1626;2.711;4.62;21.99;37.74;37.84
1627;2.713;4.62;21.99;37.74;37.84
1628;2.713;4.62;22.09;37.63;37.72
1629;2.712;4.62;21.99;37.74;38.34
1630;2.711;4.62;21.99;37.86;37.84
1631;2.711;4.62;21.99;37.86;37.97
1632;2.71;4.62;21.99;37.74;37.6
1633;2.71;4.62;21.99;37.74;37.72
1634;2.71;4.62;21.99;37.74;37.97
1635;2.71;4.62;21.99;37.74;37.97
1636;2.709;4.62;21.99;37.74;37.97
1637;2.709;4.62;21.99;37.86;37.97
1638;2.708;4.62;21.99;37.86;38.09
1639;2.708;4.62;21.99;37.74;37.84
1640;2.708;4.62;21.99;37.63;37.72
1641;2.708;4.62;21.99;37.74;37.6
1642;2.707;4.62;21.99;37.74;37.84
1643;2.707;4.62;21.99;37.74;37.97
1644;2.706;4.62;21.99;37.74;37.84
1645;2.706;4.62;21.99;37.74;37.84
1646;2.705;4.62;21.99;37.74;37.84
1647;2.705;4.62;21.99;37.74;37.84
1648;2.705;4.62;21.99;37.74;37.84
1649;2.704;4.62;21.99;37.86;37.97
1650;2.703;4.62;21.99;37.74;37.97
1651;2.703;4.62;21.99;37.74;37.84
1652;2.703;4.62;21.99;37.74;37.84
1653;2.702;4.62;21.99;37.86;37.84
1654;2.702;4.62;21.99;37.98;38.22
1655;2.702;4.62;21.99;37.74;37.97
1656;2.701;4.62;21.99;37.86;37.6
1657;2.701;4.62;21.99;37.86;37.84
1658;2.701;4.62;21.99;37.86;37.84
1659;2.701;4.62;21.99;37.86;37.84
1660;2.701;4.62;21.99;37.74;38.09
1661;2.701;4.62;21.99;37.86;37.72
1662;2.7;4.62;21.99;37.86;37.97
1663;2.699;4.62;21.99;37.86;37.97
1664;2.699;4.62;21.99;37.86;37.97
1665;2.699;4.62;21.99;37.86;38.98
1666;2.699;4.62;21.99;37.86;37.97
1667;2.698;4.62;21.99;37.86;38.22
1668;2.698;4.62;21.89;37.98;37.97
1669;2.697;4.62;21.99;37.74;38.34
1670;2.697;4.62;21.89;37.86;37.72
1671;2.697;4.62;21.99;37.86;37.97
1672;2.696;4.62;21.99;37.98;37.97
1673;2.696;4.62;21.99;37.86;37.97
1674;2.697;4.62;21.99;37.86;37.97
1675;2.697;4.62;21.99;37.86;37.97
1676;2.696;4.62;21.99;37.86;37.97
1677;2.696;4.62;21.99;37.86;37.97
1678;2.695;4.62;21.99;37.86;37.97
1679;2.695;4.62;21.99;37.86;38.09
1680;2.695;4.62;21.99;37.86;37.97
1681;2.694;4.62;21.99;37.86;37.97
1682;2.693;4.62;21.99;37.86;37.97
1683;2.693;4.62;21.99;37.86;37.84
1684;2.692;4.62;21.99;37.98;37.97
1685;2.692;4.62;21.99;38.1;37.97
1686;2.691;4.62;21.89;37.98;37.84
1687;2.69;4.62;21.99;37.98;38.09
1688;2.69;4.62;21.99;37.98;37.97
1689;2.69;4.62;21.99;37.98;38.22
1690;2.69;4.62;21.99;37.98;38.09
1691;2.689;4.62;21.99;37.98;37.97
1692;2.69;4.62;21.99;37.86;38.22
1693;2.689;4.62;21.99;37.98;38.09
1694;2.689;4.62;21.99;37.98;37.97
1695;2.689;4.62;21.99;37.86;37.97
1696;2.688;4.62;21.99;37.98;37.84
1697;2.687;4.62;21.99;37.98;38.09
1698;2.687;4.62;21.99;37.98;38.34
1699;2.687;4.62;21.99;37.98;38.09
1700;2.687;4.62;21.99;37.98;37.97
1701;2.686;4.62;21.99;37.98;37.97
1702;2.686;4.62;21.99;38.22;38.09
1703;2.685;4.62;21.99;38.1;37.84
1704;2.684;4.62;21.99;37.98;38.09
1705;2.684;4.62;21.99;38.1;38.09
1706;2.684;4.62;22.09;37.98;38.09
1707;2.684;4.62;21.99;37.98;38.09
1708;2.683;4.62;21.99;37.98;37.84
1709;2.683;4.62;21.99;38.1;38.09
1710;2.681;4.62;21.99;38.1;38.22
1711;2.681;4.62;21.99;37.98;38.09
1712;2.68;4.62;21.99;38.1;38.09
1713;2.68;4.62;21.99;38.1;38.09
1714;2.68;4.62;21.99;38.1;38.09
1715;2.679;4.62;21.99;38.1;38.22
1716;2.679;4.62;21.99;37.86;38.22
1717;2.679;4.62;21.99;38.1;38.22
1718;2.679;4.62;21.99;38.1;38.22
1719;2.678;4.62;21.99;38.1;38.09
1720;2.678;4.62;21.99;38.1;38.22
1721;2.677;4.62;22.09;38.1;38.09
1722;2.677;4.62;21.99;38.1;38.09
1723;2.677;4.62;21.99;38.1;38.09
1724;2.677;4.62;21.99;38.1;38.22
1725;2.676;4.62;21.99;38.1;38.22
1726;2.675;4.62;21.99;38.22;38.22
1727;2.675;4.62;21.99;38.34;38.22
1728;2.674;4.62;21.99;38.1;38.09
1729;2.675;4.62;21.99;38.22;38.22
1730;2.674;4.62;22.09;38.22;38.22
1731;2.673;4.62;22.09;38.1;38.22
1732;2.673;4.62;21.99;38.1;38.22
1733;2.673;4.62;22.19;38.1;38.22
1734;2.672;4.62;22.09;38.22;38.22
1735;2.671;4.62;21.99;38.22;38.22
1736;2.672;4.62;22.09;38.22;38.22
1737;2.671;4.62;21.99;38.22;38.6
1738;2.67;4.62;22.09;38.34;38.85
1739;2.67;4.62;21.99;38.22;38.22
1740;2.669;4.62;21.99;38.22;38.22
1741;2.669;4.62;22.09;38.22;38.22
1742;2.668;4.62;21.99;38.34;38.22
1743;2.668;4.62;22.09;38.22;37.97
1744;2.667;4.62;22.09;38.1;38.34
1745;2.667;4.62;21.99;38.22;38.22
1746;2.667;4.62;21.99;38.22;39.1
1747;2.666;4.62;22.09;38.22;38.22
1748;2.666;4.62;21.99;38.22;38.22
1749;2.665;4.62;21.99;38.22;38.34
1750;2.664;4.62;22.09;38.34;38.34
1751;2.664;4.62;22.09;38.22;38.22
1752;2.664;4.62;21.99;38.34;38.09
1753;2.663;4.62;22.09;38.34;38.22
1754;2.663;4.62;22.09;38.34;38.34
1755;2.663;4.62;22.09;38.22;38.22
1756;2.663;4.62;22.09;38.22;38.22
1757;2.663;4.62;22.09;38.34;38.34
1758;2.662;4.62;22.19;38.22;38.09
1759;2.662;4.62;22.09;38.22;38.22
1760;2.661;4.62;22.09;38.22;38.34
1761;2.662;4.62;22.09;38.22;38.22
1762;2.661;4.62;22.09;38.1;38.22
1763;2.662;4.62;22.09;38.22;38.34
1764;2.661;4.62;21.99;38.22;38.22
1765;2.66;4.62;21.99;38.1;38.34
1766;2.66;4.62;21.99;38.34;36.98
1767;2.659;4.62;22.09;38.34;38.34
1768;2.658;4.62;21.99;38.34;37.97
1769;2.659;4.62;21.99;38.34;38.22
1770;2.658;4.62;21.99;38.22;37.84
1771;2.658;4.62;21.99;37.98;38.09
1772;2.657;4.62;21.99;38.34;38.09
1773;2.657;4.62;21.99;38.34;38.22
1774;2.656;4.62;21.99;38.34;37.97
1775;2.656;4.62;21.99;38.34;37.97
1776;2.655;4.62;21.99;38.34;38.22
1777;2.655;4.62;21.99;38.34;38.22
1778;2.655;4.62;21.99;38.34;38.22
1779;2.654;4.62;21.99;38.34;38.22
1780;2.653;4.62;22.09;38.22;38.34
1781;2.653;4.62;21.99;37.98;38.22
1782;2.652;4.62;21.99;38.46;38.22
1783;2.652;4.62;21.99;38.7;38.22
1784;2.652;4.62;21.99;38.34;38.22
1785;2.651;4.62;21.99;38.34;38.22
1786;2.649;4.62;21.99;38.22;38.6
1787;2.65;4.62;21.99;38.34;38.22
1788;2.649;4.62;21.99;38.34;38.22
1789;2.648;4.62;21.99;38.58;38.22
1790;2.647;4.62;21.99;38.34;38.22
1791;2.647;4.62;21.99;38.34;38.22
1792;2.646;4.62;21.99;38.34;38.09
1793;2.645;4.62;21.99;38.34;38.34
1794;2.645;4.62;21.99;38.46;38.34
1795;2.646;4.62;21.99;38.46;38.22
1796;2.645;4.62;21.99;38.34;38.6
1797;2.645;4.62;21.99;38.46;38.34
1798;2.645;4.62;21.99;38.46;38.34
1799;2.644;4.62;21.99;38.46;38.34
1800;2.645;4.62;22.09;38.46;38.47
1801;2.645;4.62;21.99;38.46;38.47
1802;2.643;4.62;22.09;38.46;38.34
1803;2.642;4.62;21.99;38.46;38.34
1804;2.641;4.62;21.99;38.46;38.34
1805;2.641;4.62;22.09;38.46;38.22
1806;2.64;4.62;21.99;38.46;38.34
1807;2.64;4.62;21.99;38.46;38.47
1808;2.64;4.62;22.09;38.58;38.34
1809;2.639;4.62;22.09;38.46;38.22
1810;2.639;4.62;21.99;38.46;38.34
1811;2.638;4.62;21.99;38.46;38.47
1812;2.638;4.62;21.99;38.58;38.34
1813;2.638;4.62;21.99;38.46;38.34
1814;2.637;4.62;22.09;38.46;38.47
1815;2.637;4.62;22.09;38.34;38.47
1816;2.637;4.62;22.09;38.46;38.34
1817;2.636;4.62;21.99;38.58;38.22
1818;2.636;4.62;22.09;38.58;38.47
1819;2.637;4.62;22.09;38.46;38.34
1820;2.636;4.62;22.09;38.58;38.6
1821;2.635;4.62;21.99;38.46;38.47
1822;2.635;4.62;21.99;38.58;38.47
1823;2.635;4.62;21.99;38.46;38.47
1824;2.634;4.62;21.99;38.58;38.47
1825;2.634;4.62;21.99;38.46;38.34
1826;2.634;4.62;21.99;38.58;38.47
1827;2.633;4.62;22.09;38.7;38.47
1828;2.633;4.62;22.09;38.58;38.47
1829;2.631;4.62;22.09;38.58;38.47
1830;2.631;4.62;22.09;38.58;38.47
1831;2.631;4.62;22.09;38.58;38.47
1832;2.63;4.62;21.99;38.58;38.47
1833;2.63;4.62;22.09;38.7;38.47
1834;2.629;4.62;22.09;38.58;38.47
1835;2.629;4.62;21.99;38.46;38.47
1836;2.629;4.62;21.99;38.58;38.47
1837;2.628;4.62;22.09;38.7;38.47
1838;2.627;4.62;22.09;38.58;38.47
1839;2.627;4.62;21.99;38.58;38.47
1840;2.627;4.62;21.99;38.58;38.47
1841;2.626;4.62;22.09;38.7;38.47
1842;2.625;4.62;21.99;38.58;38.98
1843;2.625;4.62;21.99;38.7;38.6
1844;2.625;4.62;21.99;38.58;38.47
1845;2.624;4.62;21.99;38.7;38.47
1846;2.623;4.62;21.99;38.7;38.47
1847;2.623;4.62;21.99;38.46;38.6
1848;2.622;4.62;22.09;38.58;38.47
1849;2.622;4.62;21.99;38.7;38.6
1850;2.622;4.62;21.99;38.58;38.72
1851;2.621;4.62;21.99;38.7;38.6
1852;2.62;4.62;21.99;38.82;38.47
1853;2.619;4.62;21.99;38.58;37.84
1854;2.619;4.62;21.99;38.82;38.6
1855;2.618;4.62;22.09;38.7;38.72
1856;2.619;4.62;21.99;38.7;38.6
1857;2.618;4.62;22.09;38.7;38.72
1858;2.618;4.62;21.99;38.7;38.85
1859;2.617;4.62;21.99;38.7;38.6
1860;2.617;4.62;21.99;38.7;38.6
1861;2.617;4.62;21.99;38.82;38.6
1862;2.616;4.62;21.99;38.7;38.6
1863;2.616;4.62;21.99;38.7;38.85
1864;2.615;4.62;21.99;38.7;38.47
1865;2.615;4.62;21.99;38.7;38.6
1866;2.614;4.62;21.99;38.7;38.6
1867;2.615;4.62;21.99;38.82;38.6
1868;2.615;4.62;21.99;38.7;38.6
1869;2.614;4.62;21.99;38.7;38.72
1870;2.613;4.62;21.99;38.7;38.6
1871;2.613;4.62;21.99;38.82;38.6
1872;2.612;4.62;21.99;38.82;38.72
1873;2.612;4.62;21.99;38.82;38.72
1874;2.611;4.62;22.19;39.66;38.72
1875;2.61;4.62;21.99;38.82;38.72
1876;2.61;4.62;21.99;38.82;38.72
1877;2.609;4.62;21.99;38.82;38.72
1878;2.609;4.62;22.39;38.46;38.72
1879;2.609;4.62;21.99;38.82;38.72
1880;2.608;4.62;21.99;38.82;38.72
1881;2.607;4.62;21.99;38.94;38.72
1882;2.607;4.62;21.99;38.82;38.72
1883;2.607;4.62;21.99;38.7;38.98
1884;2.607;4.62;21.99;38.82;38.72
1885;2.607;4.62;21.99;38.82;38.72
1886;2.606;4.62;21.99;38.82;38.72
1887;2.606;4.62;21.99;38.82;38.72
1888;2.605;4.62;21.99;38.94;38.85
1889;2.605;4.62;21.99;38.94;38.72
1890;2.604;4.62;21.99;38.82;38.72
1891;2.604;4.62;21.99;38.82;38.72
1892;2.604;4.62;21.99;38.82;38.85
1893;2.603;4.62;21.89;38.46;38.72
1894;2.603;4.62;21.99;38.94;38.72
1895;2.603;4.62;21.99;38.7;38.72
1896;2.602;4.62;21.99;38.94;38.85
1897;2.602;4.62;21.99;38.82;38.72
1898;2.601;4.62;21.99;38.94;38.72
1899;2.6;4.62;21.99;38.82;38.85
1900;2.6;4.62;21.99;38.94;38.85
1901;2.599;4.62;21.99;38.94;38.85
1902;2.599;4.62;21.99;39.3;38.85
1903;2.598;4.62;21.99;38.94;38.72
1904;2.598;4.62;21.99;38.94;38.72
1905;2.597;4.62;21.99;38.94;38.85
1906;2.597;4.62;21.99;38.94;38.85
1907;2.597;4.62;21.99;38.94;38.72
1908;2.596;4.62;21.99;38.94;38.85
1909;2.596;4.62;21.99;38.82;38.72
1910;2.595;4.62;21.99;38.94;38.85
1911;2.595;4.62;21.99;39.06;38.85
1912;2.595;4.62;22.09;38.94;38.85
1913;2.594;4.62;21.99;38.94;38.72
1914;2.593;4.62;21.99;38.94;38.98
1915;2.592;4.62;21.99;39.06;38.98
1916;2.592;4.62;21.99;38.94;38.98
1917;2.592;4.62;21.99;39.06;38.98
1918;2.591;4.62;21.99;39.06;39.1
1919;2.59;4.62;21.99;39.06;38.98
1920;2.59;4.62;21.99;39.06;39.1
1921;2.589;4.62;21.99;39.06;38.85
1922;2.589;4.62;21.99;39.06;38.98
1923;2.588;4.62;21.99;39.06;38.98
1924;2.587;4.62;21.99;38.94;39.1
1925;2.587;4.62;21.99;39.06;38.98
1926;2.586;4.62;21.99;38.94;38.85
1927;2.586;4.62;21.99;39.06;39.1
1928;2.585;4.62;21.99;39.06;38.98
1929;2.586;4.62;21.99;39.06;38.98
1930;2.585;4.62;21.99;39.06;38.98
1931;2.585;4.62;21.99;39.06;38.98
1932;2.584;4.62;21.99;39.06;38.98
1933;2.584;4.62;21.99;39.3;39.1
1934;2.583;4.62;22.19;39.06;39.1
1935;2.583;4.62;21.99;39.06;38.98
1936;2.582;4.62;21.99;39.06;39.36
1937;2.582;4.62;21.99;39.06;39.1
1938;2.581;4.62;21.89;39.06;39.1
1939;2.581;4.62;21.99;39.18;39.1
1940;2.58;4.62;21.99;39.18;38.98
1941;2.579;4.62;21.99;39.18;38.98
1942;2.579;4.62;21.99;39.18;39.1
1943;2.579;4.62;21.99;39.3;38.98
1944;2.578;4.62;21.99;39.06;39.1
1945;2.578;4.62;21.99;39.06;39.1
1946;2.577;4.62;21.99;39.18;38.98
1947;2.577;4.62;21.78;39.18;39.1
1948;2.577;4.62;21.99;39.18;39.1
1949;2.576;4.62;21.99;39.18;39.1
1950;2.575;4.62;21.99;39.18;39.1
1951;2.575;4.62;21.99;39.06;39.23
1952;2.574;4.62;21.99;39.18;39.1
1953;2.574;4.62;21.99;39.18;39.1
1954;2.573;4.62;21.99;39.3;39.1
1955;2.572;4.62;21.99;39.18;39.1
1956;2.572;4.62;21.99;39.3;39.36
1957;2.571;4.62;21.99;39.18;39.23
1958;2.57;4.62;21.99;39.18;39.1
1959;2.57;4.62;21.99;39.18;39.1
1960;2.568;4.62;21.99;39.18;39.23
1961;2.568;4.62;21.99;39.3;39.1
1962;2.568;4.62;21.99;39.3;38.85
1963;2.567;4.62;21.99;39.3;39.1
1964;2.567;4.62;22.09;39.3;39.1
1965;2.567;4.62;21.99;39.3;39.1
1966;2.567;4.62;21.99;39.3;39.1
1967;2.566;4.62;21.99;39.3;39.1
1968;2.566;4.62;21.99;38.94;39.1
1969;2.566;4.62;21.99;39.18;39.23
1970;2.565;4.62;21.99;39.3;39.1
1971;2.565;4.62;21.99;39.3;39.23
1972;2.564;4.62;21.99;39.3;39.1
1973;2.564;4.62;21.99;39.3;39.1
1974;2.563;4.62;21.99;39.3;38.98
1975;2.563;4.62;21.99;39.3;39.23
1976;2.563;4.62;21.99;39.3;39.23
1977;2.562;4.62;21.99;39.42;39.23
1978;2.563;4.62;21.99;39.42;39.23
1979;2.562;4.62;21.99;39.42;39.1
1980;2.56;4.62;21.99;39.3;39.36
1981;2.56;4.62;21.99;39.3;39.23
1982;2.559;4.62;21.99;39.42;39.23
1983;2.558;4.62;21.99;39.42;39.23
1984;2.558;4.62;21.89;39.3;39.23
1985;2.557;4.62;21.99;39.42;39.1
1986;2.557;4.62;22.09;39.42;39.23
1987;2.556;4.62;21.89;39.3;39.36
1988;2.556;4.62;21.89;39.42;39.23
1989;2.556;4.62;21.99;39.42;39.23
1990;2.555;4.62;21.99;39.42;39.23
1991;2.555;4.62;21.99;39.42;39.23
1992;2.554;4.62;21.99;39.42;39.1
1993;2.553;4.62;21.99;39.42;39.23
1994;2.552;4.62;21.99;39.54;39.1
1995;2.552;4.62;21.99;39.42;39.23
1996;2.551;4.62;21.99;39.54;39.36
1997;2.551;4.62;21.99;39.42;39.36
1998;2.551;4.62;21.99;39.54;39.23
1999;2.55;4.62;22.09;39.3;39.36
2000;2.55;4.62;21.89;39.66;39.23
2001;2.55;4.62;21.99;39.42;39.36
2002;2.549;4.62;22.09;39.42;39.23
2003;2.548;4.62;21.99;39.54;39.36
2004;2.548;4.62;21.99;39.66;39.23
2005;2.548;4.62;21.99;39.54;39.36
2006;2.548;4.62;21.99;39.54;39.36
2007;2.547;4.62;21.99;39.54;39.23
2008;2.546;4.62;21.99;39.54;39.23
2009;2.545;4.62;21.99;39.54;39.23
2010;2.545;4.62;21.99;39.54;39.36
2011;2.544;4.62;22.09;39.54;39.23
2012;2.544;4.62;21.99;39.42;39.1
2013;2.543;4.62;21.99;39.54;39.23
2014;2.543;4.62;21.99;39.54;39.23
2015;2.542;4.62;21.99;39.54;39.36
2016;2.542;4.62;21.99;39.54;39.1
2017;2.541;4.62;21.99;39.54;39.36
2018;2.54;4.62;21.99;39.66;39.36
2019;2.54;4.62;21.99;39.54;39.36
2020;2.539;4.62;21.99;39.54;39.23
2021;2.539;4.62;21.99;39.54;39.23
2022;2.538;4.62;21.99;39.54;39.36
2023;2.537;4.62;21.99;39.54;39.36
2024;2.537;4.62;21.99;38.94;38.6
2025;2.536;4.62;21.99;39.54;39.23
2026;2.535;4.62;21.99;39.54;39.23
2027;2.535;4.62;21.99;39.66;39.61
2028;2.535;4.62;21.99;39.66;39.36
2029;2.534;4.62;21.99;39.66;39.23
2030;2.534;4.62;21.99;39.54;39.36
2031;2.534;4.62;21.99;39.78;39.36
2032;2.533;4.62;21.89;39.54;39.49
2033;2.533;4.62;21.99;39.54;39.36
2034;2.532;4.62;21.99;39.54;39.23
2035;2.532;4.62;21.89;39.54;39.36
2036;2.531;4.62;21.99;39.66;39.49
2037;2.53;4.62;21.89;39.66;39.36
2038;2.53;4.62;21.99;39.66;39.49
2039;2.529;4.62;21.99;39.66;39.36
2040;2.528;4.62;21.99;39.66;39.1
2041;2.528;4.62;21.99;39.66;39.49
2042;2.527;4.62;21.89;39.66;39.49
2043;2.527;4.62;21.99;39.66;39.49
2044;2.526;4.62;21.89;39.66;39.49
2045;2.526;4.62;21.89;39.54;39.49
2046;2.525;4.62;21.99;39.66;39.49
2047;2.524;4.62;21.89;39.3;39.49
2048;2.523;4.62;21.99;39.66;39.49
2049;2.523;4.62;21.89;39.78;39.61
2050;2.522;4.62;21.99;39.78;39.49
2051;2.522;4.62;21.99;39.66;39.49
2052;2.521;4.62;21.99;39.91;39.49
2053;2.521;4.62;21.99;39.66;40.0
2054;2.52;4.62;21.99;39.78;39.49
2055;2.519;4.62;21.99;39.66;39.61
2056;2.518;4.62;21.99;39.78;39.74
2057;2.517;4.62;21.99;39.78;39.74
2058;2.517;4.62;21.99;39.78;39.36
2059;2.516;4.62;21.99;39.78;39.61
2060;2.515;4.62;21.89;39.78;39.61
2061;2.515;4.62;21.99;39.78;39.61
2062;2.514;4.62;21.99;39.78;39.61
2063;2.513;4.62;21.89;39.78;39.87
2064;2.513;4.62;21.89;39.66;38.85
2065;2.513;4.62;21.89;39.78;39.61
2066;2.512;4.62;21.99;39.78;39.61
2067;2.512;4.62;21.99;39.78;38.85
2068;2.511;4.62;21.99;39.78;39.49
2069;2.51;4.62;21.99;39.78;39.74
2070;2.509;4.62;21.99;39.66;40.65
2071;2.509;4.62;21.99;39.91;39.74
2072;2.508;4.62;21.99;39.91;39.74
2073;2.508;4.62;21.99;39.91;39.74
2074;2.507;4.62;21.99;39.91;39.74
2075;2.507;4.62;21.89;39.78;39.87
2076;2.506;4.62;21.99;39.91;39.74
2077;2.505;4.62;21.99;39.78;39.49
2078;2.505;4.62;22.09;39.91;39.87
2079;2.505;4.62;21.99;39.91;41.44
2080;2.504;4.62;21.99;40.03;39.74
2081;2.504;4.62;21.99;39.91;39.74
2082;2.503;4.62;21.99;40.15;41.31
2083;2.503;4.62;21.99;40.03;40.0
2084;2.502;4.62;21.99;40.03;39.74
2085;2.501;4.62;21.99;40.03;39.74
2086;2.501;4.62;21.99;40.03;39.87
2087;2.502;4.62;21.99;39.91;39.87
2088;2.5;4.62;21.99;40.03;39.87
