time;voltage;current;ambient_temperature;surface_temperature_plus;surface_temperature_minus
0;0.004;0.0;21.18;20.17;20.62
1;3.01;5.765;21.08;19.77;20.52
2;2.919;6.161;21.08;19.87;20.52
3;2.93;6.161;21.08;19.77;20.52
4;2.925;6.161;21.18;19.87;20.72
5;2.915;6.161;21.08;19.67;20.52
6;2.92;6.161;21.18;19.77;20.62
7;2.914;6.161;21.08;19.67;20.52
8;2.91;6.161;21.08;19.87;20.52
9;2.918;6.161;21.08;19.77;20.92
10;2.924;6.161;21.18;19.87;20.62
11;2.924;6.161;21.08;19.87;20.52
12;2.922;6.161;21.18;19.37;20.42
13;2.924;6.161;21.18;19.87;20.42
14;2.918;6.161;21.18;19.87;20.72
15;2.914;6.161;21.18;19.87;20.82
16;2.913;6.161;21.18;19.97;20.62
17;2.91;6.161;21.08;19.87;20.62
18;2.911;6.161;21.18;19.97;20.82
19;2.908;6.161;21.18;19.97;19.32
20;2.909;6.161;21.18;20.07;20.72
21;2.909;6.161;21.18;19.97;20.72
22;2.911;6.161;21.18;20.07;20.82
23;2.91;6.161;21.18;20.07;20.82
24;2.906;6.161;21.18;20.17;20.82
25;2.909;6.161;21.18;20.07;20.82
26;2.905;6.161;21.18;20.17;20.82
27;2.911;6.161;21.08;20.17;21.02
28;2.905;6.161;21.18;20.17;20.92
29;2.907;6.161;21.18;20.27;21.02
30;2.904;6.161;21.18;20.37;21.22
31;2.906;6.161;21.18;20.27;21.02
32;2.904;6.161;21.18;20.37;21.02
33;2.899;6.161;21.18;20.47;21.12
34;2.907;6.161;21.28;20.47;21.12
35;2.9;6.161;21.28;20.37;21.12
36;2.901;6.161;21.18;20.47;21.32
37;2.902;6.161;21.18;20.47;21.32
38;2.903;6.161;21.18;20.57;21.02
39;2.904;6.161;21.18;20.57;21.42
40;2.938;6.161;21.18;20.57;21.32
41;2.939;6.161;21.18;20.67;21.32
42;2.941;6.161;21.18;20.67;21.42
43;2.942;6.161;21.18;20.67;21.42
44;2.947;6.161;21.18;20.57;21.42
45;2.948;6.161;21.18;20.67;21.52
46;2.948;6.161;21.18;20.67;21.52
47;2.949;6.161;21.18;20.87;21.52
48;2.95;6.161;21.18;20.87;21.62
49;2.951;6.161;21.18;20.87;21.52
50;2.953;6.161;21.18;20.98;21.62
51;2.952;6.161;21.18;20.98;21.73
52;2.952;6.161;21.18;21.89;22.43
53;2.952;6.161;21.18;21.08;21.73
54;2.953;6.161;21.18;21.08;21.93
55;2.953;6.161;21.18;21.18;21.73
56;2.953;6.161;21.18;21.18;21.93
57;2.952;6.161;21.18;21.18;21.93
58;2.953;6.161;21.18;21.28;22.03
59;2.953;6.161;21.18;21.28;22.03
60;2.953;6.161;21.18;21.28;21.93
61;2.953;6.161;21.18;21.28;22.13
62;2.953;6.161;21.18;21.48;22.53
63;2.956;6.161;21.18;22.09;22.33
64;2.955;6.161;21.18;20.98;22.03
65;2.955;6.161;21.18;21.68;22.13
66;2.956;6.161;21.18;21.48;22.13
67;2.957;6.161;21.18;21.58;22.33
68;2.954;6.161;21.18;21.48;22.43
69;2.955;6.161;21.18;21.68;22.23
70;2.955;6.161;21.18;21.58;22.53
71;2.955;6.161;21.18;21.78;22.33
72;2.956;6.161;21.18;21.78;22.53
73;2.957;6.161;21.18;21.89;22.64
74;2.957;6.161;21.18;21.89;22.64
75;2.957;6.161;21.18;21.99;22.74
76;2.957;6.161;21.18;21.89;22.74
77;2.956;6.161;21.18;21.99;22.74
78;2.955;6.161;21.18;21.99;22.84
79;2.952;6.161;21.18;21.99;22.84
80;2.953;6.161;21.18;22.09;22.84
81;2.952;6.161;21.18;22.09;22.94
82;2.952;6.161;21.28;22.19;22.94
83;2.952;6.161;21.18;22.19;23.04
84;2.953;6.161;21.18;22.29;23.04
85;2.954;6.161;21.28;22.29;23.15
86;2.951;6.161;21.18;22.29;23.15
87;2.953;6.161;21.18;22.29;23.15
88;2.956;6.161;21.28;22.39;23.04
89;2.954;6.161;21.18;22.29;23.04
90;2.954;6.161;21.18;22.39;23.35
91;2.954;6.161;21.18;22.49;23.45
92;2.955;6.161;21.28;22.49;23.45
93;2.956;6.161;21.28;22.6;23.45
94;2.955;6.161;21.28;22.9;23.35
95;2.955;6.161;21.28;22.7;23.35
96;2.954;6.161;21.18;22.19;23.66
97;2.954;6.161;21.28;22.7;23.86
98;2.955;6.161;21.18;22.8;23.86
99;2.955;6.161;21.18;22.8;23.66
100;2.957;6.161;21.18;22.9;23.86
101;2.958;6.161;21.18;23.0;23.76
102;2.956;6.161;21.18;22.9;23.86
103;2.958;6.161;21.28;22.8;23.86
104;2.955;6.161;21.18;23.0;23.97
105;2.955;6.161;21.28;23.1;23.66
106;2.955;6.161;21.18;23.1;24.17
107;2.957;6.161;21.18;23.21;23.97
108;2.958;6.161;21.18;23.21;24.07
109;2.958;6.161;21.28;23.1;24.17
110;2.956;6.161;21.18;23.21;24.28
111;2.955;6.161;21.18;23.31;24.28
112;2.958;6.161;21.28;23.41;24.48
113;2.956;6.161;21.18;23.41;24.38
114;2.955;6.161;21.18;23.41;24.38
115;2.955;6.161;21.18;23.51;24.59
116;2.955;6.161;21.18;23.51;24.38
117;2.955;6.161;21.28;23.61;24.59
118;2.956;6.161;21.18;23.61;24.59
119;2.955;6.161;21.18;23.61;24.48
120;2.958;6.161;21.18;23.72;24.59
121;2.955;6.161;21.18;23.72;24.69
122;2.954;6.161;21.28;23.72;24.48
123;2.953;6.161;21.28;23.61;24.79
124;2.954;6.161;21.28;23.82;24.9
125;2.953;6.161;21.18;23.82;25.21
126;2.953;6.161;21.28;23.92;25.0
127;2.954;6.161;21.28;23.92;25.0
128;2.955;6.161;21.28;24.02;25.0
129;2.955;6.161;21.38;24.02;25.0
130;2.955;6.161;21.28;24.13;25.0
131;2.956;6.161;21.08;24.23;25.1
132;2.954;6.161;21.18;24.13;25.21
133;2.955;6.161;21.28;24.13;25.21
134;2.956;6.161;21.18;24.13;25.42
135;2.957;6.161;21.18;24.33;25.21
136;2.957;6.161;21.28;24.33;25.31
137;2.957;6.161;21.18;24.33;25.21
138;2.956;6.161;21.28;24.43;25.42
139;2.956;6.161;21.28;24.43;25.52
140;2.957;6.161;21.28;24.43;25.52
141;2.956;6.161;21.28;24.54;25.84
142;2.956;6.161;21.28;24.54;25.73
143;2.955;6.161;21.28;24.64;25.52
144;2.957;6.161;21.28;24.64;25.63
145;2.966;6.161;21.38;24.64;25.84
146;2.965;6.161;21.28;24.74;25.63
147;2.968;6.161;21.28;24.74;25.73
148;2.961;6.161;21.28;24.74;25.73
149;2.959;6.161;21.28;24.85;25.73
150;2.957;6.161;21.28;24.85;25.84
151;2.957;6.161;21.28;24.95;25.94
152;2.961;6.161;21.28;24.95;25.94
153;2.96;6.161;21.28;24.95;26.04
154;2.956;6.161;21.28;24.95;26.15
155;2.955;6.161;21.38;25.05;26.04
156;2.954;6.161;21.28;25.15;26.26
157;2.951;6.161;21.28;25.57;26.15
158;2.95;6.161;21.28;25.15;26.26
159;2.949;6.161;21.28;25.36;26.15
160;2.948;6.161;21.28;25.26;26.26
161;2.949;6.161;21.28;25.36;26.36
162;2.951;6.161;21.28;25.36;26.26
163;2.951;6.161;21.28;25.36;26.47
164;2.95;6.161;21.28;25.46;26.57
165;2.954;6.161;21.28;25.36;26.15
166;2.955;6.161;21.28;25.57;26.47
167;2.955;6.161;21.28;25.57;26.57
168;2.954;6.161;21.28;25.67;26.57
169;2.955;6.161;21.28;25.57;26.68
170;2.954;6.161;21.28;25.67;26.68
171;2.953;6.161;21.28;25.78;26.68
172;2.952;6.161;21.28;25.78;26.78
173;2.952;6.161;21.38;25.78;26.78
174;2.951;6.161;21.28;25.78;26.89
175;2.951;6.161;21.28;25.88;26.89
176;2.951;6.161;21.28;25.98;27.21
177;2.951;6.161;21.28;25.98;27.0
178;2.952;6.161;21.38;26.09;26.26
179;2.951;6.161;21.28;26.09;27.1
180;2.95;6.161;21.28;26.09;27.0
181;2.952;6.161;21.28;25.98;27.21
182;2.951;6.161;21.38;25.98;27.1
183;2.951;6.161;21.28;26.19;27.21
184;2.95;6.161;21.28;26.29;27.21
185;2.949;6.161;21.28;26.19;27.0
186;2.948;6.161;21.28;26.29;27.31
187;2.946;6.161;21.28;26.4;27.42
188;2.947;6.161;21.28;26.29;27.31
189;2.947;6.161;21.28;26.29;27.53
190;2.946;6.161;21.28;26.5;27.42
191;2.946;6.161;21.28;26.5;27.53
192;2.946;6.161;21.28;26.61;27.53
193;2.946;6.161;21.28;26.4;27.64
194;2.946;6.161;21.28;26.5;27.64
195;2.945;6.161;21.28;26.61;27.74
196;2.944;6.161;21.28;26.71;27.74
197;2.945;6.161;21.28;26.82;27.96
198;2.944;6.161;21.28;26.82;27.74
199;2.945;6.161;21.28;26.82;27.85
200;2.944;6.161;21.28;26.82;27.85
201;2.945;6.161;21.28;26.82;27.85
202;2.944;6.161;21.28;26.92;27.96
203;2.942;6.161;21.28;26.92;27.85
204;2.941;6.161;21.28;26.92;28.06
205;2.941;6.161;21.38;26.92;27.96
206;2.942;6.161;21.28;27.02;28.06
207;2.942;6.161;21.38;27.02;28.17
208;2.944;6.161;21.28;27.13;28.17
209;2.945;6.161;21.28;27.13;27.96
210;2.945;6.161;21.28;27.44;28.5
211;2.944;6.161;21.28;27.44;28.17
212;2.944;6.161;21.28;27.02;28.5
213;2.953;6.161;21.28;27.34;28.39
214;2.948;6.161;21.28;27.34;28.5
215;2.946;6.161;21.28;27.34;28.6
216;2.945;6.161;21.38;27.44;28.5
217;2.944;6.161;21.18;27.55;28.6
218;2.945;6.161;21.28;27.44;28.6
219;2.947;6.161;21.28;27.44;28.6
220;2.949;6.161;21.18;27.44;28.93
221;2.945;6.161;21.28;27.44;28.6
222;2.945;6.161;21.28;27.55;28.71
223;2.945;6.161;21.18;27.65;28.71
224;2.943;6.161;21.28;27.76;28.71
225;2.944;6.161;21.28;27.76;29.04
226;2.942;6.161;21.28;27.86;28.82
227;2.945;6.161;21.28;27.86;28.82
228;2.947;6.161;21.18;27.76;29.26
229;2.946;6.161;21.28;27.86;28.93
230;2.946;6.161;21.28;27.86;28.93
231;2.949;6.161;21.28;27.86;29.04
232;2.949;6.161;21.28;27.86;29.04
233;2.948;6.161;21.28;27.97;29.04
234;2.951;6.161;21.28;27.97;29.04
235;2.949;6.161;21.28;28.08;29.04
236;2.95;6.161;21.28;28.08;29.15
237;2.95;6.161;21.28;28.08;29.15
238;2.95;6.161;21.18;28.08;29.04
239;2.952;6.161;21.18;28.29;29.15
240;2.952;6.161;21.28;28.18;29.26
241;2.953;6.161;21.28;28.18;29.37
242;2.954;6.161;21.28;28.29;29.37
243;2.957;6.161;21.28;28.29;29.26
244;2.958;6.161;21.28;28.39;29.47
245;2.959;6.161;21.38;28.39;29.37
246;2.961;6.161;21.28;28.5;29.47
247;2.96;6.161;21.28;28.39;29.47
248;2.962;6.161;21.28;28.5;29.37
249;2.964;6.161;21.28;28.5;29.47
250;2.965;6.161;21.38;28.6;29.58
251;2.967;6.161;21.28;28.6;29.58
252;2.969;6.161;21.28;28.6;29.58
253;2.971;6.161;21.38;28.5;29.58
254;2.972;6.161;21.38;28.71;29.58
255;2.97;6.161;21.38;28.71;29.58
256;2.97;6.161;21.38;28.71;29.69
257;2.971;6.161;21.38;28.71;29.8
258;2.97;6.161;21.38;28.82;29.69
259;2.97;6.161;21.38;28.82;29.8
260;2.97;6.161;21.38;28.82;29.8
261;2.969;6.161;21.38;28.92;29.91
262;2.969;6.161;21.38;28.92;29.91
263;2.968;6.161;21.38;28.92;29.91
264;2.968;6.161;21.38;29.03;29.47
265;2.968;6.161;21.38;29.03;30.02
266;2.968;6.161;21.38;29.03;29.91
267;2.968;6.161;21.38;29.14;30.13
268;2.967;6.161;21.38;29.14;30.02
269;2.967;6.161;21.38;29.24;30.13
270;2.965;6.161;21.38;29.24;30.13
271;2.965;6.161;21.38;29.24;30.24
272;2.965;6.161;21.38;29.24;30.24
273;2.964;6.161;21.38;29.24;30.36
274;2.964;6.161;21.38;29.35;30.47
275;2.965;6.161;21.48;29.46;30.24
276;2.965;6.161;21.38;29.46;30.36
277;2.965;6.161;21.38;29.46;30.36
278;2.965;6.161;21.38;29.46;30.36
279;2.964;6.161;21.38;29.46;30.47
280;2.964;6.161;21.38;29.46;30.47
281;2.963;6.161;21.38;29.56;30.47
282;2.963;6.161;21.38;29.56;30.47
283;2.962;6.161;21.38;29.67;30.58
284;2.962;6.161;21.48;29.78;30.69
285;2.962;6.161;21.38;29.67;30.58
286;2.961;6.161;21.38;29.67;30.58
287;2.96;6.161;21.38;29.78;30.58
288;2.96;6.161;21.38;29.78;31.13
289;2.96;6.161;21.48;29.67;30.69
290;2.96;6.161;21.38;29.88;30.8
291;2.96;6.161;21.38;29.99;30.8
292;2.959;6.161;21.38;29.88;30.8
293;2.959;6.161;21.38;29.88;30.91
294;2.958;6.161;21.38;29.88;30.91
295;2.958;6.161;21.38;30.1;30.91
296;2.957;6.161;21.38;29.99;31.02
297;2.957;6.161;21.38;30.1;30.91
298;2.957;6.161;21.38;29.99;31.02
299;2.956;6.161;21.38;30.1;31.02
300;2.955;6.161;21.28;30.1;31.13
301;2.955;6.161;21.38;30.21;31.13
302;2.955;6.161;21.38;30.21;31.13
303;2.954;6.161;21.28;30.21;31.13
304;2.953;6.161;21.38;30.21;31.13
305;2.953;6.161;21.38;30.21;31.36
306;2.952;6.161;21.28;30.32;31.47
307;2.952;6.161;21.38;30.32;31.47
308;2.951;6.161;21.28;30.53;31.25
309;2.951;6.161;21.38;30.42;31.36
310;2.95;6.161;21.28;30.42;31.36
311;2.95;6.161;21.38;30.53;31.36
312;2.949;6.161;21.38;30.53;31.47
313;2.948;6.161;21.28;30.53;31.47
314;2.948;6.161;21.28;30.75;31.47
315;2.947;6.161;21.28;30.64;31.58
316;2.946;6.161;21.28;30.53;31.25
317;2.946;6.161;21.28;30.64;31.58
318;2.945;6.161;21.28;30.1;31.58
319;2.944;6.161;21.38;30.75;31.7
320;2.944;6.161;21.28;30.75;31.7
321;2.943;6.161;21.28;30.75;31.7
322;2.942;6.161;21.38;30.75;31.81
323;2.942;6.161;21.28;30.86;31.81
324;2.942;6.161;21.28;30.86;31.7
325;2.941;6.161;21.28;30.86;31.81
326;2.941;6.161;21.38;30.86;31.58
327;2.94;6.161;21.28;30.96;31.81
328;2.939;6.161;21.28;30.96;31.81
329;2.939;6.161;21.28;31.07;31.92
330;2.938;6.161;21.28;31.07;31.92
331;2.938;6.161;21.28;31.07;31.92
332;2.937;6.161;21.28;31.07;31.81
333;2.937;6.161;21.28;31.18;32.04
334;2.937;6.161;21.28;31.18;32.04
335;2.936;6.161;21.28;31.18;32.04
336;2.936;6.161;21.38;31.18;32.04
337;2.935;6.161;21.28;31.29;32.15
338;2.935;6.161;21.28;31.29;32.15
339;2.934;6.161;21.28;31.29;32.26
340;2.934;6.161;21.28;31.29;32.26
341;2.933;6.161;21.28;31.29;32.26
342;2.933;6.161;21.28;31.4;30.58
343;2.932;6.161;21.28;31.51;32.26
344;2.932;6.161;21.28;31.4;32.26
345;2.931;6.161;21.28;31.4;32.38
346;2.931;6.161;21.28;31.4;32.38
347;2.93;6.161;21.18;31.51;32.38
348;2.93;6.161;21.18;31.4;32.26
349;2.93;6.161;21.18;31.51;32.49
350;2.929;6.161;21.18;31.51;32.49
351;2.93;6.161;21.18;31.62;32.49
352;2.929;6.161;21.18;31.62;32.49
353;2.928;6.161;21.18;31.62;32.49
354;2.927;6.161;21.18;31.62;32.49
355;2.927;6.161;21.18;31.73;32.72
356;2.927;6.161;21.18;31.73;32.49
357;2.926;6.161;21.18;31.73;32.61
358;2.925;6.161;21.18;31.95;32.61
359;2.925;6.161;21.18;31.73;32.72
360;2.925;6.161;21.18;31.84;32.72
361;2.924;6.161;21.18;31.73;32.83
362;2.924;6.161;21.28;31.84;32.83
363;2.924;6.161;21.18;31.95;32.83
364;2.924;6.161;21.18;31.84;33.06
365;2.923;6.161;21.38;31.95;32.83
366;2.923;6.161;21.28;31.95;32.83
367;2.922;6.161;21.28;31.95;33.64
368;2.921;6.161;21.28;32.06;32.95
369;2.921;6.161;21.28;32.06;32.95
370;2.92;6.161;21.28;31.95;33.06
371;2.92;6.161;21.28;32.06;33.06
372;2.92;6.161;21.28;32.17;33.06
373;2.921;6.161;21.28;32.17;33.18
374;2.919;6.161;21.28;32.17;33.06
375;2.919;6.161;21.38;32.28;33.18
376;2.918;6.161;21.28;32.28;33.18
377;2.918;6.161;21.38;32.39;33.18
378;2.917;6.161;21.28;32.39;33.18
379;2.917;6.161;21.28;32.28;33.29
380;2.916;6.161;21.28;32.39;33.29
381;2.915;6.161;21.28;32.39;33.29
382;2.915;6.161;21.28;32.17;33.29
383;2.914;6.161;21.28;32.39;33.18
384;2.914;6.161;21.28;32.5;33.41
385;2.913;6.161;21.28;32.5;33.29
386;2.913;6.161;21.28;32.5;33.41
387;2.912;6.161;21.28;32.61;33.41
388;2.912;6.161;21.28;32.5;33.41
389;2.912;6.161;21.38;32.72;33.41
390;2.911;6.161;21.38;32.61;33.41
391;2.911;6.161;21.38;32.61;33.53
392;2.91;6.161;21.38;32.72;33.53
393;2.91;6.161;21.38;32.72;33.53
394;2.91;6.161;21.38;32.72;33.64
395;2.91;6.161;21.38;32.72;33.53
396;2.909;6.161;21.38;32.83;33.53
397;2.909;6.161;21.38;32.83;33.41
398;2.908;6.161;21.38;32.72;33.64
399;2.909;6.161;21.38;32.61;33.76
400;2.908;6.161;21.38;32.72;33.41
401;2.907;6.161;21.38;32.83;32.83
402;2.907;6.161;21.48;32.94;33.76
403;2.907;6.161;21.38;33.05;33.76
404;2.906;6.161;21.38;32.94;33.76
405;2.906;6.161;21.48;32.94;33.76
406;2.906;6.161;21.38;32.94;33.76
407;2.906;6.161;21.38;33.5;33.76
408;2.905;6.161;21.38;33.05;33.76
409;2.906;6.161;21.48;33.05;33.87
410;2.905;6.161;21.38;33.05;33.99
411;2.904;6.161;21.38;33.16;33.87
412;2.903;6.161;21.38;33.05;34.11
413;2.903;6.161;21.48;33.16;34.11
414;2.902;6.161;21.38;33.16;33.99
415;2.903;6.161;21.38;33.16;33.99
416;2.902;6.161;21.38;33.16;33.99
417;2.901;6.161;21.38;33.27;33.99
418;2.901;6.161;21.38;33.27;34.23
419;2.901;6.161;21.38;33.27;34.34
420;2.901;6.161;21.38;33.27;33.99
421;2.9;6.161;21.38;33.5;34.58
422;2.9;6.161;21.28;33.5;34.11
423;2.899;6.161;21.28;33.38;34.23
424;2.898;6.161;21.28;33.38;34.23
425;2.898;6.161;21.38;33.38;34.23
426;2.898;6.161;21.28;33.38;34.23
427;2.898;6.161;21.28;33.5;34.23
428;2.897;6.161;21.28;33.5;34.23
429;2.896;6.161;21.28;33.5;34.46
430;2.896;6.161;21.28;33.5;34.46
431;2.896;6.161;21.28;33.38;34.34
432;2.895;6.161;21.28;33.5;34.58
433;2.894;6.161;21.28;33.61;34.58
434;2.894;6.161;21.28;33.5;34.23
435;2.894;6.161;21.28;33.83;34.46
436;2.893;6.161;21.28;33.61;34.23
437;2.892;6.161;21.28;33.72;34.46
438;2.892;6.161;21.28;33.72;34.58
439;2.892;6.161;21.28;33.72;34.46
440;2.891;6.161;21.38;33.61;34.58
441;2.89;6.161;21.28;33.61;34.81
442;2.89;6.161;21.28;33.83;34.58
443;2.889;6.161;21.28;33.83;34.7
444;2.889;6.161;21.28;33.83;34.58
445;2.889;6.161;21.28;33.83;34.58
446;2.889;6.161;21.28;33.72;34.7
447;2.888;6.161;21.28;33.83;34.7
448;2.889;6.161;21.28;33.94;34.7
449;2.888;6.161;21.28;33.83;34.93
450;2.888;6.161;21.28;33.94;34.7
451;2.888;6.161;21.28;33.83;34.93
452;2.887;6.161;21.28;33.94;34.93
453;2.886;6.161;21.28;34.06;34.81
454;2.886;6.161;21.28;33.94;34.7
455;2.885;6.161;21.28;34.06;34.93
456;2.885;6.161;21.28;34.06;34.93
457;2.884;6.161;21.38;34.28;34.93
458;2.883;6.161;21.38;34.06;34.93
459;2.883;6.161;21.28;34.17;35.05
460;2.883;6.161;21.28;33.72;35.05
461;2.882;6.161;21.28;34.17;35.05
462;2.882;6.161;21.28;34.28;34.93
463;2.881;6.161;21.28;34.4;35.05
464;2.88;6.161;21.28;34.17;35.05
465;2.88;6.161;21.28;34.28;35.17
466;2.879;6.161;21.28;34.28;35.05
467;2.879;6.161;21.28;34.4;35.05
468;2.879;6.161;21.28;34.28;35.53
469;2.878;6.161;21.28;34.4;35.29
470;2.878;6.161;21.28;34.4;35.29
471;2.878;6.161;21.28;34.28;35.17
472;2.877;6.161;21.28;35.08;35.29
473;2.877;6.161;21.28;34.51;36.49
474;2.876;6.161;21.28;34.51;35.17
475;2.876;6.161;21.28;34.51;35.29
476;2.876;6.161;21.28;34.62;35.29
477;2.875;6.161;21.28;34.62;35.41
478;2.874;6.161;21.28;34.62;35.41
479;2.874;6.161;21.18;34.62;35.41
480;2.873;6.161;21.28;34.51;35.41
481;2.872;6.161;21.28;34.62;35.41
482;2.872;6.161;21.28;34.74;35.53
483;2.871;6.161;21.28;34.74;35.53
484;2.871;6.161;21.28;34.74;35.53
485;2.87;6.161;21.28;34.62;35.53
486;2.87;6.161;21.28;34.74;35.41
487;2.869;6.161;21.28;34.74;35.53
488;2.868;6.161;21.28;34.74;35.41
489;2.868;6.161;21.28;34.85;35.41
490;2.867;6.161;21.28;34.85;35.65
491;2.867;6.161;21.28;34.85;35.53
492;2.867;6.161;21.28;34.85;35.53
493;2.866;6.161;21.28;34.85;35.53
494;2.866;6.161;21.28;34.85;35.53
495;2.865;6.161;21.28;34.85;34.7
496;2.865;6.161;21.28;34.96;35.65
497;2.864;6.161;21.28;34.96;35.53
498;2.864;6.161;21.28;35.08;35.65
499;2.863;6.161;21.28;35.08;35.65
500;2.863;6.161;21.28;35.08;35.65
501;2.863;6.161;21.28;35.08;35.65
502;2.863;6.161;21.28;34.96;35.89
503;2.863;6.161;21.28;35.19;35.65
504;2.863;6.161;21.28;34.96;35.65
505;2.862;6.161;21.28;35.08;35.65
506;2.861;6.161;21.38;35.19;35.77
507;2.861;6.161;21.28;35.08;35.77
508;2.86;6.161;21.28;35.19;36.25
509;2.86;6.161;21.28;35.19;35.65
510;2.86;6.161;21.08;35.3;36.01
511;2.859;6.161;21.28;35.19;35.89
512;2.859;6.161;21.38;35.3;35.89
513;2.858;6.161;21.28;35.42;36.13
514;2.858;6.161;21.28;35.3;35.89
515;2.858;6.161;21.28;35.53;36.25
516;2.857;6.161;21.28;35.3;36.13
517;2.857;6.161;21.28;35.42;35.77
518;2.856;6.161;21.28;35.42;36.01
519;2.856;6.161;21.38;35.42;35.89
520;2.856;6.161;21.38;35.42;36.01
521;2.855;6.161;21.28;35.53;36.01
522;2.855;6.161;21.28;35.53;36.01
523;2.854;6.161;21.28;35.53;36.25
524;2.854;6.161;21.28;35.53;36.25
525;2.854;6.161;21.38;35.53;36.13
526;2.853;6.161;21.38;35.65;36.13
527;2.852;6.161;21.28;35.65;36.25
528;2.852;6.161;21.38;35.65;36.13
529;2.852;6.161;21.28;35.65;36.25
530;2.851;6.161;21.28;35.76;36.25
531;2.851;6.161;21.38;35.65;36.25
532;2.85;6.161;21.28;35.76;36.25
533;2.849;6.161;21.28;35.65;36.13
534;2.848;6.161;21.28;35.76;36.25
535;2.848;6.161;21.28;35.88;36.25
536;2.847;6.161;21.28;35.76;36.25
537;2.847;6.161;21.28;35.76;36.25
538;2.847;6.161;21.28;35.88;36.25
539;2.846;6.161;21.28;35.76;36.49
540;2.846;6.161;21.28;35.88;36.37
541;2.846;6.161;21.28;35.88;36.37
542;2.845;6.161;21.28;35.88;36.49
543;2.845;6.161;21.28;35.99;36.49
544;2.844;6.161;21.28;35.99;36.49
545;2.843;6.161;21.28;35.99;36.49
546;2.843;6.161;21.28;35.99;36.49
547;2.842;6.161;21.28;35.99;36.25
548;2.842;6.161;21.28;36.11;36.61
549;2.841;6.161;21.28;36.22;36.49
550;2.841;6.161;21.28;35.99;36.49
551;2.841;6.161;21.18;35.99;36.49
552;2.841;6.161;21.28;35.65;36.49
553;2.839;6.161;21.28;36.11;36.86
554;2.839;6.161;21.28;36.11;36.86
555;2.838;6.161;21.18;36.22;35.29
556;2.837;6.161;21.18;36.22;36.61
557;2.837;6.161;21.18;35.88;36.74
558;2.836;6.161;21.18;36.22;36.74
559;2.836;6.161;21.38;36.34;36.61
560;2.835;6.161;21.18;36.22;36.74
561;2.834;6.161;21.18;36.34;36.74
562;2.835;6.161;21.18;36.22;36.74
563;2.834;6.161;21.18;36.34;36.74
564;2.833;6.161;21.18;36.22;36.86
565;2.833;6.161;21.18;36.34;36.86
566;2.832;6.161;21.18;36.34;36.74
567;2.832;6.161;21.18;36.46;36.74
568;2.832;6.161;21.18;36.34;36.74
569;2.831;6.161;21.18;36.34;36.61
570;2.83;6.161;21.18;36.46;36.86
571;2.83;6.161;21.18;36.46;36.86
572;2.83;6.161;21.18;36.46;36.86
573;2.829;6.161;21.18;36.46;36.86
574;2.829;6.161;21.18;36.46;36.86
575;2.828;6.161;21.18;36.69;36.86
576;2.828;6.161;21.18;36.57;36.98
577;2.827;6.161;21.08;36.57;36.98
578;2.826;6.161;21.18;36.69;36.74
579;2.826;6.161;21.18;36.46;36.98
580;2.826;6.161;21.18;36.57;36.98
581;2.825;6.161;21.18;36.57;36.98
582;2.825;6.161;21.18;36.69;36.98
583;2.824;6.161;21.18;36.57;36.98
584;2.824;6.161;21.08;36.69;36.98
585;2.824;6.161;21.08;36.57;37.1
586;2.823;6.161;21.08;36.69;36.74
587;2.823;6.161;21.18;36.81;36.98
588;2.822;6.161;21.08;36.92;36.98
589;2.822;6.161;21.18;36.81;37.1
590;2.821;6.161;21.18;36.69;37.1
591;2.821;6.161;21.18;36.81;37.1
592;2.82;6.161;21.08;36.81;36.98
593;2.82;6.161;21.18;36.81;37.35
594;2.819;6.161;21.18;36.81;37.1
595;2.818;6.161;21.48;36.69;37.1
596;2.818;6.161;21.18;36.81;37.23
597;2.818;6.161;21.08;36.81;37.23
598;2.817;6.161;21.18;36.92;37.23
599;2.817;6.161;21.18;37.04;37.23
600;2.816;6.161;21.18;36.92;37.23
601;2.815;6.161;21.18;37.04;37.35
602;2.815;6.161;21.18;36.92;37.35
603;2.814;6.161;21.18;36.92;37.35
604;2.813;6.161;21.18;37.04;37.23
605;2.813;6.161;21.18;37.04;37.47
606;2.812;6.161;21.18;37.04;37.47
607;2.812;6.161;21.18;37.04;37.47
608;2.812;6.161;21.18;37.16;37.72
609;2.812;6.161;21.18;37.04;37.47
610;2.811;6.161;21.18;37.16;37.47
611;2.81;6.161;21.18;37.16;37.47
612;2.809;6.161;21.18;37.16;37.47
613;2.809;6.161;21.28;37.16;37.47
614;2.808;6.161;21.18;37.16;37.6
615;2.808;6.161;21.18;37.16;37.6
616;2.808;6.161;21.28;37.27;37.6
617;2.807;6.161;21.18;37.27;37.47
618;2.806;6.161;21.18;37.27;37.72
619;2.806;6.161;21.18;37.27;37.84
620;2.805;6.161;21.18;37.16;37.72
621;2.805;6.161;21.18;37.27;37.97
622;2.805;6.161;21.18;37.27;37.72
623;2.804;6.161;21.18;37.39;37.72
624;2.804;6.161;21.18;37.39;37.84
625;2.803;6.161;21.18;37.39;37.84
626;2.803;6.161;21.28;37.39;37.72
627;2.801;6.161;21.28;37.51;37.72
628;2.801;6.161;21.28;37.39;37.72
629;2.8;6.161;21.18;37.51;37.84
630;2.8;6.161;21.28;37.63;37.84
631;2.799;6.161;21.28;37.51;37.72
632;2.799;6.161;21.28;37.51;37.84
633;2.799;6.161;21.48;37.51;37.84
634;2.799;6.161;21.28;37.63;37.84
635;2.797;6.161;21.28;37.63;37.97
636;2.797;6.161;21.28;37.63;37.97
637;2.796;6.161;21.18;37.63;37.84
638;2.796;6.161;21.18;37.63;37.72
639;2.795;6.161;21.28;37.63;38.09
640;2.795;6.161;21.18;36.92;37.97
641;2.794;6.161;21.28;37.74;38.09
642;2.793;6.161;21.28;37.74;37.97
643;2.793;6.161;21.28;37.63;37.84
644;2.792;6.161;21.18;37.74;38.09
645;2.792;6.161;21.28;37.74;38.22
646;2.791;6.161;21.28;37.63;38.6
647;2.791;6.161;21.18;37.74;38.09
648;2.79;6.161;21.28;37.74;38.09
649;2.789;6.161;21.28;37.86;38.22
650;2.789;6.161;21.18;37.86;38.22
651;2.788;6.161;21.18;37.98;38.34
652;2.787;6.161;21.18;37.86;38.09
653;2.786;6.161;21.18;37.98;37.97
654;2.786;6.161;21.18;37.98;38.22
655;2.785;6.161;21.28;37.98;38.22
656;2.785;6.161;21.28;37.98;38.22
657;2.784;6.161;21.18;37.98;38.22
658;2.784;6.161;21.18;37.74;38.22
659;2.783;6.161;21.18;38.1;38.34
660;2.782;6.161;21.18;38.1;38.34
661;2.782;6.161;21.18;38.1;38.34
662;2.781;6.161;21.18;38.1;38.34
663;2.781;6.161;21.18;38.1;38.47
664;2.78;6.161;21.18;38.1;38.34
665;2.779;6.161;21.18;38.1;38.47
666;2.779;6.161;21.18;38.1;38.47
667;2.778;6.161;21.18;38.22;38.47
668;2.778;6.161;21.18;38.22;38.72
669;2.777;6.161;21.18;38.22;38.47
670;2.777;6.161;21.18;38.1;38.6
671;2.776;6.161;21.18;38.22;38.47
672;2.775;6.161;21.08;38.34;38.85
673;2.775;6.161;21.18;38.34;38.6
674;2.774;6.161;21.28;38.34;38.6
675;2.774;6.161;21.18;38.34;38.6
676;2.773;6.161;21.18;38.34;38.6
677;2.773;6.161;21.18;38.34;38.72
678;2.772;6.161;21.18;38.46;38.72
679;2.771;6.161;21.18;38.34;38.72
680;2.771;6.161;21.18;38.46;38.72
681;2.77;6.161;21.18;38.34;38.72
682;2.769;6.161;21.18;38.46;38.72
683;2.769;6.161;21.18;38.46;37.97
684;2.769;6.161;21.18;38.46;38.85
685;2.769;6.161;21.18;38.46;38.85
686;2.768;6.161;21.18;38.58;38.85
687;2.768;6.161;21.18;38.7;38.85
688;2.767;6.161;21.18;38.58;38.98
689;2.767;6.161;21.18;38.58;38.85
690;2.766;6.161;21.18;38.58;38.98
691;2.766;6.161;21.18;38.7;38.85
692;2.765;6.161;21.18;38.58;38.98
693;2.764;6.161;21.08;38.7;38.98
694;2.764;6.161;21.18;38.7;38.98
695;2.764;6.161;21.18;38.7;38.98
696;2.764;6.161;21.18;38.7;38.98
697;2.763;6.161;21.18;38.82;38.98
698;2.762;6.161;21.18;38.7;39.1
699;2.761;6.161;21.18;38.82;39.1
700;2.761;6.161;21.18;38.82;39.1
701;2.76;6.161;21.18;38.94;39.36
702;2.759;6.161;21.08;38.7;39.1
703;2.759;6.161;21.18;38.58;39.1
704;2.759;6.161;21.08;38.82;39.1
705;2.758;6.161;21.18;38.82;39.1
706;2.757;6.161;21.18;38.82;39.1
707;2.757;6.161;21.08;38.94;39.1
708;2.757;6.161;21.08;38.94;39.1
709;2.756;6.161;21.08;38.82;39.23
710;2.756;6.161;21.08;38.94;39.1
711;2.756;6.161;21.08;38.94;40.26
712;2.755;6.161;21.08;38.94;39.1
713;2.754;6.161;21.08;38.94;38.98
714;2.753;6.161;21.08;38.94;39.1
715;2.753;6.161;21.08;38.94;38.85
716;2.752;6.161;21.18;38.82;39.23
717;2.751;6.161;21.08;39.06;38.98
718;2.751;6.161;21.08;38.94;39.36
719;2.75;6.161;21.08;39.06;39.36
720;2.75;6.161;21.08;38.94;39.23
721;2.75;6.161;21.08;39.06;39.23
722;2.749;6.161;21.08;39.06;39.23
723;2.749;6.161;21.08;39.06;39.23
724;2.748;6.161;21.08;39.06;39.36
725;2.747;6.161;21.08;39.06;39.36
726;2.747;6.161;21.08;39.06;39.36
727;2.746;6.161;21.08;39.06;39.1
728;2.746;6.161;21.18;39.06;39.23
729;2.746;6.161;21.08;39.18;39.49
730;2.746;6.161;21.08;39.3;39.23
731;2.745;6.161;21.08;39.18;39.49
732;2.744;6.161;21.18;39.18;39.49
733;2.744;6.161;21.08;39.18;39.49
734;2.743;6.161;21.18;39.3;39.49
735;2.743;6.161;21.08;39.91;39.74
736;2.743;6.161;21.08;39.42;39.61
737;2.742;6.161;21.08;39.3;39.61
738;2.741;6.161;21.08;39.3;39.61
739;2.741;6.161;21.08;39.3;39.61
740;2.741;6.161;21.08;39.3;39.74
741;2.74;6.161;21.08;39.3;39.61
742;2.739;6.161;21.08;39.42;39.74
743;2.739;6.161;21.08;39.3;39.61
744;2.738;6.161;21.08;39.42;39.74
745;2.737;6.161;21.08;39.42;39.74
746;2.737;6.161;21.08;40.4;39.74
747;2.736;6.161;21.08;39.54;39.74
748;2.736;6.161;21.18;39.54;40.0
749;2.735;6.161;21.08;39.54;39.74
750;2.735;6.161;21.18;39.54;39.87
751;2.734;6.161;21.08;39.66;39.87
752;2.734;6.161;21.08;39.54;39.87
753;2.734;6.161;21.08;39.66;40.0
754;2.733;6.161;21.08;39.54;39.87
755;2.733;6.161;21.08;39.66;39.87
756;2.732;6.161;21.08;39.66;39.74
757;2.732;6.161;21.08;39.42;40.0
758;2.731;6.161;21.08;39.66;40.13
759;2.731;6.161;21.08;39.66;39.87
760;2.73;6.161;21.08;39.66;39.87
761;2.73;6.161;21.08;39.66;40.0
762;2.729;6.161;21.08;39.78;40.13
763;2.729;6.161;21.08;39.78;40.0
764;2.728;6.161;21.08;39.78;40.0
765;2.728;6.161;21.08;39.78;40.0
766;2.728;6.161;21.08;39.78;40.13
767;2.727;6.161;21.18;39.91;40.0
768;2.726;6.161;21.18;39.78;40.39
769;2.726;6.161;21.18;39.91;40.13
770;2.725;6.161;21.18;39.78;40.0
771;2.724;6.161;21.08;39.91;40.26
772;2.724;6.161;21.18;39.91;40.26
773;2.724;6.161;21.08;39.91;40.39
774;2.723;6.161;21.08;39.91;40.39
775;2.723;6.161;21.28;39.91;40.26
776;2.722;6.161;21.08;40.03;40.26
777;2.721;6.161;21.18;40.15;40.26
778;2.721;6.161;21.18;40.03;40.26
779;2.72;6.161;21.18;40.03;40.39
780;2.719;6.161;21.18;40.15;40.26
781;2.719;6.161;21.18;40.03;40.39
782;2.718;6.161;21.18;40.27;40.39
783;2.718;6.161;21.18;40.03;40.39
784;2.717;6.161;21.18;40.15;40.39
785;2.716;6.161;21.18;40.15;40.39
786;2.716;6.161;21.18;40.15;40.52
787;2.715;6.161;21.18;40.15;40.65
788;2.715;6.161;21.18;40.27;40.52
789;2.715;6.161;21.18;40.15;40.39
790;2.714;6.161;21.18;40.27;40.52
791;2.714;6.161;21.18;40.27;40.52
792;2.713;6.161;21.18;40.27;40.39
793;2.713;6.161;21.28;40.27;40.65
794;2.712;6.161;21.28;40.27;40.52
795;2.712;6.161;21.28;40.27;40.65
796;2.711;6.161;21.38;39.91;40.65
797;2.711;6.161;21.28;40.4;40.65
798;2.71;6.161;21.28;40.4;40.78
799;2.709;6.161;21.28;40.4;40.78
800;2.709;6.161;21.28;40.4;40.78
801;2.708;6.161;21.28;40.4;40.78
802;2.707;6.161;21.28;40.52;40.78
803;2.708;6.161;21.28;40.52;40.78
804;2.707;6.161;21.28;40.52;40.78
805;2.706;6.161;21.38;40.64;40.52
806;2.706;6.161;21.28;40.4;40.91
807;2.706;6.161;21.28;40.52;40.78
808;2.705;6.161;21.28;40.64;41.04
809;2.705;6.161;21.28;40.52;40.78
810;2.704;6.161;21.28;40.52;40.91
811;2.704;6.161;21.28;40.52;40.91
812;2.703;6.161;21.28;40.64;40.91
813;2.703;6.161;21.28;40.52;40.91
814;2.702;6.161;21.28;40.77;40.78
815;2.702;6.161;21.28;40.64;40.91
816;2.701;6.161;21.28;40.64;40.91
817;2.7;6.161;21.28;40.52;40.91
818;2.699;6.161;21.28;40.77;40.91
819;2.699;6.161;21.28;40.77;40.91
820;2.699;6.161;21.28;40.77;40.91
821;2.698;6.161;21.28;40.77;41.04
822;2.698;6.161;21.28;40.77;41.04
823;2.697;6.161;21.28;40.77;41.04
824;2.697;6.161;21.28;40.77;41.04
825;2.696;6.161;21.28;40.89;40.91
826;2.696;6.161;21.28;40.64;41.18
827;2.695;6.161;21.28;40.77;41.04
828;2.695;6.161;21.28;40.89;41.04
829;2.694;6.161;21.28;40.89;41.18
830;2.693;6.161;21.28;40.89;41.31
831;2.693;6.161;21.28;40.89;41.18
832;2.693;6.161;21.28;41.01;41.18
833;2.692;6.161;21.28;40.89;41.18
834;2.691;6.161;21.28;41.01;41.18
835;2.691;6.161;21.38;41.01;40.0
836;2.69;6.161;21.28;41.01;41.04
837;2.69;6.161;21.28;41.01;41.18
838;2.689;6.161;21.28;41.01;41.04
839;2.689;6.161;21.28;41.01;41.04
840;2.689;6.161;21.28;41.01;41.04
841;2.688;6.161;21.28;41.01;41.04
842;2.687;6.161;21.38;41.14;41.04
843;2.687;6.161;21.38;41.14;41.04
844;2.686;6.161;21.38;41.01;41.31
845;2.685;6.161;21.38;41.14;41.04
846;2.685;6.161;21.38;41.01;41.18
847;2.684;6.161;21.38;41.14;41.04
848;2.684;6.161;21.38;41.14;41.04
849;2.683;6.161;21.38;41.01;41.04
850;2.682;6.161;21.38;41.14;41.04
851;2.682;6.161;21.68;41.14;41.04
852;2.681;6.161;21.48;41.14;40.91
853;2.68;6.161;21.38;41.14;40.91
854;2.68;6.161;21.38;41.26;41.04
855;2.679;6.161;21.38;41.39;41.18
856;2.679;6.161;21.38;41.14;41.04
857;2.678;6.161;21.38;41.26;40.91
858;2.678;6.161;21.38;41.14;41.04
859;2.677;6.161;21.38;41.14;41.04
860;2.677;6.161;21.38;41.26;41.04
861;2.677;6.161;21.28;41.26;41.04
862;2.676;6.161;21.38;41.26;40.78
863;2.674;6.161;21.38;41.26;40.91
864;2.674;6.161;21.28;41.26;41.04
865;2.674;6.161;21.38;41.26;41.04
866;2.674;6.161;21.38;40.89;40.65
867;2.673;6.161;21.38;41.26;41.04
868;2.673;6.161;21.38;41.26;41.04
869;2.672;6.161;21.38;41.26;41.18
870;2.672;6.161;21.28;41.26;41.04
871;2.671;6.161;21.28;42.4;41.04
872;2.671;6.161;21.38;41.26;41.18
873;2.67;6.161;21.28;41.39;41.18
874;2.67;6.161;21.38;41.26;41.44
875;2.669;6.161;21.38;41.39;41.18
876;2.669;6.161;21.28;41.39;41.31
877;2.668;6.161;21.38;41.51;41.04
878;2.667;6.161;21.28;41.39;41.18
879;2.667;6.161;21.38;41.39;41.18
880;2.667;6.161;21.28;41.39;41.18
881;2.666;6.161;21.28;41.51;41.18
882;2.666;6.161;21.28;41.39;41.18
883;2.665;6.161;21.28;41.39;41.31
884;2.665;6.161;21.28;41.51;41.31
885;2.665;6.161;21.28;41.51;41.31
886;2.664;6.161;21.28;40.89;41.31
887;2.664;6.161;21.28;41.51;41.18
888;2.663;6.161;21.28;41.51;41.31
889;2.662;6.161;21.28;41.51;41.31
890;2.662;6.161;21.28;41.51;41.44
891;2.661;6.161;21.48;41.39;41.44
892;2.661;6.161;21.28;41.64;41.57
893;2.66;6.161;21.28;41.64;41.44
894;2.66;6.161;21.38;41.64;40.26
895;2.659;6.161;21.28;41.64;41.31
896;2.659;6.161;21.38;41.64;41.57
897;2.658;6.161;21.38;40.64;41.57
898;2.658;6.161;21.38;41.76;41.84
899;2.657;6.161;21.38;41.76;41.57
900;2.657;6.161;21.38;41.76;41.57
901;2.657;6.161;21.28;41.76;41.71
902;2.656;6.161;21.38;41.64;41.57
903;2.656;6.161;21.38;41.76;41.71
904;2.655;6.161;21.38;41.76;41.57
905;2.655;6.161;21.38;41.76;41.84
906;2.655;6.161;21.38;41.89;41.57
907;2.654;6.161;21.38;41.89;41.84
908;2.653;6.161;21.28;41.89;41.71
909;2.653;6.161;21.38;41.76;41.97
910;2.653;6.161;21.38;41.89;41.84
911;2.652;6.161;21.38;42.02;41.71
912;2.652;6.161;21.38;42.02;41.84
913;2.652;6.161;21.38;41.89;42.11
914;2.651;6.161;21.28;42.02;41.71
915;2.651;6.161;21.28;42.02;41.84
916;2.65;6.161;21.28;42.02;41.97
917;2.65;6.161;21.28;42.02;41.97
918;2.649;6.161;21.28;42.02;41.31
919;2.649;6.161;21.28;42.02;41.97
920;2.649;6.161;21.28;41.89;41.97
921;2.648;6.161;21.28;42.02;41.84
922;2.647;6.161;21.28;42.14;42.11
923;2.648;6.161;21.28;42.14;42.11
924;2.647;6.161;21.38;42.02;41.97
925;2.646;6.161;21.28;42.02;42.24
926;2.646;6.161;21.28;42.14;42.11
927;2.645;6.161;21.28;42.27;42.11
928;2.645;6.161;21.28;42.14;42.24
929;2.645;6.161;21.28;42.65;42.24
930;2.644;6.161;21.28;42.14;42.24
931;2.644;6.161;21.28;42.27;42.38
932;2.644;6.161;21.38;42.27;42.24
933;2.643;6.161;21.28;42.4;42.11
934;2.643;6.161;21.28;42.14;42.24
935;2.642;6.161;21.28;42.27;42.38
936;2.642;6.161;21.28;42.27;42.24
937;2.641;6.161;21.28;42.27;42.51
938;2.64;6.161;21.28;42.27;42.51
939;2.64;6.161;21.28;42.4;42.38
940;2.639;6.161;21.28;42.52;42.38
941;2.638;6.161;21.38;42.27;42.51
942;2.638;6.161;21.28;42.4;42.38
943;2.638;6.161;21.28;42.4;42.38
944;2.637;6.161;21.18;42.52;42.38
945;2.637;6.161;21.28;42.4;42.51
946;2.637;6.161;21.28;42.4;42.51
947;2.637;6.161;21.28;42.52;42.38
948;2.636;6.161;21.28;42.52;42.51
949;2.636;6.161;21.28;42.52;42.38
950;2.636;6.161;21.28;42.52;42.38
951;2.634;6.161;21.28;42.52;40.65
952;2.634;6.161;21.28;42.65;42.38
953;2.633;6.161;21.28;41.89;42.51
954;2.632;6.161;21.28;42.52;42.51
955;2.632;6.161;21.28;42.52;42.65
956;2.632;6.161;21.28;42.65;42.51
957;2.631;6.161;21.28;42.52;42.51
958;2.631;6.161;21.28;42.65;42.65
959;2.631;6.161;21.28;42.65;42.65
960;2.63;6.161;21.28;42.65;42.65
961;2.63;6.161;21.28;42.65;42.65
962;2.629;6.161;21.28;42.91;43.33
963;2.629;6.161;21.28;42.65;42.65
964;2.629;6.161;21.28;42.78;42.79
965;2.629;6.161;21.38;42.78;42.79
966;2.629;6.161;21.28;42.78;42.65
967;2.629;6.161;21.28;42.78;42.79
968;2.628;6.161;21.28;42.78;42.65
969;2.628;6.161;21.28;42.78;42.92
970;2.627;6.161;21.28;42.91;42.92
971;2.627;6.161;21.28;42.78;42.92
972;2.627;6.161;21.28;42.78;42.92
973;2.626;6.161;21.28;42.78;42.92
974;2.625;6.161;21.28;42.78;42.92
975;2.626;6.161;21.28;42.78;42.92
976;2.625;6.161;21.28;42.78;42.79
977;2.624;6.161;21.28;42.91;42.92
978;2.624;6.161;21.28;42.91;42.92
979;2.623;6.161;21.28;42.91;43.2
980;2.623;6.161;21.28;42.91;42.92
981;2.623;6.161;21.28;42.91;42.92
982;2.623;6.161;21.18;42.91;43.06
983;2.622;6.161;21.28;43.03;43.06
984;2.622;6.161;21.28;42.91;43.06
985;2.622;6.161;21.28;42.91;43.2
986;2.621;6.161;21.28;43.03;43.06
987;2.62;6.161;21.28;43.03;43.2
988;2.62;6.161;21.28;43.03;43.06
989;2.62;6.161;21.28;43.03;43.06
990;2.619;6.161;21.28;42.91;43.2
991;2.619;6.161;21.28;43.16;43.2
992;2.619;6.161;21.28;43.03;43.2
993;2.619;6.161;21.28;43.03;43.75
994;2.618;6.161;21.28;43.16;43.2
995;2.617;6.161;21.28;43.16;43.2
996;2.617;6.161;21.28;43.16;43.2
997;2.617;6.161;21.28;43.03;43.2
998;2.617;6.161;21.08;43.16;43.2
999;2.617;6.161;21.18;43.16;43.33
1000;2.616;6.161;21.18;43.16;43.06
1001;2.616;6.161;21.28;43.16;43.47
1002;2.615;6.161;21.18;43.16;43.06
1003;2.614;6.161;21.28;43.16;43.33
1004;2.613;6.161;21.28;43.29;43.33
1005;2.612;6.161;21.18;43.29;43.33
1006;2.612;6.161;21.28;43.29;43.2
1007;2.611;6.161;21.28;43.29;43.33
1008;2.611;6.161;21.18;43.29;43.33
1009;2.61;6.161;21.28;43.16;43.33
1010;2.61;6.161;21.18;43.42;43.33
1011;2.609;6.161;21.28;43.29;43.47
1012;2.608;6.161;21.18;43.42;43.47
1013;2.608;6.161;21.18;43.29;43.47
1014;2.607;6.161;21.18;43.42;43.47
1015;2.607;6.161;21.18;43.42;43.47
1016;2.607;6.161;21.18;43.42;43.33
1017;2.606;6.161;21.18;43.42;43.61
1018;2.606;6.161;21.28;43.42;43.89
1019;2.606;6.161;21.28;43.55;43.47
1020;2.605;6.161;21.18;43.42;43.61
1021;2.605;6.161;21.18;43.55;43.61
1022;2.604;6.161;21.18;43.55;43.61
1023;2.604;6.161;21.18;43.42;43.61
1024;2.604;6.161;21.18;43.55;43.61
1025;2.603;6.161;21.18;43.55;43.75
1026;2.603;6.161;21.18;43.55;43.61
1027;2.602;6.161;21.18;43.55;43.47
1028;2.601;6.161;21.18;43.55;43.61
1029;2.601;6.161;21.18;43.55;43.75
1030;2.6;6.161;21.18;43.42;43.61
1031;2.6;6.161;21.18;43.68;43.75
1032;2.6;6.161;21.18;43.55;43.61
1033;2.599;6.161;21.28;43.68;43.61
1034;2.6;6.161;21.18;43.68;43.75
1035;2.599;6.161;21.18;43.68;43.61
1036;2.599;6.161;21.18;43.68;43.61
1037;2.598;6.161;21.18;43.68;43.75
1038;2.598;6.161;21.18;43.68;43.61
1039;2.598;6.161;21.18;43.68;43.75
1040;2.598;6.161;21.18;43.68;43.75
1041;2.598;6.161;21.18;43.68;43.75
1042;2.597;6.161;21.18;43.68;43.75
1043;2.597;6.161;21.18;43.68;43.75
1044;2.597;6.161;21.18;43.42;43.75
1045;2.596;6.161;21.18;43.68;43.75
1046;2.595;6.161;21.18;43.68;43.75
1047;2.595;6.161;21.18;43.81;43.75
1048;2.594;6.161;20.77;43.81;43.89
1049;2.594;6.161;21.18;43.81;43.89
1050;2.593;6.161;21.18;43.94;43.89
1051;2.593;6.161;21.18;44.07;44.03
1052;2.592;6.161;21.18;43.81;43.89
1053;2.592;6.161;21.28;43.81;43.89
1054;2.591;6.161;21.28;43.68;43.89
1055;2.59;6.161;21.18;43.81;43.89
1056;2.59;6.161;21.18;44.07;43.89
1057;2.59;6.161;21.28;43.94;43.89
1058;2.59;6.161;21.18;43.81;43.89
1059;2.59;6.161;21.18;43.81;43.89
1060;2.589;6.161;21.18;43.94;43.75
1061;2.588;6.161;21.28;43.94;44.03
1062;2.588;6.161;21.28;43.94;43.89
1063;2.588;6.161;21.28;43.94;44.03
1064;2.587;6.161;21.18;43.94;44.03
1065;2.587;6.161;21.28;43.94;43.89
1066;2.587;6.161;21.18;43.94;43.89
1067;2.587;6.161;21.28;44.07;44.03
1068;2.587;6.161;21.28;43.94;43.89
1069;2.585;6.161;21.28;44.07;44.03
1070;2.585;6.161;21.28;44.07;44.03
1071;2.585;6.161;21.28;44.07;44.03
1072;2.584;6.161;21.28;43.94;44.17
1073;2.584;6.161;21.28;44.07;44.03
1074;2.583;6.161;21.28;44.07;44.03
1075;2.583;6.161;21.28;44.07;44.03
1076;2.583;6.161;21.28;44.07;44.17
1077;2.583;6.161;21.28;44.07;44.03
1078;2.583;6.161;21.28;44.07;44.31
1079;2.583;6.161;21.28;44.07;44.17
1080;2.582;6.161;21.38;44.2;44.17
1081;2.583;6.161;21.28;44.2;44.03
1082;2.582;6.161;20.77;44.2;44.03
1083;2.581;6.161;21.38;44.2;44.17
1084;2.581;6.161;21.28;44.2;44.03
1085;2.581;6.161;21.28;44.2;44.17
1086;2.581;6.161;21.28;44.33;44.03
1087;2.58;6.161;21.28;44.33;44.31
1088;2.58;6.161;21.28;44.2;44.45
1089;2.58;6.161;21.28;44.2;44.31
1090;2.58;6.161;21.28;44.07;44.45
1091;2.579;6.161;21.28;44.33;44.31
1092;2.579;6.161;21.28;44.33;44.31
1093;2.578;6.161;21.28;44.2;44.31
1094;2.578;6.161;21.18;44.33;44.31
1095;2.577;6.161;21.28;44.33;44.31
1096;2.576;6.161;21.28;44.6;44.45
1097;2.576;6.161;21.28;44.33;44.45
1098;2.576;6.161;21.28;44.33;44.31
1099;2.575;6.161;21.28;44.33;44.45
1100;2.574;6.161;21.28;44.33;44.31
1101;2.574;6.161;21.28;44.46;44.45
1102;2.574;6.161;21.28;44.46;44.45
1103;2.573;6.161;21.28;44.33;44.45
1104;2.573;6.161;21.38;44.33;44.45
1105;2.573;6.161;21.38;44.46;44.59
1106;2.573;6.161;21.28;44.46;45.88
1107;2.572;6.161;21.28;44.46;44.59
1108;2.572;6.161;21.28;44.46;44.59
1109;2.571;6.161;21.28;44.6;44.59
1110;2.571;6.161;21.28;44.46;44.59
1111;2.57;6.161;21.28;44.6;44.73
1112;2.57;6.161;21.28;44.6;44.17
1113;2.569;6.161;21.28;44.46;44.31
1114;2.569;6.161;21.28;44.6;44.45
1115;2.569;6.161;21.28;44.6;44.59
1116;2.568;6.161;21.28;44.6;44.73
1117;2.569;6.161;21.28;44.6;44.59
1118;2.568;6.161;21.38;44.73;44.73
1119;2.568;6.161;21.28;44.6;44.59
1120;2.568;6.161;21.28;44.6;44.59
1121;2.567;6.161;21.28;44.73;44.59
1122;2.567;6.161;21.28;44.73;44.73
1123;2.566;6.161;21.28;44.73;44.87
1124;2.566;6.161;21.28;44.6;44.73
1125;2.565;6.161;21.28;44.73;44.73
1126;2.564;6.161;21.28;44.99;44.73
1127;2.564;6.161;21.28;44.73;44.73
1128;2.564;6.161;21.28;44.86;44.73
1129;2.564;6.161;21.28;44.73;44.73
1130;2.563;6.161;21.28;44.86;44.73
1131;2.563;6.161;21.28;44.86;44.87
1132;2.562;6.161;21.28;44.86;44.73
1133;2.562;6.161;21.28;44.86;44.73
1134;2.561;6.161;21.28;44.86;44.87
1135;2.561;6.161;21.18;44.86;44.73
1136;2.56;6.161;21.18;44.99;44.59
1137;2.56;6.161;21.18;44.86;44.87
1138;2.56;6.161;21.18;44.86;45.01
1139;2.559;6.161;21.18;44.86;44.17
1140;2.559;6.161;21.18;44.99;44.87
1141;2.558;6.161;21.18;44.99;44.87
1142;2.558;6.161;21.18;44.99;44.87
1143;2.557;6.161;21.18;44.99;44.87
1144;2.557;6.161;21.18;44.99;45.01
1145;2.557;6.161;21.18;44.99;44.87
1146;2.556;6.161;21.18;44.99;45.16
1147;2.556;6.161;21.18;44.99;45.01
1148;2.556;6.161;21.18;44.99;45.01
1149;2.556;6.161;21.18;44.99;45.01
1150;2.555;6.161;21.18;44.99;45.01
1151;2.555;6.161;21.18;44.99;45.01
1152;2.555;6.161;21.28;45.13;45.01
1153;2.554;6.161;21.18;45.13;45.16
1154;2.554;6.161;21.18;45.13;45.01
1155;2.553;6.161;21.18;45.13;45.3
1156;2.553;6.161;21.18;45.13;45.01
1157;2.552;6.161;21.18;44.99;45.16
1158;2.552;6.161;21.18;45.13;45.16
1159;2.551;6.161;21.18;45.13;45.16
1160;2.551;6.161;21.18;45.13;45.16
1161;2.55;6.161;21.18;45.26;45.16
1162;2.55;6.161;21.18;45.13;44.73
1163;2.55;6.161;21.18;45.26;45.16
1164;2.55;6.161;21.18;45.13;45.16
1165;2.549;6.161;21.28;45.13;45.16
1166;2.549;6.161;21.28;45.13;45.16
1167;2.549;6.161;21.18;45.26;45.16
1168;2.548;6.161;21.28;45.26;45.16
1169;2.548;6.161;21.38;45.39;45.01
1170;2.547;6.161;21.28;45.26;45.16
1171;2.547;6.161;21.18;44.99;45.44
1172;2.546;6.161;21.28;45.53;45.44
1173;2.546;6.161;21.28;45.39;45.16
1174;2.545;6.161;21.28;45.39;45.44
1175;2.545;6.161;21.28;45.39;45.16
1176;2.545;6.161;21.38;45.39;45.3
1177;2.544;6.161;21.28;45.39;45.44
1178;2.544;6.161;21.28;45.39;45.16
1179;2.543;6.161;21.28;46.34;45.3
1180;2.543;6.161;21.28;45.53;45.3
1181;2.542;6.161;21.28;45.53;45.3
1182;2.542;6.161;21.28;45.53;45.3
1183;2.542;6.161;21.18;45.39;45.3
1184;2.541;6.161;21.28;45.53;45.44
1185;2.541;6.161;21.28;45.53;45.3
1186;2.54;6.161;21.28;45.53;45.44
1187;2.54;6.161;21.28;45.53;45.44
1188;2.54;6.161;21.28;45.53;45.44
1189;2.539;6.161;21.28;45.53;45.44
1190;2.539;6.161;21.28;45.53;45.44
1191;2.539;6.161;21.28;45.66;45.3
1192;2.539;6.161;21.28;45.66;45.44
1193;2.538;6.161;21.28;45.66;45.44
1194;2.538;6.161;21.28;45.66;45.44
1195;2.537;6.161;21.28;45.66;45.44
1196;2.537;6.161;21.28;45.66;45.44
1197;2.536;6.161;21.28;45.66;45.44
1198;2.535;6.161;21.28;45.53;45.44
1199;2.534;6.161;21.28;45.66;45.59
1200;2.534;6.161;21.28;45.39;45.59
1201;2.534;6.161;21.28;44.46;45.59
1202;2.533;6.161;21.38;45.66;45.59
1203;2.533;6.161;21.28;45.66;45.44
1204;2.533;6.161;21.38;45.66;45.73
1205;2.533;6.161;21.38;45.93;45.88
1206;2.532;6.161;21.38;45.8;45.73
1207;2.532;6.161;21.38;45.8;45.59
1208;2.532;6.161;21.38;45.8;45.73
1209;2.531;6.161;21.28;45.8;45.59
1210;2.531;6.161;21.38;45.8;45.73
1211;2.53;6.161;21.38;45.8;45.73
1212;2.53;6.161;21.38;45.8;45.59
1213;2.529;6.161;21.38;45.8;45.73
1214;2.529;6.161;21.38;45.53;45.73
1215;2.528;6.161;21.38;45.66;45.73
1216;2.528;6.161;21.38;45.93;45.73
1217;2.527;6.161;21.38;46.07;45.59
1218;2.526;6.161;21.28;45.93;45.73
1219;2.526;6.161;21.38;45.93;45.73
1220;2.526;6.161;21.28;45.8;45.73
1221;2.525;6.161;21.38;45.93;45.73
1222;2.525;6.161;21.38;45.8;46.31
1223;2.525;6.161;21.28;45.66;46.31
1224;2.524;6.161;21.28;45.8;45.88
1225;2.524;6.161;21.28;45.93;46.02
1226;2.523;6.161;21.28;46.07;45.88
1227;2.522;6.161;21.28;45.93;45.88
1228;2.522;6.161;21.28;46.07;45.88
1229;2.521;6.161;21.28;45.66;46.02
1230;2.52;6.161;21.28;46.07;46.02
1231;2.52;6.161;21.18;46.07;45.73
1232;2.52;6.161;21.28;46.07;46.02
1233;2.519;6.161;21.28;45.93;45.59
1234;2.519;6.161;21.28;46.07;45.88
1235;2.518;6.161;21.28;45.93;45.88
1236;2.518;6.161;21.18;46.07;45.88
1237;2.517;6.161;21.28;46.07;46.02
1238;2.516;6.161;21.18;46.07;46.02
1239;2.516;6.161;21.08;46.07;45.88
1240;2.515;6.161;21.18;46.07;45.88
1241;2.515;6.161;21.18;46.07;46.02
1242;2.514;6.161;21.28;46.07;46.02
1243;2.514;6.161;21.18;46.07;46.17
1244;2.513;6.161;21.18;46.07;46.31
1245;2.513;6.161;21.18;46.2;45.73
1246;2.512;6.161;21.18;46.07;46.02
1247;2.512;6.161;21.18;46.2;46.02
1248;2.512;6.161;21.18;46.2;46.17
1249;2.512;6.161;21.18;46.2;46.17
1250;2.51;6.161;21.18;46.88;46.02
1251;2.509;6.161;21.28;46.2;46.02
1252;2.508;6.161;21.18;46.2;46.17
1253;2.508;6.161;21.18;46.2;46.17
1254;2.508;6.161;21.28;46.2;46.17
1255;2.507;6.161;21.18;46.2;46.17
1256;2.506;6.161;21.38;46.34;46.17
1257;2.506;6.161;21.18;46.34;46.17
1258;2.506;6.161;21.28;46.34;46.17
1259;2.504;6.161;21.18;46.34;46.17
1260;2.504;6.161;21.18;46.34;46.17
1261;2.505;6.161;21.18;46.34;46.17
1262;2.504;6.161;21.18;46.47;46.17
1263;2.503;6.161;21.18;46.47;46.31
1264;2.502;6.161;21.18;46.34;46.61
1265;2.502;6.161;21.18;46.47;46.17
1266;2.502;6.161;21.18;46.47;46.31
1267;2.502;6.161;21.18;46.47;46.31
1268;2.502;6.161;21.18;46.47;46.46
1269;2.5;6.161;21.28;46.47;46.31
