time;voltage;current;ambient_temperature;surface_temperature_plus;surface_temperature_minus
0;0.003;0.0;22.19;20.37;21.02
1;3.211;4.408;22.19;20.47;21.02
2;3.177;4.62;22.19;20.37;20.82
3;3.198;4.62;22.19;20.37;20.92
4;3.188;4.62;22.19;20.47;20.92
5;3.191;4.62;22.29;20.27;20.82
6;3.182;4.62;22.19;20.47;21.02
7;3.188;4.62;22.19;20.47;21.02
8;3.189;4.62;22.19;20.47;21.02
9;3.189;4.62;22.19;20.47;20.42
10;3.191;4.62;22.19;20.47;21.02
11;3.189;4.62;22.19;20.47;21.22
12;3.189;4.62;22.29;20.47;21.02
13;3.189;4.62;22.19;20.47;20.82
14;3.189;4.62;22.19;20.47;21.02
15;3.185;4.62;22.19;20.57;20.92
16;3.184;4.62;22.19;20.67;21.02
17;3.184;4.62;22.29;20.57;21.12
18;3.182;4.62;22.29;20.67;21.02
19;3.177;4.62;22.19;20.67;21.12
20;3.178;4.62;22.19;20.57;21.02
21;3.174;4.62;22.19;20.57;20.82
22;3.173;4.62;22.29;20.67;21.12
23;3.172;4.62;22.19;20.57;20.72
24;3.172;4.62;22.19;20.67;21.02
25;3.171;4.62;22.19;20.67;21.12
26;3.17;4.62;22.19;20.57;21.12
27;3.171;4.62;22.19;20.87;21.32
28;3.171;4.62;22.19;20.57;21.12
29;3.171;4.62;22.19;20.67;21.22
30;3.172;4.62;22.19;20.57;21.32
31;3.17;4.62;22.29;20.67;21.22
32;3.168;4.62;22.19;20.67;21.22
33;3.169;4.62;22.19;20.77;21.22
34;3.168;4.62;22.19;20.67;21.12
35;3.169;4.62;22.19;20.77;21.22
36;3.169;4.62;22.19;20.77;21.22
37;3.17;4.62;22.19;20.98;21.52
38;3.171;4.62;22.19;20.87;21.32
39;3.169;4.62;22.19;20.87;21.32
40;3.171;4.62;22.19;20.87;22.23
41;3.171;4.62;22.29;20.87;21.42
42;3.171;4.62;22.19;20.87;21.42
43;3.171;4.62;22.19;20.67;21.42
44;3.172;4.62;22.19;20.98;21.52
45;3.173;4.62;22.19;20.87;21.52
46;3.172;4.62;22.19;20.98;21.42
47;3.172;4.62;22.19;20.98;21.52
48;3.173;4.62;22.19;20.87;21.62
49;3.171;4.62;22.19;21.08;21.73
50;3.171;4.62;22.19;21.08;21.52
51;3.168;4.62;22.19;21.08;21.62
52;3.169;4.62;22.19;21.08;21.62
53;3.171;4.62;22.19;21.18;21.62
54;3.17;4.62;22.19;21.18;21.62
55;3.17;4.62;22.19;21.18;21.73
56;3.171;4.62;22.19;21.18;21.83
57;3.171;4.62;22.19;21.18;21.62
58;3.171;4.62;22.19;21.18;21.73
59;3.17;4.62;22.19;20.67;21.93
60;3.171;4.62;22.19;21.28;21.83
61;3.173;4.62;22.19;21.28;21.62
62;3.173;4.62;22.19;21.28;22.03
63;3.171;4.62;22.19;21.38;21.93
64;3.171;4.62;22.19;21.28;21.73
65;3.171;4.62;22.19;21.38;21.93
66;3.171;4.62;22.19;21.38;21.93
67;3.172;4.62;22.29;21.28;21.93
68;3.171;4.62;22.19;21.48;21.83
69;3.171;4.62;22.19;21.48;22.03
70;3.171;4.62;22.19;21.48;22.23
71;3.171;4.62;22.19;21.58;22.03
72;3.17;4.62;22.19;21.48;22.03
73;3.171;4.62;22.19;21.68;21.83
74;3.172;4.62;22.29;21.58;22.13
75;3.172;4.62;22.19;21.58;22.13
76;3.171;4.62;22.19;21.58;22.13
77;3.171;4.62;22.19;21.58;22.13
78;3.171;4.62;22.19;21.68;22.23
79;3.171;4.62;22.19;21.68;22.13
80;3.173;4.62;22.19;21.68;22.13
81;3.173;4.62;22.19;21.68;22.23
82;3.172;4.62;22.19;21.78;22.33
83;3.173;4.62;22.19;21.99;22.43
84;3.173;4.62;22.19;21.78;22.33
85;3.173;4.62;22.19;21.78;22.43
86;3.175;4.62;22.19;21.78;22.33
87;3.174;4.62;22.19;21.89;22.43
88;3.173;4.62;22.19;21.68;22.43
89;3.173;4.62;22.19;21.99;22.43
90;3.173;4.62;22.19;21.99;22.43
91;3.171;4.62;22.19;21.99;22.53
92;3.172;4.62;22.19;22.19;22.23
93;3.171;4.62;22.09;21.99;22.53
94;3.172;4.62;22.19;21.99;22.03
95;3.171;4.62;22.29;22.09;22.53
96;3.172;4.62;22.19;22.09;22.64
97;3.172;4.62;22.19;22.09;22.74
98;3.172;4.62;21.78;22.19;22.64
99;3.173;4.62;22.19;22.09;22.74
100;3.173;4.62;22.19;22.19;22.74
101;3.174;4.62;22.19;22.19;22.74
102;3.175;4.62;22.19;22.19;22.74
103;3.174;4.62;22.19;22.39;22.74
104;3.172;4.62;22.19;22.29;22.84
105;3.172;4.62;22.19;22.39;22.84
106;3.173;4.62;22.19;22.29;22.84
107;3.172;4.62;22.29;22.29;22.94
108;3.174;4.62;22.19;22.39;22.94
109;3.172;4.62;22.19;22.39;22.94
110;3.172;4.62;22.29;22.39;22.84
111;3.172;4.62;22.19;22.39;22.94
112;3.172;4.62;22.19;22.49;23.04
113;3.173;4.62;22.19;22.49;23.04
114;3.173;4.62;22.19;22.49;23.04
115;3.174;4.62;22.09;22.49;23.25
116;3.173;4.62;22.19;22.6;23.15
117;3.175;4.62;22.19;22.6;22.84
118;3.175;4.62;22.29;22.6;23.04
119;3.174;4.62;22.29;22.7;23.15
120;3.173;4.62;22.29;22.7;23.15
121;3.173;4.62;22.29;22.7;23.25
122;3.174;4.62;22.29;22.7;23.25
123;3.173;4.62;22.29;22.7;23.35
124;3.172;4.62;22.29;22.7;23.15
125;3.172;4.62;22.29;22.7;23.35
126;3.174;4.62;22.29;22.7;23.35
127;3.173;4.62;22.29;22.9;23.35
128;3.172;4.62;22.29;22.8;23.45
129;3.173;4.62;22.29;22.9;23.25
130;3.173;4.62;22.29;22.8;23.66
131;3.173;4.62;22.29;22.9;23.66
132;3.174;4.62;22.29;23.0;23.66
133;3.173;4.62;22.29;23.0;23.56
134;3.173;4.62;22.09;22.9;23.66
135;3.173;4.62;22.29;23.1;23.66
136;3.173;4.62;22.29;23.1;23.56
137;3.173;4.62;22.19;23.0;23.66
138;3.172;4.62;22.29;23.1;23.66
139;3.174;4.62;22.29;23.1;23.76
140;3.174;4.62;22.29;23.1;23.66
141;3.174;4.62;22.19;23.21;23.76
142;3.174;4.62;22.29;23.21;23.76
143;3.174;4.62;22.29;23.21;24.38
144;3.174;4.62;22.39;23.21;23.76
145;3.174;4.62;22.29;23.21;23.66
146;3.174;4.62;22.29;23.21;23.86
147;3.174;4.62;22.29;23.31;23.86
148;3.174;4.62;22.29;23.41;23.86
149;3.175;4.62;22.29;23.31;23.86
150;3.174;4.62;22.29;23.31;23.97
151;3.174;4.62;22.29;23.51;23.97
152;3.174;4.62;22.29;23.51;23.97
153;3.174;4.62;22.29;23.41;23.86
154;3.174;4.62;22.29;23.41;24.07
155;3.174;4.62;22.29;23.51;23.97
156;3.174;4.62;22.29;23.41;24.07
157;3.174;4.62;22.29;23.51;24.17
158;3.173;4.62;22.29;23.61;24.17
159;3.173;4.62;22.29;23.61;24.17
160;3.173;4.62;22.29;23.51;24.17
161;3.174;4.62;22.29;23.61;24.07
162;3.174;4.62;22.29;23.51;24.17
163;3.175;4.62;22.29;23.72;24.07
164;3.175;4.62;22.29;23.72;24.28
165;3.175;4.62;22.29;23.72;24.28
166;3.176;4.62;22.29;23.82;24.28
167;3.175;4.62;22.39;23.72;24.07
168;3.175;4.62;22.29;23.82;24.17
169;3.174;4.62;22.29;24.23;24.38
170;3.174;4.62;22.39;23.82;24.28
171;3.174;4.62;22.29;23.82;24.28
172;3.174;4.62;22.39;23.82;24.38
173;3.174;4.62;22.39;23.92;24.38
174;3.174;4.62;22.39;23.92;24.38
175;3.174;4.62;22.29;23.92;24.48
176;3.174;4.62;22.29;23.92;24.48
177;3.174;4.62;22.39;24.02;24.79
178;3.174;4.62;22.29;24.02;24.59
179;3.174;4.62;22.29;24.02;24.59
180;3.174;4.62;22.39;24.02;24.79
181;3.173;4.62;22.39;24.02;24.59
182;3.173;4.62;22.29;24.02;24.69
183;3.173;4.62;22.39;24.13;25.52
184;3.172;4.62;22.29;24.13;24.69
185;3.173;4.62;22.29;24.13;24.69
186;3.173;4.62;22.29;24.33;23.86
187;3.172;4.62;22.29;24.23;24.79
188;3.172;4.62;22.29;24.33;24.69
189;3.172;4.62;22.29;24.33;24.69
190;3.173;4.62;22.29;24.23;24.79
191;3.172;4.62;22.39;24.13;25.0
192;3.174;4.62;22.29;24.33;24.79
193;3.173;4.62;22.29;24.33;24.79
194;3.173;4.62;22.29;24.33;24.9
195;3.173;4.62;22.29;24.43;24.9
196;3.172;4.62;22.29;24.33;25.0
197;3.172;4.62;22.39;24.64;24.9
198;3.172;4.62;22.39;24.43;24.9
199;3.172;4.62;22.39;25.05;24.9
200;3.172;4.62;22.49;24.43;23.97
201;3.172;4.62;22.39;24.54;25.1
202;3.172;4.62;22.39;24.54;25.1
203;3.173;4.62;22.39;24.54;24.9
204;3.173;4.62;22.29;24.54;25.31
205;3.172;4.62;22.39;24.64;26.04
206;3.172;4.62;22.29;24.64;25.1
207;3.172;4.62;22.29;24.74;25.21
208;3.172;4.62;22.29;24.64;25.21
209;3.172;4.62;22.29;24.74;25.1
210;3.172;4.62;22.39;24.74;25.21
211;3.172;4.62;22.29;24.85;25.21
212;3.172;4.62;22.39;24.74;25.21
213;3.172;4.62;22.29;24.74;25.31
214;3.172;4.62;22.29;24.74;25.42
215;3.172;4.62;22.29;24.85;25.42
216;3.171;4.62;22.29;24.85;25.42
217;3.171;4.62;22.29;24.85;25.31
218;3.172;4.62;22.29;24.95;25.31
219;3.173;4.62;22.29;24.85;25.21
220;3.172;4.62;22.29;24.95;25.52
221;3.172;4.62;22.29;25.05;25.42
222;3.172;4.62;22.29;24.95;25.42
223;3.173;4.62;22.29;24.95;25.42
224;3.173;4.62;22.29;25.15;25.52
225;3.172;4.62;22.29;25.15;25.52
226;3.171;4.62;22.29;25.05;25.52
227;3.171;4.62;22.29;25.05;25.73
228;3.172;4.62;22.29;25.15;25.52
229;3.17;4.62;22.29;25.15;25.63
230;3.17;4.62;22.29;25.05;25.52
231;3.17;4.62;22.29;25.15;25.73
232;3.17;4.62;22.29;25.15;27.31
233;3.17;4.62;22.29;25.36;25.63
234;3.17;4.62;22.29;25.26;25.73
235;3.169;4.62;22.29;25.36;25.63
236;3.169;4.62;22.29;25.26;25.73
237;3.169;4.62;22.29;25.36;25.52
238;3.169;4.62;22.29;25.36;25.94
239;3.168;4.62;22.29;25.36;25.73
240;3.168;4.62;22.29;26.09;26.04
241;3.168;4.62;22.29;25.46;25.84
242;3.168;4.62;22.29;25.36;25.84
243;3.168;4.62;22.29;25.46;25.84
244;3.167;4.62;22.29;25.36;25.94
245;3.168;4.62;22.39;25.46;25.94
246;3.167;4.62;22.29;25.46;25.94
247;3.167;4.62;22.39;25.46;25.94
248;3.167;4.62;22.39;25.57;25.94
249;3.167;4.62;22.39;25.57;26.15
250;3.167;4.62;22.39;25.57;26.04
251;3.166;4.62;22.39;25.57;26.04
252;3.166;4.62;22.39;25.67;26.04
253;3.166;4.62;22.29;25.67;26.15
254;3.166;4.62;22.39;25.57;26.04
255;3.166;4.62;22.29;25.78;26.15
256;3.166;4.62;22.39;25.67;26.15
257;3.165;4.62;22.39;25.67;26.26
258;3.166;4.62;22.39;25.78;26.15
259;3.165;4.62;22.29;25.78;26.26
260;3.165;4.62;22.29;25.78;26.26
261;3.165;4.62;22.29;25.78;26.26
262;3.165;4.62;22.19;25.78;26.36
263;3.164;4.62;22.29;25.88;26.26
264;3.164;4.62;22.39;25.78;26.36
265;3.164;4.62;22.29;25.88;26.36
266;3.164;4.62;22.39;25.88;26.15
267;3.164;4.62;22.39;25.88;26.36
268;3.164;4.62;22.39;25.98;26.36
269;3.164;4.62;22.39;25.88;26.26
270;3.164;4.62;22.39;25.98;26.57
271;3.164;4.62;22.39;25.98;26.36
272;3.164;4.62;22.39;25.98;25.94
273;3.164;4.62;22.39;26.09;26.47
274;3.163;4.62;22.39;26.09;26.47
275;3.163;4.62;22.39;25.98;26.47
276;3.163;4.62;22.39;25.98;26.57
277;3.162;4.62;22.39;26.19;26.15
278;3.162;4.62;22.39;26.19;26.57
279;3.162;4.62;22.39;26.19;26.57
280;3.162;4.62;22.39;26.19;26.57
281;3.162;4.62;22.49;26.29;26.78
282;3.161;4.62;22.39;26.19;26.68
283;3.161;4.62;22.39;26.29;26.47
284;3.161;4.62;22.39;26.19;26.68
285;3.161;4.62;22.39;26.29;26.68
286;3.16;4.62;22.39;26.29;26.68
287;3.16;4.62;22.39;26.29;26.68
288;3.159;4.62;22.39;26.4;26.57
289;3.159;4.62;22.39;27.02;26.89
290;3.158;4.62;22.39;26.5;26.68
291;3.158;4.62;22.39;26.4;26.78
292;3.158;4.62;22.39;26.4;27.0
293;3.157;4.62;22.39;26.5;26.89
294;3.157;4.62;22.39;26.4;27.85
295;3.157;4.62;22.39;26.61;26.78
296;3.156;4.62;22.49;26.5;26.78
297;3.156;4.62;22.39;26.5;26.89
298;3.156;4.62;22.39;27.23;26.89
299;3.155;4.62;22.49;26.5;27.0
300;3.155;4.62;22.49;26.5;27.0
301;3.155;4.62;22.49;26.61;26.89
302;3.156;4.62;22.49;26.61;26.89
303;3.156;4.62;22.49;26.71;27.0
304;3.156;4.62;22.49;26.61;27.0
305;3.155;4.62;22.49;26.61;27.0
306;3.155;4.62;22.39;26.61;27.0
307;3.154;4.62;22.39;26.61;27.31
308;3.154;4.62;22.39;26.61;27.0
309;3.154;4.62;22.49;27.44;27.0
310;3.153;4.62;22.39;26.71;27.1
311;3.154;4.62;22.39;26.71;27.31
312;3.153;4.62;22.49;26.71;27.21
313;3.154;4.62;22.39;26.71;27.1
314;3.153;4.62;22.39;26.82;27.1
315;3.153;4.62;22.39;26.82;27.1
316;3.153;4.62;22.29;26.82;27.21
317;3.153;4.62;22.39;26.82;27.21
318;3.153;4.62;22.39;26.92;27.1
319;3.153;4.62;22.39;26.82;27.1
320;3.152;4.62;22.39;26.92;27.21
321;3.151;4.62;22.39;26.92;27.21
322;3.151;4.62;22.39;26.92;27.21
323;3.151;4.62;22.39;26.92;27.31
324;3.151;4.62;22.7;26.71;27.31
325;3.151;4.62;22.39;27.02;27.21
326;3.151;4.62;22.39;27.13;27.42
327;3.15;4.62;22.39;27.02;27.31
328;3.15;4.62;22.39;27.02;27.42
329;3.149;4.62;22.39;27.13;27.42
330;3.15;4.62;22.39;26.82;27.42
331;3.149;4.62;22.39;27.13;27.53
332;3.15;4.62;22.39;27.13;27.53
333;3.15;4.62;22.39;27.13;27.42
334;3.149;4.62;22.39;27.13;27.42
335;3.148;4.62;22.39;27.13;27.64
336;3.148;4.62;22.39;27.13;27.42
337;3.148;4.62;22.29;27.23;27.42
338;3.147;4.62;22.39;27.23;27.53
339;3.146;4.62;22.29;27.23;27.53
340;3.146;4.62;22.39;27.34;27.64
341;3.146;4.62;22.29;27.34;27.53
342;3.145;4.62;22.29;27.34;27.53
343;3.144;4.62;22.39;27.23;27.53
344;3.143;4.62;22.39;27.34;27.53
345;3.145;4.62;22.29;27.34;27.53
346;3.145;4.62;22.39;27.13;27.42
347;3.144;4.62;22.39;27.34;27.74
348;3.144;4.62;22.39;27.76;27.53
349;3.143;4.62;22.39;27.34;27.64
350;3.143;4.62;22.39;27.44;27.74
351;3.142;4.62;22.49;27.44;27.64
352;3.142;4.62;22.49;27.44;27.64
353;3.141;4.62;22.39;27.44;27.74
354;3.141;4.62;22.39;27.44;27.85
355;3.141;4.62;22.39;27.44;27.85
356;3.141;4.62;22.39;27.44;27.74
357;3.14;4.62;22.39;27.55;27.74
358;3.138;4.62;22.39;27.55;27.64
359;3.138;4.62;22.39;27.55;27.85
360;3.137;4.62;22.39;27.55;27.85
361;3.136;4.62;22.39;27.65;27.85
362;3.135;4.62;22.39;27.65;27.85
363;3.135;4.62;22.39;27.65;27.96
364;3.135;4.62;22.39;27.65;27.85
365;3.134;4.62;22.29;27.65;27.96
366;3.134;4.62;22.39;27.65;27.85
367;3.133;4.62;22.39;27.65;27.74
368;3.134;4.62;22.39;27.65;28.06
369;3.134;4.62;22.39;27.65;28.06
370;3.132;4.62;22.39;27.76;27.96
371;3.131;4.62;22.29;27.76;27.85
372;3.132;4.62;22.39;27.76;28.06
373;3.132;4.62;22.39;27.86;28.06
374;3.131;4.62;22.39;27.76;28.06
375;3.131;4.62;22.39;27.76;27.96
376;3.131;4.62;22.39;27.76;28.06
377;3.131;4.62;22.39;27.76;28.06
378;3.13;4.62;22.39;27.76;28.06
379;3.13;4.62;22.39;27.86;28.06
380;3.129;4.62;22.39;27.86;28.17
381;3.128;4.62;22.39;27.97;28.17
382;3.128;4.62;22.39;27.97;28.06
383;3.129;4.62;22.39;27.97;28.28
384;3.128;4.62;22.29;28.08;28.39
385;3.128;4.62;22.29;27.86;28.06
386;3.127;4.62;22.39;27.97;28.28
387;3.126;4.62;22.39;27.97;28.82
388;3.125;4.62;22.29;27.97;28.17
389;3.124;4.62;22.29;28.08;28.28
390;3.124;4.62;22.29;28.08;28.5
391;3.124;4.62;22.29;28.08;28.28
392;3.124;4.62;22.29;27.97;28.28
393;3.123;4.62;22.29;28.08;28.39
394;3.123;4.62;22.29;28.08;28.39
395;3.124;4.62;22.29;28.08;28.39
396;3.123;4.62;22.29;28.18;28.39
397;3.123;4.62;22.29;28.29;28.17
398;3.122;4.62;22.29;28.08;28.28
399;3.122;4.62;22.39;28.29;28.28
400;3.123;4.62;22.39;28.18;28.39
401;3.123;4.62;22.39;28.29;28.39
402;3.125;4.62;22.39;27.97;28.28
403;3.124;4.62;22.39;28.18;28.39
404;3.122;4.62;22.39;28.18;28.39
405;3.122;4.62;22.39;28.29;28.5
406;3.122;4.62;22.39;28.29;28.5
407;3.121;4.62;22.39;28.29;28.5
408;3.121;4.62;22.39;28.29;28.5
409;3.12;4.62;22.39;28.39;28.5
410;3.12;4.62;22.39;28.29;28.5
411;3.12;4.62;22.09;28.5;28.28
412;3.12;4.62;22.39;28.5;28.6
413;3.121;4.62;22.39;28.39;28.5
414;3.119;4.62;22.39;28.39;28.5
415;3.119;4.62;22.29;28.5;28.6
416;3.118;4.62;22.39;28.5;28.5
417;3.117;4.62;22.29;28.6;28.6
418;3.117;4.62;22.29;28.5;28.71
419;3.117;4.62;22.39;28.39;28.71
420;3.117;4.62;22.39;28.5;28.71
421;3.119;4.62;22.39;28.5;28.71
422;3.117;4.62;22.39;28.5;28.71
423;3.119;4.62;22.39;28.6;28.71
424;3.125;4.62;22.39;28.5;28.71
425;3.121;4.62;22.39;28.29;28.39
426;3.121;4.62;22.49;28.71;28.82
427;3.121;4.62;22.49;28.6;28.71
428;3.121;4.62;22.39;28.5;28.82
429;3.12;4.62;22.49;28.6;28.28
430;3.119;4.62;22.39;28.6;28.82
431;3.118;4.62;22.39;28.6;28.93
432;3.118;4.62;22.39;28.6;28.71
433;3.117;4.62;22.39;28.71;28.71
434;3.116;4.62;22.39;28.71;28.82
435;3.115;4.62;22.39;28.71;28.82
436;3.118;4.62;22.39;28.71;28.93
437;3.118;4.62;22.39;28.71;28.82
438;3.118;4.62;22.39;28.71;28.82
439;3.118;4.62;22.39;28.82;28.71
440;3.121;4.62;22.39;28.71;28.93
441;3.121;4.62;22.39;28.82;28.93
442;3.115;4.62;22.39;28.82;28.93
443;3.114;4.62;22.39;28.82;28.71
444;3.114;4.62;22.39;28.82;28.93
445;3.114;4.62;22.39;28.82;28.82
446;3.113;4.62;22.39;28.82;28.93
447;3.112;4.62;22.39;28.82;28.93
448;3.112;4.62;22.49;28.82;28.93
449;3.112;4.62;22.49;28.92;28.93
450;3.111;4.62;22.49;28.82;28.93
451;3.112;4.62;22.49;28.82;28.93
452;3.112;4.62;22.6;28.92;29.04
453;3.111;4.62;22.49;28.92;28.93
454;3.112;4.62;22.49;28.71;29.04
455;3.109;4.62;22.6;28.92;29.04
456;3.109;4.62;22.49;28.82;28.93
457;3.108;4.62;22.49;28.92;29.04
458;3.108;4.62;22.49;28.92;29.15
459;3.107;4.62;22.49;28.92;29.26
460;3.107;4.62;22.49;28.92;29.15
461;3.107;4.62;22.49;29.03;29.04
462;3.106;4.62;22.49;29.03;29.58
463;3.106;4.62;22.49;29.03;29.15
464;3.106;4.62;22.49;29.14;29.26
465;3.106;4.62;22.49;29.03;29.26
466;3.106;4.62;22.49;29.14;29.26
467;3.105;4.62;22.49;29.14;29.26
468;3.105;4.62;22.49;29.24;29.47
469;3.106;4.62;22.39;29.14;29.37
470;3.106;4.62;22.49;29.14;29.26
471;3.106;4.62;22.39;29.14;29.15
472;3.106;4.62;22.39;29.14;29.26
473;3.106;4.62;22.49;29.14;29.04
474;3.106;4.62;22.49;29.24;29.26
475;3.105;4.62;22.49;29.03;29.26
476;3.107;4.62;22.6;29.24;29.37
477;3.107;4.62;22.49;29.24;29.37
478;3.108;4.62;22.49;29.24;29.37
479;3.108;4.62;22.6;29.03;29.37
480;3.107;4.62;22.49;29.35;29.37
481;3.108;4.62;22.49;29.24;29.37
482;3.106;4.62;22.6;29.46;29.15
483;3.105;4.62;22.49;29.24;29.37
484;3.104;4.62;22.49;29.24;30.8
485;3.104;4.62;22.49;29.24;29.37
486;3.103;4.62;22.49;29.35;29.47
487;3.104;4.62;22.49;29.46;29.8
488;3.103;4.62;22.49;29.35;29.47
489;3.103;4.62;22.49;29.35;29.58
490;3.102;4.62;22.49;29.03;29.58
491;3.102;4.62;22.49;29.35;29.58
492;3.101;4.62;22.39;29.56;29.69
493;3.101;4.62;22.49;29.46;29.47
494;3.1;4.62;22.39;29.46;29.47
495;3.1;4.62;22.39;29.46;29.47
496;3.1;4.62;22.49;29.56;29.47
497;3.1;4.62;22.39;29.46;29.47
498;3.1;4.62;22.49;29.46;29.47
499;3.099;4.62;22.49;29.46;29.47
500;3.098;4.62;22.49;29.46;29.58
501;3.097;4.62;22.49;29.46;29.47
502;3.097;4.62;22.49;29.56;29.69
503;3.096;4.62;22.49;29.46;29.58
504;3.096;4.62;22.49;29.56;29.58
505;3.095;4.62;22.49;29.46;29.58
506;3.095;4.62;22.6;29.56;29.58
507;3.095;4.62;22.49;29.46;29.58
508;3.094;4.62;22.49;29.46;29.47
509;3.094;4.62;22.6;29.56;29.58
510;3.093;4.62;22.49;29.56;29.47
511;3.093;4.62;22.49;29.78;29.8
512;3.093;4.62;22.49;29.46;29.47
513;3.093;4.62;22.49;29.67;29.69
514;3.092;4.62;22.49;29.67;31.02
515;3.092;4.62;22.6;29.67;30.02
516;3.092;4.62;22.49;29.56;29.58
517;3.092;4.62;22.49;29.67;29.58
518;3.091;4.62;22.49;29.67;29.69
519;3.09;4.62;22.49;29.78;29.91
520;3.09;4.62;22.39;29.67;29.8
521;3.09;4.62;22.49;29.78;29.69
522;3.09;4.62;22.49;29.78;29.69
523;3.089;4.62;22.6;29.67;30.47
524;3.088;4.62;22.49;29.67;29.8
525;3.086;4.62;22.6;29.56;29.8
526;3.086;4.62;22.6;29.67;29.69
527;3.085;4.62;22.6;29.78;29.69
528;3.085;4.62;22.6;29.78;29.69
529;3.084;4.62;22.6;29.78;29.8
530;3.084;4.62;22.49;29.78;29.91
531;3.083;4.62;22.6;29.78;29.91
532;3.083;4.62;22.49;29.88;30.02
533;3.084;4.62;22.49;29.78;29.91
534;3.083;4.62;22.49;29.88;29.8
535;3.083;4.62;22.49;29.88;29.91
536;3.082;4.62;22.49;29.88;29.91
537;3.081;4.62;22.49;29.88;29.91
538;3.08;4.62;22.49;29.88;29.91
539;3.079;4.62;22.49;29.88;29.91
540;3.079;4.62;22.49;29.88;30.02
541;3.078;4.62;22.49;29.88;30.02
542;3.077;4.62;22.49;29.99;29.8
543;3.077;4.62;22.39;29.99;29.91
544;3.076;4.62;22.49;29.99;30.13
545;3.075;4.62;22.39;29.99;29.91
546;3.074;4.62;22.49;29.99;30.02
547;3.073;4.62;22.49;29.99;30.02
548;3.074;4.62;22.49;29.99;30.02
549;3.073;4.62;22.49;29.67;30.02
550;3.073;4.62;22.49;29.99;30.24
551;3.073;4.62;22.49;30.1;30.24
552;3.072;4.62;22.49;29.99;30.02
553;3.071;4.62;22.49;30.1;30.13
554;3.071;4.62;22.6;30.1;30.13
555;3.071;4.62;22.6;30.21;30.24
556;3.071;4.62;22.6;30.21;30.13
557;3.07;4.62;22.6;30.1;30.13
558;3.07;4.62;22.6;30.42;30.13
559;3.07;4.62;22.6;30.1;30.24
560;3.07;4.62;22.6;29.88;30.24
561;3.069;4.62;22.6;30.1;30.13
562;3.069;4.62;22.49;30.1;30.13
563;3.069;4.62;22.49;30.21;30.24
564;3.068;4.62;22.6;30.21;30.24
565;3.068;4.62;22.6;30.21;30.24
566;3.067;4.62;22.49;30.1;30.24
567;3.068;4.62;22.49;30.21;30.24
568;3.066;4.62;22.49;30.21;30.24
569;3.065;4.62;22.49;30.21;30.13
570;3.065;4.62;22.49;30.21;30.24
571;3.064;4.62;22.49;30.1;30.36
572;3.064;4.62;22.49;30.32;30.24
573;3.064;4.62;22.49;30.1;30.24
574;3.064;4.62;22.49;30.32;30.24
575;3.063;4.62;22.49;30.32;30.24
576;3.062;4.62;22.49;30.32;30.24
577;3.062;4.62;22.49;30.32;30.13
578;3.061;4.62;22.6;30.32;30.24
579;3.061;4.62;22.49;30.32;30.36
580;3.061;4.62;22.6;30.32;30.24
581;3.06;4.62;22.6;30.32;30.36
582;3.059;4.62;22.6;30.42;30.24
583;3.059;4.62;22.6;30.42;30.13
584;3.059;4.62;22.6;30.32;30.36
585;3.059;4.62;22.6;30.32;30.36
586;3.058;4.62;22.49;30.42;30.47
587;3.058;4.62;22.6;30.42;30.24
588;3.058;4.62;22.49;30.42;30.36
589;3.057;4.62;22.49;30.42;30.58
590;3.057;4.62;22.49;30.42;30.47
591;3.057;4.62;22.6;30.53;30.47
592;3.057;4.62;22.49;30.42;30.36
593;3.057;4.62;22.49;30.42;30.47
594;3.055;4.62;22.49;30.42;30.36
595;3.055;4.62;22.49;30.42;30.47
596;3.055;4.62;22.49;30.53;30.47
597;3.054;4.62;22.49;30.53;30.47
598;3.054;4.62;22.49;30.64;30.36
599;3.054;4.62;22.49;30.53;30.47
600;3.054;4.62;22.49;30.42;30.47
601;3.054;4.62;22.49;30.53;30.36
602;3.053;4.62;22.6;30.64;30.58
603;3.053;4.62;22.49;30.53;30.47
604;3.053;4.62;22.39;30.64;30.36
605;3.053;4.62;22.49;30.64;30.47
606;3.053;4.62;22.49;30.64;30.47
607;3.052;4.62;22.49;30.53;30.47
608;3.052;4.62;22.49;30.64;30.69
609;3.052;4.62;22.8;30.75;30.47
610;3.052;4.62;22.49;30.64;30.58
611;3.051;4.62;22.49;30.53;30.8
612;3.05;4.62;22.49;30.64;30.58
613;3.05;4.62;22.49;30.64;30.58
614;3.049;4.62;22.49;30.64;30.58
615;3.05;4.62;22.49;30.64;30.69
616;3.05;4.62;22.49;30.75;30.8
617;3.049;4.62;22.49;30.64;30.69
618;3.049;4.62;22.49;30.75;30.69
619;3.048;4.62;22.49;30.75;30.69
620;3.048;4.62;22.6;30.75;30.69
621;3.048;4.62;22.49;30.86;30.69
622;3.048;4.62;22.49;30.64;30.58
623;3.047;4.62;22.49;30.75;29.04
624;3.047;4.62;22.49;30.75;30.69
625;3.047;4.62;22.49;30.86;30.69
626;3.046;4.62;22.49;30.75;30.69
627;3.045;4.62;22.49;30.86;30.69
628;3.045;4.62;22.49;30.75;30.8
629;3.045;4.62;22.6;30.86;30.69
630;3.045;4.62;22.49;30.86;30.8
631;3.045;4.62;22.6;30.86;30.69
632;3.046;4.62;22.6;30.86;30.8
633;3.045;4.62;22.6;30.86;30.8
634;3.044;4.62;22.6;30.75;31.13
635;3.044;4.62;22.6;30.86;30.8
636;3.043;4.62;22.6;30.86;30.8
637;3.043;4.62;22.49;30.75;30.8
638;3.042;4.62;22.6;30.96;31.02
639;3.042;4.62;22.6;30.86;30.8
640;3.042;4.62;22.6;30.86;30.69
641;3.041;4.62;22.6;30.86;30.91
642;3.041;4.62;22.6;30.96;30.91
643;3.04;4.62;22.49;31.4;30.8
644;3.04;4.62;22.49;30.86;32.15
645;3.04;4.62;22.49;30.96;30.91
646;3.04;4.62;22.49;30.96;30.91
647;3.04;4.62;22.49;31.07;30.91
648;3.039;4.62;22.49;30.96;31.02
649;3.038;4.62;22.49;30.96;30.91
650;3.038;4.62;22.49;30.86;30.91
651;3.039;4.62;22.49;30.96;30.91
652;3.039;4.62;22.6;30.96;30.69
653;3.039;4.62;22.49;30.75;30.91
654;3.039;4.62;22.49;30.96;30.91
655;3.039;4.62;22.6;30.96;30.91
656;3.04;4.62;22.6;30.96;30.91
657;3.04;4.62;22.6;30.96;30.91
658;3.039;4.62;22.6;30.96;30.91
659;3.039;4.62;22.6;31.07;30.58
660;3.039;4.62;22.6;31.07;31.02
661;3.042;4.62;22.6;31.07;30.91
662;3.042;4.62;22.6;31.07;31.25
663;3.042;4.62;22.49;31.07;31.02
664;3.042;4.62;22.49;31.07;30.91
665;3.042;4.62;22.49;31.07;30.91
666;3.042;4.62;22.49;31.18;30.91
667;3.042;4.62;22.49;31.07;31.02
668;3.041;4.62;22.49;31.07;31.02
669;3.041;4.62;22.49;31.07;31.02
670;3.041;4.62;22.49;31.07;31.02
671;3.04;4.62;22.49;31.18;31.02
672;3.04;4.62;22.49;31.18;31.02
673;3.04;4.62;22.49;31.18;31.25
674;3.04;4.62;22.49;31.18;32.26
675;3.04;4.62;22.49;31.18;31.02
676;3.04;4.62;22.49;31.18;31.13
677;3.04;4.62;22.49;31.62;31.02
678;3.039;4.62;22.6;31.29;31.13
679;3.039;4.62;22.6;31.18;31.02
680;3.039;4.62;22.6;31.18;31.13
681;3.038;4.62;22.6;31.18;31.02
682;3.038;4.62;22.6;31.18;31.13
683;3.038;4.62;22.6;31.18;31.47
684;3.037;4.62;22.7;31.29;31.13
685;3.038;4.62;22.6;31.84;32.49
686;3.038;4.62;22.6;31.29;31.13
687;3.037;4.62;23.1;31.29;31.13
688;3.037;4.62;22.6;31.18;31.36
689;3.036;4.62;22.6;31.4;31.13
690;3.035;4.62;22.6;31.4;31.25
691;3.035;4.62;22.49;31.29;31.25
692;3.034;4.62;22.6;31.29;31.25
693;3.034;4.62;22.6;31.29;31.25
694;3.034;4.62;22.49;31.4;31.13
695;3.034;4.62;22.6;31.4;31.25
696;3.034;4.62;22.6;31.29;31.36
697;3.033;4.62;22.49;31.29;31.25
698;3.032;4.62;22.49;31.4;31.25
699;3.032;4.62;22.49;31.29;31.25
700;3.032;4.62;22.49;31.4;31.25
701;3.031;4.62;22.49;31.4;31.36
702;3.031;4.62;22.49;31.4;31.36
703;3.031;4.62;22.49;31.4;31.36
704;3.03;4.62;22.49;31.4;31.36
705;3.029;4.62;22.49;31.4;31.36
706;3.029;4.62;22.49;31.51;31.36
707;3.029;4.62;22.49;31.4;31.36
708;3.028;4.62;22.49;31.51;31.47
709;3.028;4.62;22.6;31.51;31.36
710;3.027;4.62;22.6;31.4;31.58
711;3.027;4.62;22.6;31.51;31.47
712;3.027;4.62;22.6;31.51;31.36
713;3.027;4.62;22.49;31.62;31.7
714;3.027;4.62;22.49;31.51;31.47
715;3.026;4.62;22.49;31.51;31.36
716;3.026;4.62;22.49;31.51;31.47
717;3.025;4.62;22.49;31.51;31.47
718;3.025;4.62;22.49;31.62;31.47
719;3.024;4.62;22.49;31.51;31.36
720;3.023;4.62;22.49;31.62;31.47
721;3.023;4.62;22.49;31.62;31.47
722;3.023;4.62;22.49;31.62;31.47
723;3.022;4.62;22.49;31.62;31.58
724;3.021;4.62;22.49;31.62;31.47
725;3.021;4.62;22.39;31.62;32.04
726;3.02;4.62;22.49;31.62;31.47
727;3.02;4.62;22.49;31.51;31.7
728;3.019;4.62;22.49;31.73;31.47
729;3.019;4.62;22.49;31.73;31.47
730;3.018;4.62;22.49;31.73;31.47
731;3.018;4.62;22.6;31.62;31.47
732;3.017;4.62;22.49;31.51;31.92
733;3.017;4.62;22.6;31.51;31.58
734;3.016;4.62;22.6;31.62;31.58
735;3.016;4.62;22.6;31.62;31.58
736;3.015;4.62;22.6;31.73;31.47
737;3.015;4.62;22.6;31.73;31.58
738;3.014;4.62;22.6;31.73;31.58
739;3.014;4.62;22.6;31.73;31.7
740;3.015;4.62;22.6;31.73;31.58
741;3.015;4.62;22.6;31.73;31.7
742;3.015;4.62;22.6;31.73;31.58
743;3.014;4.62;22.6;31.84;31.58
744;3.013;4.62;22.6;31.73;31.7
745;3.012;4.62;22.6;31.73;31.58
746;3.011;4.62;22.49;31.95;31.58
747;3.012;4.62;22.49;31.73;31.58
748;3.011;4.62;22.49;31.73;31.7
749;3.011;4.62;22.49;31.73;31.92
750;3.01;4.62;22.49;31.84;31.7
751;3.01;4.62;22.6;31.62;31.47
752;3.01;4.62;22.49;31.84;31.58
753;3.009;4.62;22.49;31.73;31.7
754;3.009;4.62;22.49;31.84;31.7
755;3.009;4.62;22.49;31.84;31.58
756;3.008;4.62;22.6;31.84;31.7
757;3.008;4.62;22.6;31.95;31.81
758;3.008;4.62;22.6;31.95;31.7
759;3.008;4.62;22.6;31.95;31.58
760;3.007;4.62;22.6;31.95;31.7
761;3.007;4.62;22.6;31.84;31.7
762;3.006;4.62;22.6;31.84;31.58
763;3.007;4.62;22.6;31.95;31.81
764;3.007;4.62;22.6;31.95;31.7
765;3.007;4.62;22.6;31.95;30.91
766;3.006;4.62;22.6;32.06;31.7
767;3.006;4.62;22.6;31.95;31.81
768;3.006;4.62;22.6;31.95;31.81
769;3.006;4.62;22.6;31.95;32.04
770;3.005;4.62;22.6;31.95;31.81
771;3.005;4.62;22.6;31.95;32.04
772;3.005;4.62;22.6;31.95;32.04
773;3.004;4.62;22.6;31.95;31.81
774;3.004;4.62;22.49;31.95;31.81
775;3.004;4.62;22.6;32.06;31.81
776;3.004;4.62;22.6;31.95;31.92
777;3.004;4.62;22.6;32.06;31.81
778;3.003;4.62;22.6;32.06;31.92
779;3.003;4.62;22.6;32.06;31.81
780;3.003;4.62;22.6;32.06;31.92
781;3.003;4.62;22.6;32.06;31.81
782;3.003;4.62;22.6;32.06;31.92
783;3.003;4.62;22.7;31.95;31.81
784;3.003;4.62;22.7;32.17;31.92
785;3.002;4.62;22.7;32.06;31.92
786;3.002;4.62;22.8;32.17;31.92
787;3.001;4.62;22.39;32.06;31.81
788;3.001;4.62;22.7;32.06;31.92
789;3.0;4.62;22.6;31.95;31.92
790;3.0;4.62;22.6;32.17;31.81
791;3.0;4.62;22.7;32.28;31.92
792;3.0;4.62;22.7;32.17;31.92
793;2.999;4.62;22.6;32.17;31.92
794;2.999;4.62;22.6;32.06;32.04
795;2.999;4.62;22.6;32.17;31.92
796;2.998;4.62;22.6;32.17;32.04
797;2.998;4.62;22.6;32.06;31.81
798;2.997;4.62;22.6;32.17;31.81
799;2.996;4.62;22.6;32.17;32.04
800;2.996;4.62;22.6;32.17;31.25
801;2.996;4.62;22.49;32.28;31.92
802;2.996;4.62;22.6;32.28;31.92
803;2.995;4.62;22.6;32.39;32.04
804;2.995;4.62;22.6;32.28;31.92
805;2.994;4.62;22.6;32.28;31.92
806;2.994;4.62;22.6;32.28;31.92
807;2.994;4.62;22.6;32.28;32.04
808;2.993;4.62;22.6;32.28;32.04
809;2.993;4.62;22.6;32.28;32.04
810;2.994;4.62;22.6;32.17;32.04
811;2.993;4.62;22.7;32.28;32.04
812;2.993;4.62;22.6;32.17;32.04
813;2.992;4.62;22.6;32.17;32.04
814;2.992;4.62;22.6;32.28;32.04
815;2.992;4.62;22.7;32.17;31.81
816;2.991;4.62;22.6;32.28;32.15
817;2.991;4.62;22.6;32.28;32.15
818;2.991;4.62;22.6;32.39;32.04
819;2.99;4.62;22.6;32.39;32.04
820;2.989;4.62;22.6;32.39;31.92
821;2.989;4.62;22.7;32.39;32.15
822;2.989;4.62;22.49;32.39;32.04
823;2.988;4.62;22.49;32.28;31.81
824;2.988;4.62;22.49;32.5;32.26
825;2.988;4.62;22.49;32.5;32.15
826;2.987;4.62;22.49;32.39;32.04
827;2.987;4.62;22.6;32.39;32.15
828;2.987;4.62;22.49;32.28;32.15
829;2.986;4.62;22.49;32.39;32.04
830;2.986;4.62;22.49;32.39;32.15
831;2.985;4.62;22.6;32.39;32.15
832;2.985;4.62;22.6;32.39;32.26
833;2.984;4.62;22.6;32.39;32.04
834;2.985;4.62;22.6;32.39;32.15
835;2.984;4.62;22.6;32.39;32.15
836;2.984;4.62;22.6;32.61;32.04
837;2.984;4.62;22.6;32.61;32.15
838;2.983;4.62;22.6;32.5;32.15
839;2.983;4.62;22.6;32.5;32.26
840;2.983;4.62;22.6;32.5;32.15
841;2.984;4.62;22.6;32.5;32.15
842;2.984;4.62;22.6;32.39;32.15
843;2.982;4.62;22.6;32.5;32.26
844;2.982;4.62;22.49;32.5;32.26
845;2.981;4.62;22.6;32.06;32.38
846;2.98;4.62;22.6;32.5;32.04
847;2.98;4.62;22.6;32.5;32.26
848;2.98;4.62;22.49;32.5;32.49
849;2.98;4.62;22.49;32.61;32.26
850;2.979;4.62;22.6;32.83;32.15
851;2.978;4.62;22.49;32.5;32.38
852;2.978;4.62;22.49;32.5;32.61
853;2.978;4.62;22.49;32.61;32.26
854;2.978;4.62;22.49;32.61;32.38
855;2.978;4.62;22.49;32.72;32.26
856;2.977;4.62;22.49;32.61;32.38
857;2.978;4.62;22.6;32.61;32.38
858;2.977;4.62;22.49;32.72;32.38
859;2.977;4.62;22.6;32.61;32.26
860;2.976;4.62;22.6;32.5;32.38
861;2.976;4.62;22.6;32.61;32.04
862;2.976;4.62;22.6;32.5;31.81
863;2.976;4.62;22.6;32.72;33.76
864;2.975;4.62;22.6;32.61;32.38
865;2.975;4.62;22.6;32.61;32.49
866;2.974;4.62;22.6;32.83;32.38
867;2.974;4.62;22.6;32.72;32.38
868;2.974;4.62;22.6;32.72;32.49
869;2.973;4.62;22.6;32.72;32.38
870;2.972;4.62;22.49;32.61;32.38
871;2.971;4.62;22.6;32.72;32.38
872;2.971;4.62;22.49;32.72;32.49
873;2.971;4.62;22.49;32.72;32.49
874;2.971;4.62;22.49;32.72;32.49
875;2.971;4.62;22.49;32.83;32.38
876;2.97;4.62;22.49;32.72;32.38
877;2.97;4.62;22.39;32.72;32.26
878;2.969;4.62;22.49;32.83;32.38
879;2.969;4.62;22.49;32.83;32.38
880;2.969;4.62;22.49;32.83;32.38
881;2.968;4.62;22.49;32.72;32.49
882;2.968;4.62;22.49;32.83;32.38
883;2.968;4.62;22.49;32.72;32.38
884;2.968;4.62;22.6;32.72;32.49
885;2.967;4.62;22.6;32.72;32.72
886;2.966;4.62;22.6;32.83;32.49
887;2.966;4.62;22.6;32.72;32.61
888;2.966;4.62;22.6;32.72;32.49
889;2.966;4.62;22.6;32.5;32.26
890;2.965;4.62;22.7;32.83;32.49
891;2.964;4.62;22.6;32.83;32.38
892;2.964;4.62;22.6;32.83;32.49
893;2.964;4.62;22.6;32.83;32.49
894;2.963;4.62;22.6;32.83;32.49
895;2.963;4.62;22.49;32.83;32.49
896;2.962;4.62;22.49;32.94;32.49
897;2.962;4.62;22.49;32.83;32.61
898;2.961;4.62;22.49;32.83;32.61
899;2.96;4.62;22.49;32.61;32.38
900;2.96;4.62;22.49;32.83;32.61
901;2.96;4.62;22.49;32.83;32.49
902;2.96;4.62;22.49;32.94;32.72
903;2.959;4.62;22.49;32.83;32.61
904;2.96;4.62;22.49;32.94;32.49
905;2.959;4.62;22.49;32.94;32.49
906;2.958;4.62;22.49;32.94;32.49
907;2.958;4.62;22.49;32.83;32.49
908;2.957;4.62;22.49;33.05;32.49
909;2.957;4.62;22.49;32.83;32.49
910;2.956;4.62;22.6;32.94;32.61
911;2.956;4.62;22.6;32.94;32.61
912;2.955;4.62;22.6;32.94;32.49
913;2.955;4.62;22.6;32.94;32.49
914;2.954;4.62;22.6;32.94;32.61
915;2.954;4.62;22.6;32.94;32.61
916;2.953;4.62;22.49;32.94;32.49
917;2.953;4.62;22.49;32.94;32.49
918;2.953;4.62;22.6;33.05;32.72
919;2.952;4.62;22.6;33.05;32.72
920;2.951;4.62;22.6;33.05;32.61
921;2.951;4.62;22.7;33.05;32.61
922;2.95;4.62;22.49;33.16;32.49
923;2.95;4.62;22.49;33.05;32.61
924;2.949;4.62;22.49;33.05;32.72
925;2.949;4.62;22.49;33.05;32.61
926;2.948;4.62;22.49;33.05;32.61
927;2.947;4.62;22.49;33.05;32.72
928;2.947;4.62;22.49;33.05;32.61
929;2.947;4.62;22.49;33.05;32.49
930;2.946;4.62;22.49;33.16;32.61
931;2.946;4.62;22.49;33.05;32.61
932;2.945;4.62;22.49;33.05;32.49
933;2.945;4.62;22.49;33.05;32.72
934;2.944;4.62;22.49;33.05;32.61
935;2.944;4.62;22.49;33.05;32.61
936;2.944;4.62;22.49;33.05;32.61
937;2.944;4.62;22.49;33.05;32.72
938;2.943;4.62;22.6;33.05;32.72
939;2.943;4.62;22.6;33.16;32.61
940;2.943;4.62;22.49;33.16;32.61
941;2.942;4.62;22.6;33.16;32.61
942;2.942;4.62;22.6;33.16;32.72
943;2.941;4.62;22.49;33.16;32.72
944;2.941;4.62;22.49;33.05;32.61
945;2.94;4.62;22.49;33.16;32.72
946;2.94;4.62;22.49;33.16;32.72
947;2.939;4.62;22.6;33.05;32.83
948;2.939;4.62;22.49;33.16;32.49
949;2.939;4.62;22.49;33.16;32.72
950;2.939;4.62;22.49;33.27;32.83
951;2.938;4.62;22.49;33.27;32.72
952;2.938;4.62;22.49;33.16;32.72
953;2.937;4.62;22.49;33.27;32.95
954;2.937;4.62;22.39;33.16;32.83
955;2.936;4.62;22.39;33.16;32.72
956;2.936;4.62;22.39;33.16;32.72
957;2.935;4.62;22.39;33.16;32.72
958;2.935;4.62;22.39;33.27;32.72
959;2.934;4.62;22.39;33.16;32.72
960;2.934;4.62;22.39;33.27;32.72
961;2.933;4.62;22.39;33.27;32.83
962;2.933;4.62;22.39;33.27;32.72
963;2.933;4.62;22.39;33.27;32.72
964;2.932;4.62;22.39;33.27;33.18
965;2.932;4.62;22.39;33.27;32.83
966;2.931;4.62;22.39;33.27;32.83
967;2.931;4.62;22.49;33.27;32.95
968;2.931;4.62;22.39;33.27;32.95
969;2.93;4.62;22.39;33.27;32.95
970;2.93;4.62;22.39;33.27;32.83
971;2.93;4.62;22.39;33.27;32.95
972;2.929;4.62;22.39;33.5;33.06
973;2.929;4.62;22.29;33.5;32.83
974;2.929;4.62;22.39;33.05;32.72
975;2.928;4.62;22.39;33.38;32.83
976;2.928;4.62;22.39;33.27;33.06
977;2.928;4.62;22.39;33.38;32.95
978;2.927;4.62;22.39;33.38;32.95
979;2.927;4.62;22.29;33.38;33.06
980;2.926;4.62;22.29;33.38;32.95
981;2.926;4.62;22.39;33.38;33.18
982;2.925;4.62;22.39;33.38;32.83
983;2.925;4.62;22.39;33.38;32.95
984;2.925;4.62;22.29;33.38;32.95
985;2.924;4.62;22.29;33.5;32.95
986;2.924;4.62;22.39;33.38;33.06
987;2.923;4.62;22.29;33.27;33.29
988;2.923;4.62;22.39;33.38;32.95
989;2.923;4.62;22.39;33.38;32.95
990;2.922;4.62;22.39;33.5;33.06
991;2.922;4.62;22.39;33.5;33.06
992;2.922;4.62;22.39;33.38;33.06
993;2.922;4.62;22.39;33.5;33.06
994;2.921;4.62;22.39;33.38;32.95
995;2.921;4.62;22.39;33.38;33.06
996;2.921;4.62;22.39;33.5;33.29
997;2.92;4.62;22.39;33.5;33.29
998;2.92;4.62;22.29;33.5;33.06
999;2.919;4.62;22.39;33.5;33.06
1000;2.918;4.62;22.39;33.5;33.06
1001;2.918;4.62;22.39;33.5;33.18
1002;2.918;4.62;22.29;33.5;32.95
1003;2.919;4.62;22.39;33.61;34.46
1004;2.918;4.62;22.39;33.61;32.95
1005;2.918;4.62;22.39;33.5;33.29
1006;2.917;4.62;22.39;33.5;32.95
1007;2.916;4.62;22.39;33.5;32.83
1008;2.916;4.62;22.39;33.61;33.41
1009;2.916;4.62;22.39;33.5;33.29
1010;2.915;4.62;22.39;33.5;33.06
1011;2.915;4.62;22.39;33.5;33.06
1012;2.915;4.62;22.49;33.5;32.83
1013;2.914;4.62;22.49;33.61;33.06
1014;2.914;4.62;22.49;33.5;33.18
1015;2.914;4.62;22.49;33.5;33.18
1016;2.913;4.62;22.49;33.61;33.06
1017;2.913;4.62;22.49;33.5;33.18
1018;2.912;4.62;22.49;33.5;33.06
1019;2.911;4.62;22.49;33.5;33.53
1020;2.911;4.62;22.49;33.61;33.06
1021;2.91;4.62;22.49;33.61;33.18
1022;2.91;4.62;22.49;33.61;34.11
1023;2.91;4.62;22.49;33.61;33.18
1024;2.909;4.62;22.49;33.61;33.41
1025;2.909;4.62;22.49;33.72;33.06
1026;2.908;4.62;22.49;33.83;33.18
1027;2.908;4.62;22.49;33.72;33.18
1028;2.907;4.62;22.49;33.61;33.29
1029;2.907;4.62;22.49;33.61;33.18
1030;2.906;4.62;22.39;33.61;33.29
1031;2.906;4.62;22.49;33.61;33.64
1032;2.906;4.62;22.49;33.38;32.95
1033;2.905;4.62;22.39;33.61;33.29
1034;2.905;4.62;22.49;33.5;33.41
1035;2.904;4.62;22.49;33.61;33.18
1036;2.905;4.62;22.49;33.61;33.18
1037;2.904;4.62;22.49;33.72;33.29
1038;2.904;4.62;22.49;33.61;33.29
1039;2.903;4.62;22.49;33.72;33.29
1040;2.903;4.62;22.49;33.72;33.29
1041;2.903;4.62;22.6;33.61;33.29
1042;2.902;4.62;22.49;33.72;33.41
1043;2.902;4.62;22.49;33.72;33.18
1044;2.902;4.62;22.49;34.4;33.29
1045;2.901;4.62;22.49;33.72;33.18
1046;2.901;4.62;22.49;33.72;33.29
1047;2.9;4.62;22.49;33.72;33.29
1048;2.9;4.62;22.49;33.72;33.29
1049;2.899;4.62;22.49;33.72;33.29
1050;2.899;4.62;22.49;33.83;33.53
1051;2.898;4.62;22.49;33.72;33.18
1052;2.898;4.62;22.49;33.94;32.95
1053;2.897;4.62;22.49;33.83;33.29
1054;2.897;4.62;22.49;33.72;33.41
1055;2.897;4.62;22.49;33.72;33.41
1056;2.897;4.62;22.49;33.72;33.29
1057;2.896;4.62;22.39;33.83;33.41
1058;2.896;4.62;22.49;33.72;33.29
1059;2.895;4.62;22.49;33.83;33.41
1060;2.895;4.62;22.49;33.83;33.41
1061;2.894;4.62;22.49;33.94;33.41
1062;2.894;4.62;22.6;33.83;33.76
1063;2.894;4.62;22.6;33.83;33.29
1064;2.893;4.62;22.6;33.83;33.29
1065;2.893;4.62;22.6;33.83;33.41
1066;2.893;4.62;22.6;33.83;33.41
1067;2.892;4.62;22.6;33.83;33.29
1068;2.892;4.62;22.6;33.83;33.41
1069;2.891;4.62;22.6;33.83;33.53
1070;2.891;4.62;22.6;33.16;33.76
1071;2.89;4.62;22.6;33.94;33.41
1072;2.89;4.62;22.6;33.83;33.41
1073;2.89;4.62;22.6;33.94;33.41
1074;2.889;4.62;22.6;33.83;33.41
1075;2.889;4.62;22.49;33.83;33.53
1076;2.889;4.62;22.6;33.94;33.41
1077;2.888;4.62;22.6;33.94;33.41
1078;2.888;4.62;22.6;33.83;33.53
1079;2.887;4.62;22.6;33.83;33.41
1080;2.887;4.62;22.49;33.94;33.53
1081;2.886;4.62;22.49;33.83;33.53
1082;2.886;4.62;22.49;34.06;33.53
1083;2.886;4.62;22.49;33.94;33.64
1084;2.886;4.62;22.49;33.94;33.53
1085;2.885;4.62;22.6;33.94;33.53
1086;2.885;4.62;22.6;34.06;33.41
1087;2.885;4.62;22.7;33.83;34.46
1088;2.885;4.62;22.6;34.06;33.18
1089;2.884;4.62;22.7;33.83;33.41
1090;2.884;4.62;22.7;33.94;33.53
1091;2.884;4.62;22.7;33.83;33.41
1092;2.883;4.62;22.7;33.94;33.53
1093;2.883;4.62;22.7;33.94;32.26
1094;2.882;4.62;22.7;34.06;33.53
1095;2.882;4.62;22.6;33.94;33.53
1096;2.881;4.62;22.7;33.94;33.53
1097;2.88;4.62;22.7;34.4;33.53
1098;2.88;4.62;22.6;34.06;33.29
1099;2.88;4.62;22.7;33.94;33.53
1100;2.879;4.62;22.6;33.94;33.99
1101;2.879;4.62;22.6;33.94;33.64
1102;2.879;4.62;22.6;34.06;33.64
1103;2.878;4.62;22.6;34.06;33.76
1104;2.877;4.62;22.6;33.61;33.41
1105;2.877;4.62;22.6;34.06;33.64
1106;2.877;4.62;22.6;34.06;33.53
1107;2.877;4.62;22.6;34.06;33.64
1108;2.876;4.62;22.6;34.06;33.64
1109;2.876;4.62;22.7;34.06;33.99
1110;2.876;4.62;22.6;34.06;33.64
1111;2.876;4.62;22.6;34.06;33.76
1112;2.875;4.62;22.6;34.06;33.76
1113;2.875;4.62;22.29;33.94;33.41
1114;2.875;4.62;22.6;34.06;33.76
1115;2.875;4.62;22.6;34.06;33.64
1116;2.875;4.62;22.6;34.74;33.53
1117;2.874;4.62;22.7;34.06;33.76
1118;2.873;4.62;22.6;34.28;32.38
1119;2.873;4.62;22.6;34.06;33.53
1120;2.872;4.62;22.6;34.17;33.76
1121;2.872;4.62;22.6;34.06;33.76
1122;2.872;4.62;22.6;34.06;33.53
1123;2.871;4.62;22.6;34.17;33.76
1124;2.871;4.62;22.6;34.17;33.76
1125;2.87;4.62;22.6;34.06;33.87
1126;2.87;4.62;22.6;34.06;33.99
1127;2.87;4.62;22.6;34.17;33.76
1128;2.869;4.62;22.6;34.17;33.76
1129;2.869;4.62;22.6;34.17;33.76
1130;2.868;4.62;22.6;34.06;33.76
1131;2.868;4.62;22.6;34.17;33.76
1132;2.868;4.62;22.49;34.17;33.76
1133;2.868;4.62;22.49;34.17;33.76
1134;2.867;4.62;22.49;34.17;33.76
1135;2.866;4.62;22.6;34.17;33.76
1136;2.866;4.62;22.6;34.17;33.76
1137;2.865;4.62;22.49;34.06;33.87
1138;2.865;4.62;22.6;34.17;33.76
1139;2.865;4.62;22.6;34.06;33.76
1140;2.865;4.62;22.6;34.28;33.64
1141;2.864;4.62;22.6;34.17;33.87
1142;2.864;4.62;22.6;34.17;33.76
1143;2.864;4.62;22.6;34.28;33.76
1144;2.863;4.62;22.7;34.28;33.87
1145;2.863;4.62;22.6;34.96;33.87
1146;2.862;4.62;22.6;34.28;33.18
1147;2.863;4.62;22.6;34.4;33.64
1148;2.862;4.62;22.6;34.28;33.76
1149;2.862;4.62;22.6;34.17;33.76
1150;2.861;4.62;22.6;34.28;33.76
1151;2.862;4.62;22.6;34.28;33.76
1152;2.862;4.62;22.6;34.17;33.53
1153;2.861;4.62;22.6;34.28;33.76
1154;2.861;4.62;22.49;34.28;33.87
1155;2.861;4.62;22.49;34.28;33.76
1156;2.86;4.62;22.49;34.17;33.64
1157;2.86;4.62;22.49;34.28;33.87
1158;2.859;4.62;22.49;34.28;33.87
1159;2.859;4.62;22.49;34.4;33.87
1160;2.859;4.62;22.49;34.4;33.99
1161;2.859;4.62;22.49;34.4;34.11
1162;2.858;4.62;22.9;34.28;33.99
1163;2.858;4.62;22.6;34.28;33.87
1164;2.858;4.62;22.49;34.28;33.76
1165;2.857;4.62;22.49;34.28;33.76
1166;2.857;4.62;22.6;34.4;33.76
1167;2.856;4.62;22.6;34.28;33.76
1168;2.856;4.62;22.6;34.51;33.76
1169;2.855;4.62;22.49;34.28;34.34
1170;2.855;4.62;22.6;34.4;33.87
1171;2.855;4.62;22.6;34.28;33.87
1172;2.854;4.62;22.6;34.28;33.87
1173;2.854;4.62;22.6;34.4;33.87
1174;2.854;4.62;22.6;34.51;33.76
1175;2.853;4.62;22.6;34.4;33.87
1176;2.853;4.62;22.6;34.4;33.87
1177;2.852;4.62;22.6;34.4;33.87
1178;2.851;4.62;22.6;34.4;33.99
1179;2.851;4.62;22.6;34.51;33.99
1180;2.85;4.62;22.6;34.4;34.11
1181;2.85;4.62;22.49;34.51;33.87
1182;2.85;4.62;22.49;34.4;33.99
1183;2.849;4.62;22.49;34.4;33.99
1184;2.848;4.62;22.49;34.85;33.99
1185;2.848;4.62;22.9;34.51;33.76
1186;2.848;4.62;22.49;34.17;33.87
1187;2.848;4.62;22.6;34.51;33.99
1188;2.847;4.62;22.49;34.51;33.99
1189;2.847;4.62;22.6;34.51;34.23
1190;2.847;4.62;22.6;34.51;33.99
1191;2.847;4.62;22.6;34.51;33.76
1192;2.846;4.62;22.6;34.51;33.87
1193;2.846;4.62;22.6;34.51;33.99
1194;2.845;4.62;22.6;34.51;34.46
1195;2.845;4.62;22.7;34.51;33.99
1196;2.844;4.62;22.6;34.51;33.99
1197;2.844;4.62;22.6;34.51;33.99
1198;2.844;4.62;22.6;34.51;33.99
1199;2.843;4.62;22.6;34.51;33.99
1200;2.843;4.62;22.6;34.62;33.99
1201;2.842;4.62;22.6;34.51;34.11
1202;2.842;4.62;22.7;34.51;33.99
1203;2.842;4.62;22.6;34.62;34.11
1204;2.841;4.62;22.6;34.51;33.99
1205;2.841;4.62;22.6;34.62;33.99
1206;2.84;4.62;22.6;34.51;34.11
1207;2.84;4.62;22.6;34.62;33.99
1208;2.84;4.62;22.6;34.62;33.99
1209;2.84;4.62;22.49;34.62;33.99
1210;2.84;4.62;22.49;34.74;33.99
1211;2.839;4.62;22.49;34.62;33.99
1212;2.839;4.62;22.49;34.51;33.87
1213;2.838;4.62;22.49;34.62;34.11
1214;2.838;4.62;22.49;34.62;33.99
1215;2.837;4.62;22.49;34.62;33.99
1216;2.837;4.62;22.49;34.62;34.11
1217;2.836;4.62;22.49;34.62;34.23
1218;2.836;4.62;22.49;34.62;34.11
1219;2.835;4.62;22.49;34.51;34.11
1220;2.834;4.62;22.49;34.62;33.99
1221;2.834;4.62;22.6;34.62;33.64
1222;2.834;4.62;22.49;34.62;34.11
1223;2.833;4.62;22.49;34.74;34.11
1224;2.833;4.62;22.49;34.62;34.23
1225;2.833;4.62;22.49;34.74;34.11
1226;2.832;4.62;22.49;34.74;34.11
1227;2.832;4.62;22.49;34.74;34.23
1228;2.831;4.62;22.49;34.62;34.11
1229;2.831;4.62;22.49;34.62;34.11
1230;2.83;4.62;22.49;34.74;34.11
1231;2.83;4.62;22.49;34.74;34.11
1232;2.832;4.62;22.49;34.74;34.11
1233;2.831;4.62;22.39;34.62;33.99
1234;2.831;4.62;22.39;34.74;34.23
1235;2.831;4.62;22.49;34.74;34.23
1236;2.83;4.62;22.49;34.74;34.11
1237;2.83;4.62;22.49;34.62;34.23
1238;2.829;4.62;22.49;34.74;34.11
1239;2.829;4.62;22.49;34.74;34.34
1240;2.828;4.62;22.49;34.74;33.64
1241;2.828;4.62;22.49;34.74;34.23
1242;2.828;4.62;22.49;34.74;34.23
1243;2.828;4.62;22.29;34.74;34.34
1244;2.827;4.62;22.6;34.74;34.11
1245;2.827;4.62;22.49;34.74;33.87
1246;2.826;4.62;22.49;34.85;34.11
1247;2.826;4.62;22.6;34.85;34.23
1248;2.825;4.62;22.49;34.74;34.11
1249;2.825;4.62;22.49;34.85;34.23
1250;2.824;4.62;22.49;34.74;34.23
1251;2.824;4.62;22.49;34.74;34.34
1252;2.823;4.62;22.49;34.74;34.34
1253;2.823;4.62;22.49;34.74;34.34
1254;2.823;4.62;22.49;34.74;34.34
1255;2.822;4.62;22.49;34.85;34.23
1256;2.822;4.62;22.49;35.53;32.61
1257;2.822;4.62;22.49;34.85;34.23
1258;2.821;4.62;22.49;34.85;34.11
1259;2.821;4.62;22.49;34.85;34.23
1260;2.821;4.62;22.49;35.08;34.58
1261;2.82;4.62;22.49;34.74;34.34
1262;2.82;4.62;22.49;34.85;34.34
1263;2.82;4.62;22.49;34.51;34.34
1264;2.82;4.62;22.49;34.85;34.46
1265;2.819;4.62;22.49;34.96;34.34
1266;2.819;4.62;22.49;34.85;34.34
1267;2.819;4.62;22.49;34.85;34.34
1268;2.818;4.62;22.6;35.08;34.11
1269;2.818;4.62;22.49;34.85;34.34
1270;2.817;4.62;22.6;34.96;34.46
1271;2.817;4.62;22.6;34.85;34.23
1272;2.818;4.62;22.6;34.96;34.58
1273;2.817;4.62;22.6;34.85;34.23
1274;2.817;4.62;22.6;34.74;34.34
1275;2.816;4.62;22.49;34.85;34.46
1276;2.816;4.62;22.6;34.85;34.34
1277;2.815;4.62;22.6;34.96;34.46
1278;2.815;4.62;22.49;34.96;34.58
1279;2.815;4.62;22.49;34.96;34.34
1280;2.815;4.62;22.39;34.96;34.34
1281;2.814;4.62;22.49;34.96;34.46
1282;2.814;4.62;22.49;34.85;34.58
1283;2.814;4.62;22.49;34.96;34.34
1284;2.813;4.62;22.49;34.85;34.46
1285;2.813;4.62;22.49;34.96;34.46
1286;2.813;4.62;22.49;34.96;34.46
1287;2.812;4.62;22.6;34.96;34.34
1288;2.812;4.62;22.49;34.85;34.34
1289;2.812;4.62;22.49;34.96;34.46
1290;2.812;4.62;22.39;34.96;34.46
1291;2.811;4.62;22.6;34.96;34.34
1292;2.811;4.62;22.49;34.85;34.58
1293;2.811;4.62;22.6;34.96;34.46
1294;2.81;4.62;22.6;34.96;34.46
1295;2.81;4.62;22.6;34.96;34.34
1296;2.81;4.62;22.7;35.19;34.34
1297;2.809;4.62;22.6;34.96;34.34
1298;2.809;4.62;22.6;34.96;34.34
1299;2.809;4.62;22.49;35.08;34.46
1300;2.809;4.62;22.6;34.85;34.34
1301;2.808;4.62;22.49;35.08;34.46
1302;2.808;4.62;22.49;35.08;34.46
1303;2.807;4.62;22.49;35.08;34.46
1304;2.807;4.62;22.49;35.08;34.46
1305;2.807;4.62;22.49;35.08;34.46
1306;2.806;4.62;22.39;34.17;34.46
1307;2.806;4.62;22.39;35.08;34.46
1308;2.806;4.62;22.49;35.08;34.46
1309;2.805;4.62;22.49;35.08;34.46
1310;2.805;4.62;22.39;35.08;34.46
1311;2.805;4.62;22.39;35.08;34.46
1312;2.805;4.62;22.39;35.08;34.58
1313;2.804;4.62;22.39;35.08;34.46
1314;2.804;4.62;22.39;35.19;34.46
1315;2.804;4.62;22.39;35.19;34.46
1316;2.804;4.62;22.39;35.3;34.23
1317;2.803;4.62;22.39;35.19;34.23
1318;2.803;4.62;22.49;35.19;34.46
1319;2.802;4.62;22.49;35.08;34.46
1320;2.802;4.62;22.49;35.08;34.46
1321;2.802;4.62;22.49;35.19;34.34
1322;2.802;4.62;22.49;34.96;34.7
1323;2.801;4.62;22.49;35.19;34.58
1324;2.801;4.62;22.49;35.19;34.58
1325;2.8;4.62;22.49;35.19;34.58
1326;2.8;4.62;22.49;35.08;34.58
1327;2.8;4.62;22.49;33.94;34.58
1328;2.8;4.62;22.49;35.19;34.58
1329;2.799;4.62;22.49;35.19;34.46
1330;2.799;4.62;22.49;35.19;34.58
1331;2.799;4.62;22.49;35.19;34.58
1332;2.798;4.62;22.49;35.19;34.58
1333;2.798;4.62;22.49;35.42;34.81
1334;2.797;4.62;22.49;35.19;34.11
1335;2.797;4.62;22.49;35.08;34.58
1336;2.797;4.62;22.49;35.3;34.34
1337;2.797;4.62;22.49;35.19;34.7
1338;2.796;4.62;22.49;35.3;34.7
1339;2.796;4.62;22.49;35.3;34.7
1340;2.796;4.62;22.49;35.3;34.58
1341;2.796;4.62;22.49;35.19;34.58
1342;2.795;4.62;22.49;35.3;34.58
1343;2.795;4.62;22.49;35.19;34.46
1344;2.795;4.62;22.49;35.3;34.58
1345;2.794;4.62;22.6;35.19;34.58
1346;2.794;4.62;22.6;35.19;34.7
1347;2.794;4.62;22.6;35.3;34.23
1348;2.794;4.62;22.6;35.3;34.7
1349;2.793;4.62;22.6;35.19;34.34
1350;2.793;4.62;22.6;35.3;34.7
1351;2.793;4.62;22.49;35.3;34.81
1352;2.792;4.62;22.49;35.3;34.7
1353;2.792;4.62;22.49;35.19;34.58
1354;2.792;4.62;22.49;35.3;34.7
1355;2.791;4.62;22.49;35.42;34.46
1356;2.791;4.62;22.49;35.3;34.7
1357;2.791;4.62;22.49;35.42;34.7
1358;2.791;4.62;22.49;35.3;34.7
1359;2.791;4.62;22.49;35.42;34.7
1360;2.791;4.62;22.49;35.3;34.7
1361;2.791;4.62;22.49;35.42;34.7
1362;2.791;4.62;22.49;35.42;34.7
1363;2.79;4.62;22.49;35.3;34.7
1364;2.79;4.62;22.49;35.3;34.81
1365;2.79;4.62;22.49;35.3;34.58
1366;2.79;4.62;22.6;35.3;34.7
1367;2.79;4.62;22.49;35.3;34.58
1368;2.789;4.62;22.49;35.42;34.7
1369;2.789;4.62;22.7;35.3;34.7
1370;2.789;4.62;22.6;35.53;34.81
1371;2.789;4.62;22.6;35.42;34.7
1372;2.789;4.62;22.6;35.42;34.58
1373;2.79;4.62;22.6;35.42;34.58
1374;2.79;4.62;22.6;35.3;34.58
1375;2.79;4.62;22.6;35.3;34.81
1376;2.79;4.62;22.6;35.42;34.7
1377;2.789;4.62;22.6;35.42;34.81
1378;2.79;4.62;22.6;35.42;34.7
1379;2.79;4.62;22.6;35.42;34.7
1380;2.789;4.62;22.6;35.42;34.58
1381;2.787;4.62;22.6;35.42;34.58
1382;2.786;4.62;22.6;35.53;34.7
1383;2.786;4.62;22.6;35.42;34.7
1384;2.786;4.62;22.6;35.42;35.05
1385;2.786;4.62;22.6;35.53;34.7
1386;2.785;4.62;22.6;35.42;34.7
1387;2.784;4.62;22.6;35.42;34.7
1388;2.784;4.62;22.49;35.42;34.81
1389;2.784;4.62;22.6;35.3;34.81
1390;2.783;4.62;22.6;35.42;34.46
1391;2.782;4.62;22.6;35.53;34.7
1392;2.782;4.62;22.6;35.42;34.7
1393;2.781;4.62;22.6;35.53;34.7
1394;2.78;4.62;22.6;35.53;34.93
1395;2.78;4.62;22.6;35.3;34.93
1396;2.78;4.62;22.6;35.53;34.93
1397;2.78;4.62;22.7;35.53;34.81
1398;2.779;4.62;22.7;35.53;34.81
1399;2.779;4.62;22.6;35.53;34.81
1400;2.778;4.62;22.6;35.53;34.81
1401;2.778;4.62;22.7;35.53;34.81
1402;2.778;4.62;22.6;35.53;34.81
1403;2.777;4.62;22.7;35.42;36.37
1404;2.777;4.62;22.7;35.65;34.93
1405;2.776;4.62;22.6;35.53;34.93
1406;2.776;4.62;22.7;35.42;35.05
1407;2.776;4.62;22.6;35.65;35.05
1408;2.776;4.62;22.7;35.42;35.29
1409;2.775;4.62;22.6;35.53;34.93
1410;2.775;4.62;22.6;35.65;34.58
1411;2.775;4.62;22.6;35.65;35.29
1412;2.774;4.62;22.6;35.65;34.93
1413;2.774;4.62;22.6;35.65;34.81
1414;2.774;4.62;22.6;35.65;34.93
1415;2.774;4.62;22.6;35.65;34.93
1416;2.774;4.62;22.6;35.53;34.93
1417;2.773;4.62;22.6;35.65;34.93
1418;2.773;4.62;22.7;35.65;34.93
1419;2.772;4.62;22.6;35.65;35.05
1420;2.772;4.62;22.6;35.65;35.05
1421;2.772;4.62;22.6;35.65;34.93
1422;2.772;4.62;22.7;35.65;34.93
1423;2.771;4.62;22.7;35.65;35.17
1424;2.771;4.62;22.7;35.88;34.93
1425;2.771;4.62;22.7;35.76;35.05
1426;2.77;4.62;22.7;35.65;35.17
1427;2.77;4.62;22.7;35.65;35.17
1428;2.77;4.62;22.7;35.76;35.05
1429;2.769;4.62;22.7;35.65;35.05
1430;2.769;4.62;22.7;35.76;35.89
1431;2.768;4.62;22.7;35.76;35.05
1432;2.768;4.62;22.7;35.65;35.05
1433;2.768;4.62;22.7;35.65;35.05
1434;2.767;4.62;22.7;35.65;35.05
1435;2.767;4.62;22.7;35.88;35.17
1436;2.767;4.62;22.7;34.74;35.05
1437;2.767;4.62;22.6;35.76;35.05
1438;2.766;4.62;22.6;35.76;35.05
1439;2.766;4.62;22.6;35.76;35.17
1440;2.766;4.62;22.6;35.76;35.17
1441;2.766;4.62;22.6;35.99;34.81
1442;2.765;4.62;22.6;35.76;35.05
1443;2.765;4.62;22.6;35.76;35.05
1444;2.765;4.62;22.7;35.99;35.17
1445;2.765;4.62;22.6;35.65;34.93
1446;2.764;4.62;22.7;35.76;35.05
1447;2.764;4.62;22.7;35.76;35.17
1448;2.763;4.62;22.7;35.76;35.05
1449;2.763;4.62;22.7;35.88;35.41
1450;2.763;4.62;22.8;35.76;35.17
1451;2.762;4.62;22.7;35.76;35.17
1452;2.762;4.62;22.7;35.76;35.29
1453;2.762;4.62;22.8;35.76;35.05
1454;2.762;4.62;22.7;35.76;35.29
1455;2.761;4.62;22.7;35.88;35.05
1456;2.761;4.62;22.8;35.76;35.17
1457;2.76;4.62;22.7;35.42;35.05
1458;2.76;4.62;22.7;35.76;36.49
1459;2.76;4.62;22.7;35.76;35.17
1460;2.759;4.62;22.7;35.76;35.17
1461;2.759;4.62;22.7;35.76;35.17
1462;2.759;4.62;22.6;35.76;35.17
1463;2.759;4.62;22.6;35.99;35.17
1464;2.759;4.62;22.6;35.76;35.05
1465;2.758;4.62;22.6;35.88;35.41
1466;2.758;4.62;22.6;35.76;34.93
1467;2.758;4.62;22.6;35.88;35.17
1468;2.757;4.62;22.6;35.76;35.17
1469;2.757;4.62;22.6;35.88;35.17
1470;2.757;4.62;22.6;35.88;35.29
1471;2.757;4.62;22.6;35.88;35.17
1472;2.756;4.62;22.6;35.88;34.93
1473;2.756;4.62;22.7;35.76;35.29
1474;2.755;4.62;22.6;35.76;35.29
1475;2.755;4.62;22.7;35.88;35.17
1476;2.755;4.62;22.7;35.88;35.17
1477;2.755;4.62;22.7;35.76;35.41
1478;2.754;4.62;22.7;35.88;35.17
1479;2.754;4.62;22.7;35.88;35.29
1480;2.754;4.62;22.7;35.99;35.29
1481;2.753;4.62;22.7;35.76;35.29
1482;2.753;4.62;22.7;35.88;35.29
1483;2.753;4.62;22.7;35.88;35.29
1484;2.752;4.62;22.7;35.88;35.29
1485;2.752;4.62;22.6;35.99;35.29
1486;2.752;4.62;22.6;36.22;35.29
1487;2.752;4.62;22.7;35.99;35.41
1488;2.751;4.62;22.6;35.99;35.17
1489;2.751;4.62;22.6;35.99;35.77
1490;2.751;4.62;22.6;35.99;35.29
1491;2.75;4.62;22.6;35.99;35.17
1492;2.75;4.62;22.49;35.99;35.41
1493;2.75;4.62;22.6;35.99;34.34
1494;2.75;4.62;22.6;35.99;35.29
1495;2.75;4.62;22.6;35.99;35.29
1496;2.749;4.62;22.6;36.11;35.17
1497;2.749;4.62;22.6;35.99;35.29
1498;2.749;4.62;22.49;35.53;35.41
1499;2.749;4.62;22.6;36.11;35.05
1500;2.748;4.62;22.6;35.99;35.29
1501;2.748;4.62;22.6;36.22;35.41
1502;2.748;4.62;22.6;36.11;35.29
1503;2.748;4.62;22.6;36.11;35.41
1504;2.747;4.62;22.6;36.11;35.29
1505;2.747;4.62;22.6;36.11;35.41
1506;2.746;4.62;22.6;36.22;35.53
1507;2.746;4.62;22.6;36.11;35.29
1508;2.746;4.62;22.6;36.11;35.41
1509;2.745;4.62;22.6;36.11;35.65
1510;2.745;4.62;22.6;36.11;35.41
1511;2.745;4.62;22.6;36.11;35.65
1512;2.745;4.62;22.49;36.11;35.53
1513;2.744;4.62;22.6;36.11;35.53
1514;2.744;4.62;22.6;36.11;35.41
1515;2.743;4.62;22.49;36.22;35.41
1516;2.743;4.62;22.49;36.34;35.53
1517;2.743;4.62;22.49;36.11;35.53
1518;2.743;4.62;22.49;36.11;35.29
1519;2.742;4.62;22.49;36.22;35.41
1520;2.742;4.62;22.49;36.22;35.53
1521;2.742;4.62;22.49;35.99;35.53
1522;2.742;4.62;22.6;36.22;35.53
1523;2.741;4.62;22.49;36.22;35.53
1524;2.741;4.62;22.6;36.22;35.65
1525;2.741;4.62;22.49;36.22;35.65
1526;2.741;4.62;22.6;36.46;35.65
1527;2.74;4.62;22.19;35.99;35.53
1528;2.74;4.62;22.6;36.22;35.65
1529;2.74;4.62;22.49;36.34;35.53
1530;2.739;4.62;22.49;36.11;35.65
1531;2.739;4.62;22.49;36.34;35.53
1532;2.739;4.62;22.49;36.22;35.77
1533;2.739;4.62;22.49;36.34;35.53
1534;2.738;4.62;22.49;36.34;35.53
1535;2.738;4.62;22.49;36.34;35.41
1536;2.738;4.62;22.6;36.11;35.77
1537;2.737;4.62;22.49;36.22;35.53
1538;2.737;4.62;22.49;36.22;35.53
1539;2.736;4.62;22.49;36.34;35.53
1540;2.736;4.62;22.49;36.22;35.41
1541;2.736;4.62;22.49;36.22;35.53
1542;2.735;4.62;22.49;36.34;35.65
1543;2.735;4.62;22.49;36.34;35.65
1544;2.735;4.62;22.49;36.34;35.53
1545;2.734;4.62;22.49;36.22;35.29
1546;2.734;4.62;22.49;36.34;35.53
1547;2.734;4.62;22.49;36.34;35.65
1548;2.734;4.62;22.49;36.34;35.65
1549;2.733;4.62;22.49;36.34;35.53
1550;2.733;4.62;22.49;36.34;35.53
1551;2.733;4.62;22.49;36.34;35.65
1552;2.732;4.62;22.49;36.34;35.65
1553;2.732;4.62;22.6;36.34;35.65
1554;2.731;4.62;22.6;36.69;35.65
1555;2.731;4.62;22.6;36.34;35.65
1556;2.731;4.62;22.49;36.34;35.65
1557;2.73;4.62;22.49;36.11;35.41
1558;2.73;4.62;22.6;36.34;35.65
1559;2.729;4.62;22.49;36.34;35.65
1560;2.729;4.62;22.49;36.34;35.65
1561;2.729;4.62;22.8;36.22;36.25
1562;2.728;4.62;22.49;36.46;35.77
1563;2.728;4.62;22.49;36.46;35.65
1564;2.727;4.62;22.49;36.34;35.65
1565;2.727;4.62;22.6;36.46;35.77
1566;2.727;4.62;22.49;36.34;35.65
1567;2.726;4.62;22.49;36.46;35.53
1568;2.726;4.62;22.49;36.46;35.65
1569;2.726;4.62;22.39;36.57;35.77
1570;2.725;4.62;22.49;36.34;35.65
1571;2.725;4.62;22.49;36.46;35.89
1572;2.725;4.62;22.49;35.88;35.65
1573;2.725;4.62;22.49;36.46;35.65
1574;2.725;4.62;22.49;36.46;35.65
1575;2.724;4.62;22.49;36.46;35.53
1576;2.724;4.62;22.49;36.46;35.77
1577;2.724;4.62;22.49;36.34;35.77
1578;2.723;4.62;22.49;36.46;35.65
1579;2.724;4.62;22.49;36.34;35.77
1580;2.723;4.62;22.49;36.46;35.77
1581;2.723;4.62;22.49;36.57;35.77
1582;2.722;4.62;22.49;36.46;35.77
1583;2.722;4.62;22.49;36.46;35.77
1584;2.722;4.62;22.39;37.27;35.53
1585;2.721;4.62;22.49;36.46;35.77
1586;2.721;4.62;22.49;36.46;35.77
1587;2.72;4.62;22.49;36.34;35.77
1588;2.72;4.62;22.49;36.46;35.89
1589;2.72;4.62;22.49;35.53;35.77
1590;2.719;4.62;22.39;36.57;35.77
1591;2.719;4.62;22.49;36.46;35.89
1592;2.718;4.62;22.39;36.46;35.77
1593;2.718;4.62;22.39;36.46;35.77
1594;2.718;4.62;22.39;36.57;35.65
1595;2.718;4.62;22.39;36.57;35.89
1596;2.717;4.62;22.29;36.57;36.01
1597;2.717;4.62;22.39;36.57;35.77
1598;2.717;4.62;22.39;36.57;35.77
1599;2.716;4.62;22.49;36.57;35.77
1600;2.716;4.62;22.49;36.57;35.77
1601;2.716;4.62;22.49;36.69;36.01
1602;2.716;4.62;22.6;36.57;35.77
1603;2.715;4.62;22.49;36.57;35.77
1604;2.715;4.62;22.49;36.57;35.77
1605;2.714;4.62;22.49;36.57;35.77
1606;2.714;4.62;22.39;36.57;35.89
1607;2.714;4.62;22.39;36.57;35.89
1608;2.713;4.62;22.8;36.57;35.89
1609;2.713;4.62;22.39;36.57;35.89
1610;2.713;4.62;22.39;36.57;35.65
1611;2.712;4.62;22.39;36.57;35.89
1612;2.712;4.62;22.39;36.57;35.89
1613;2.711;4.62;22.39;36.69;36.01
1614;2.711;4.62;22.39;36.69;35.77
1615;2.711;4.62;22.39;36.69;35.89
1616;2.711;4.62;22.39;36.57;35.89
1617;2.71;4.62;22.39;36.69;36.01
1618;2.71;4.62;22.39;37.27;35.89
1619;2.71;4.62;22.39;36.69;35.65
1620;2.709;4.62;22.39;36.69;35.77
1621;2.709;4.62;22.39;36.69;35.89
1622;2.708;4.62;22.39;36.69;35.77
1623;2.708;4.62;22.49;36.69;35.77
1624;2.707;4.62;22.39;36.81;35.89
1625;2.707;4.62;22.49;36.69;35.89
1626;2.707;4.62;22.49;36.69;35.89
1627;2.707;4.62;22.49;36.81;35.77
1628;2.706;4.62;22.49;36.69;35.89
1629;2.706;4.62;22.49;36.92;36.13
1630;2.706;4.62;22.6;36.69;36.01
1631;2.706;4.62;22.6;36.69;35.53
1632;2.705;4.62;22.49;36.81;35.89
1633;2.704;4.62;22.49;36.69;35.89
1634;2.704;4.62;22.6;36.69;35.89
1635;2.704;4.62;22.49;36.81;35.65
1636;2.704;4.62;22.49;37.39;35.89
1637;2.703;4.62;22.49;36.81;35.89
1638;2.703;4.62;22.49;36.69;35.89
1639;2.702;4.62;22.39;36.69;35.65
1640;2.702;4.62;22.49;36.81;35.89
1641;2.702;4.62;22.29;36.81;35.89
1642;2.702;4.62;22.49;36.81;35.89
1643;2.701;4.62;22.49;36.81;36.01
1644;2.701;4.62;22.49;36.92;35.89
1645;2.701;4.62;22.6;36.81;36.01
1646;2.7;4.62;22.49;36.81;35.89
1647;2.7;4.62;22.49;36.81;36.01
1648;2.7;4.62;22.49;36.81;35.89
1649;2.7;4.62;22.49;36.81;35.89
1650;2.7;4.62;22.49;36.81;35.89
1651;2.699;4.62;22.6;36.81;35.89
1652;2.699;4.62;22.6;36.81;35.77
1653;2.699;4.62;22.49;36.69;36.13
1654;2.698;4.62;22.6;37.04;35.89
1655;2.698;4.62;22.49;36.81;35.89
1656;2.697;4.62;22.6;36.81;35.77
1657;2.697;4.62;22.6;36.81;35.89
1658;2.696;4.62;22.6;37.27;35.89
1659;2.696;4.62;22.49;36.81;36.01
1660;2.695;4.62;22.6;36.69;36.13
1661;2.695;4.62;22.49;37.16;36.01
1662;2.695;4.62;22.49;36.81;36.01
1663;2.694;4.62;22.49;36.81;36.37
1664;2.694;4.62;22.39;36.81;36.01
1665;2.694;4.62;22.49;36.81;36.01
1666;2.693;4.62;22.49;36.81;35.89
1667;2.693;4.62;22.39;36.81;35.65
1668;2.692;4.62;22.49;36.81;35.89
1669;2.692;4.62;22.39;36.81;36.01
1670;2.691;4.62;22.49;36.92;36.01
1671;2.691;4.62;22.39;36.92;36.01
1672;2.691;4.62;22.49;36.92;36.01
1673;2.69;4.62;22.49;36.92;36.13
1674;2.69;4.62;22.49;36.92;36.01
1675;2.69;4.62;22.49;36.92;35.77
1676;2.689;4.62;22.6;36.92;36.01
1677;2.689;4.62;22.6;36.92;36.13
1678;2.689;4.62;22.6;36.92;36.01
1679;2.689;4.62;22.6;36.92;36.01
1680;2.688;4.62;22.6;36.92;36.01
1681;2.688;4.62;22.6;36.92;36.01
1682;2.687;4.62;22.6;36.81;36.01
1683;2.687;4.62;22.7;36.81;36.01
1684;2.686;4.62;22.6;36.92;36.13
1685;2.687;4.62;22.6;36.92;36.01
1686;2.686;4.62;22.6;36.92;36.01
1687;2.685;4.62;22.6;36.92;36.01
1688;2.685;4.62;22.6;36.92;36.13
1689;2.684;4.62;22.6;36.81;36.61
1690;2.684;4.62;22.6;36.92;36.01
1691;2.683;4.62;22.6;37.04;36.01
1692;2.683;4.62;22.49;36.92;36.01
1693;2.683;4.62;22.6;36.92;36.01
1694;2.682;4.62;22.49;37.04;36.01
1695;2.682;4.62;22.49;37.04;36.25
1696;2.682;4.62;22.49;36.92;36.01
1697;2.681;4.62;22.6;36.92;35.89
1698;2.681;4.62;22.09;38.1;36.13
1699;2.68;4.62;22.6;36.92;36.01
1700;2.68;4.62;22.6;36.92;36.01
1701;2.68;4.62;22.6;37.04;36.01
1702;2.679;4.62;22.7;36.92;36.13
1703;2.679;4.62;22.6;36.92;36.01
1704;2.679;4.62;22.7;36.81;36.13
1705;2.679;4.62;22.6;36.92;36.01
1706;2.678;4.62;22.6;36.92;36.01
1707;2.678;4.62;22.6;37.04;36.13
1708;2.678;4.62;22.6;37.04;36.01
1709;2.678;4.62;22.7;37.16;36.37
1710;2.677;4.62;22.6;37.04;36.25
1711;2.677;4.62;22.6;37.04;36.13
1712;2.676;4.62;22.6;37.04;36.01
1713;2.676;4.62;22.6;37.04;36.25
1714;2.675;4.62;22.6;37.27;36.13
1715;2.675;4.62;22.49;37.16;36.13
1716;2.674;4.62;22.6;37.04;36.01
1717;2.674;4.62;22.49;37.63;36.25
1718;2.673;4.62;22.49;37.04;36.13
1719;2.673;4.62;22.49;37.04;36.74
1720;2.673;4.62;22.49;37.04;36.13
1721;2.672;4.62;22.6;37.04;36.13
1722;2.672;4.62;22.49;37.04;36.13
1723;2.672;4.62;22.39;37.04;36.13
1724;2.671;4.62;22.49;37.04;36.13
1725;2.671;4.62;22.49;37.16;36.98
1726;2.671;4.62;22.6;37.04;36.13
1727;2.67;4.62;22.49;37.04;36.01
1728;2.67;4.62;22.6;37.04;36.13
1729;2.67;4.62;22.6;37.04;36.01
1730;2.669;4.62;22.7;37.04;36.13
1731;2.669;4.62;22.49;37.04;36.13
1732;2.668;4.62;22.6;37.16;36.25
1733;2.668;4.62;22.6;37.04;36.13
1734;2.668;4.62;22.49;37.04;36.13
1735;2.667;4.62;22.49;37.16;37.72
1736;2.667;4.62;22.49;37.16;36.13
1737;2.667;4.62;22.49;37.04;36.13
1738;2.666;4.62;22.49;37.16;36.13
1739;2.666;4.62;22.49;37.04;36.13
1740;2.666;4.62;22.49;37.16;36.13
1741;2.665;4.62;22.49;37.16;36.01
1742;2.664;4.62;22.49;37.16;36.37
1743;2.664;4.62;22.49;37.16;36.25
1744;2.663;4.62;22.49;37.27;36.01
1745;2.663;4.62;22.39;37.16;36.13
1746;2.663;4.62;22.49;37.16;36.13
1747;2.662;4.62;21.99;37.16;36.13
1748;2.662;4.62;22.49;37.16;36.13
1749;2.661;4.62;22.49;37.16;36.13
1750;2.661;4.62;22.49;37.16;36.13
1751;2.661;4.62;22.49;37.16;36.01
1752;2.66;4.62;22.49;37.16;36.13
1753;2.66;4.62;22.49;37.04;36.01
1754;2.659;4.62;22.6;37.16;36.13
1755;2.659;4.62;22.6;37.16;36.37
1756;2.659;4.62;22.6;37.16;36.25
1757;2.658;4.62;22.6;37.16;36.13
1758;2.658;4.62;22.6;37.16;36.25
1759;2.657;4.62;22.6;37.39;36.13
1760;2.657;4.62;22.49;37.16;36.13
1761;2.657;4.62;22.6;37.16;36.13
1762;2.656;4.62;22.49;37.16;36.13
1763;2.656;4.62;22.49;37.16;36.01
1764;2.656;4.62;22.49;37.16;36.13
1765;2.655;4.62;22.49;37.27;36.13
1766;2.655;4.62;22.49;37.16;36.13
1767;2.654;4.62;22.49;37.16;36.13
1768;2.654;4.62;22.49;37.16;36.13
1769;2.653;4.62;22.49;37.27;36.13
1770;2.653;4.62;22.49;37.16;36.25
1771;2.652;4.62;22.49;37.27;35.41
1772;2.653;4.62;22.39;37.04;36.98
1773;2.652;4.62;22.49;37.16;36.25
1774;2.652;4.62;22.49;37.16;36.13
1775;2.651;4.62;22.49;37.16;36.13
1776;2.651;4.62;22.39;37.16;36.13
1777;2.651;4.62;22.49;37.16;36.37
1778;2.65;4.62;22.49;37.16;36.13
1779;2.65;4.62;22.6;37.16;36.13
1780;2.651;4.62;22.49;37.27;36.25
1781;2.65;4.62;22.6;37.27;36.01
1782;2.649;4.62;22.6;37.16;36.13
1783;2.648;4.62;22.6;37.16;36.37
1784;2.648;4.62;22.6;37.27;36.25
1785;2.647;4.62;22.6;37.16;36.25
1786;2.647;4.62;22.6;37.16;36.25
1787;2.646;4.62;22.6;37.16;36.13
1788;2.646;4.62;22.6;37.27;36.13
1789;2.645;4.62;22.6;37.16;36.25
1790;2.645;4.62;22.6;37.27;36.25
1791;2.644;4.62;22.49;37.27;36.25
1792;2.644;4.62;22.49;37.27;36.25
1793;2.643;4.62;22.49;37.27;36.25
1794;2.643;4.62;22.49;37.27;36.01
1795;2.642;4.62;22.39;37.16;36.25
1796;2.642;4.62;22.49;37.27;36.25
1797;2.642;4.62;22.49;37.16;36.25
1798;2.641;4.62;22.49;37.27;36.25
1799;2.641;4.62;22.49;37.27;36.25
1800;2.641;4.62;22.49;37.27;36.25
1801;2.64;4.62;22.49;37.27;36.37
1802;2.64;4.62;22.49;37.27;36.37
1803;2.639;4.62;22.6;37.27;36.25
1804;2.641;4.62;22.6;37.27;36.25
1805;2.64;4.62;22.7;37.27;36.13
1806;2.639;4.62;22.6;37.39;36.25
1807;2.639;4.62;22.6;37.39;36.37
1808;2.638;4.62;22.6;37.39;36.37
1809;2.638;4.62;22.7;37.39;36.37
1810;2.637;4.62;22.6;37.16;36.37
1811;2.636;4.62;22.6;37.39;36.37
1812;2.636;4.62;22.6;37.39;36.37
1813;2.636;4.62;22.6;37.27;37.1
1814;2.635;4.62;22.6;37.39;36.49
1815;2.635;4.62;22.49;37.39;36.61
1816;2.634;4.62;22.6;37.27;36.37
1817;2.634;4.62;22.6;37.39;36.37
1818;2.633;4.62;22.6;37.39;36.49
1819;2.633;4.62;22.49;37.39;36.37
1820;2.632;4.62;22.49;37.39;36.49
1821;2.632;4.62;22.49;37.39;36.37
1822;2.632;4.62;22.49;37.39;36.49
1823;2.631;4.62;22.49;37.51;36.37
1824;2.631;4.62;22.49;37.39;36.49
1825;2.63;4.62;22.49;37.51;36.37
1826;2.63;4.62;22.49;37.39;36.49
1827;2.629;4.62;22.49;37.51;36.37
1828;2.629;4.62;22.49;37.51;36.37
1829;2.628;4.62;22.6;37.27;36.49
1830;2.628;4.62;22.6;37.51;36.37
1831;2.627;4.62;22.6;37.51;36.49
1832;2.627;4.62;22.6;37.39;36.49
1833;2.627;4.62;22.49;37.51;36.49
1834;2.626;4.62;22.6;37.51;36.49
1835;2.626;4.62;22.6;37.51;36.37
1836;2.625;4.62;22.49;37.51;36.61
1837;2.625;4.62;22.6;37.51;36.61
1838;2.625;4.62;22.49;37.63;35.89
1839;2.624;4.62;22.49;37.51;36.74
1840;2.623;4.62;22.49;37.51;36.49
1841;2.623;4.62;22.6;37.63;36.49
1842;2.622;4.62;22.49;37.63;36.49
1843;2.622;4.62;22.49;37.51;36.74
1844;2.622;4.62;22.6;37.74;36.74
1845;2.621;4.62;22.49;37.63;36.61
1846;2.621;4.62;22.49;37.63;36.37
1847;2.621;4.62;22.49;37.63;36.37
1848;2.62;4.62;22.49;37.63;36.61
1849;2.62;4.62;22.49;37.51;36.49
1850;2.619;4.62;22.49;37.63;36.61
1851;2.619;4.62;22.49;37.98;36.61
1852;2.619;4.62;22.49;37.63;36.61
1853;2.619;4.62;22.49;37.63;36.61
1854;2.618;4.62;22.49;37.63;36.49
1855;2.617;4.62;22.49;37.74;36.61
1856;2.617;4.62;22.6;37.51;36.37
1857;2.616;4.62;22.6;37.63;36.49
1858;2.616;4.62;22.6;37.63;36.74
1859;2.615;4.62;22.49;37.63;36.61
1860;2.614;4.62;22.49;37.63;36.74
1861;2.614;4.62;22.49;37.51;36.61
1862;2.614;4.62;22.49;37.63;36.49
1863;2.613;4.62;22.49;37.63;36.49
1864;2.612;4.62;22.49;37.63;36.61
1865;2.612;4.62;22.9;37.63;36.61
1866;2.611;4.62;22.49;37.63;36.61
1867;2.611;4.62;22.49;37.63;36.61
1868;2.61;4.62;22.49;37.63;36.61
1869;2.61;4.62;22.49;37.63;36.61
1870;2.61;4.62;22.49;37.74;36.74
1871;2.609;4.62;22.49;37.74;36.74
1872;2.608;4.62;22.6;37.74;36.61
1873;2.608;4.62;22.49;37.74;36.61
1874;2.608;4.62;22.49;37.74;36.49
1875;2.607;4.62;22.49;37.74;36.61
1876;2.607;4.62;22.49;37.74;36.61
1877;2.606;4.62;22.49;37.86;36.61
1878;2.606;4.62;22.49;37.74;36.61
1879;2.605;4.62;22.49;37.74;36.86
1880;2.605;4.62;22.6;37.74;36.49
1881;2.605;4.62;22.6;37.63;36.74
1882;2.605;4.62;22.6;37.74;36.49
1883;2.604;4.62;22.49;37.74;36.74
1884;2.604;4.62;22.6;37.74;36.74
1885;2.603;4.62;22.6;37.74;36.74
1886;2.603;4.62;22.49;37.86;35.65
1887;2.602;4.62;22.6;37.63;36.74
1888;2.601;4.62;22.49;37.98;36.98
1889;2.601;4.62;22.49;37.74;36.61
1890;2.6;4.62;22.49;37.74;36.61
1891;2.6;4.62;22.49;37.74;36.74
1892;2.599;4.62;22.49;37.74;37.6
1893;2.599;4.62;22.49;37.74;36.74
1894;2.598;4.62;22.39;37.86;36.74
1895;2.598;4.62;22.49;37.74;36.74
1896;2.597;4.62;22.49;37.98;36.74
1897;2.597;4.62;22.49;37.86;36.61
1898;2.597;4.62;22.49;37.86;36.74
1899;2.596;4.62;22.49;37.86;36.74
1900;2.595;4.62;22.49;37.86;36.74
1901;2.595;4.62;22.49;37.86;36.74
1902;2.595;4.62;22.49;37.86;36.74
1903;2.595;4.62;22.6;37.86;36.74
1904;2.593;4.62;22.49;37.86;36.74
1905;2.593;4.62;22.49;37.86;36.74
1906;2.593;4.62;22.49;37.74;36.74
1907;2.592;4.62;22.49;37.86;36.74
1908;2.591;4.62;22.49;37.98;36.61
1909;2.591;4.62;22.6;37.74;36.86
1910;2.591;4.62;22.6;37.86;36.61
1911;2.591;4.62;22.6;37.86;36.74
1912;2.59;4.62;22.6;37.86;36.86
1913;2.59;4.62;22.6;37.86;36.86
1914;2.59;4.62;22.6;37.86;36.98
1915;2.59;4.62;22.49;37.86;37.23
1916;2.588;4.62;22.49;37.98;36.86
1917;2.588;4.62;22.6;37.98;36.74
1918;2.587;4.62;22.49;37.74;36.86
1919;2.586;4.62;22.49;37.98;36.86
1920;2.586;4.62;22.49;37.98;36.74
1921;2.585;4.62;22.49;37.98;36.74
1922;2.585;4.62;22.49;37.86;36.98
1923;2.584;4.62;22.49;37.86;36.86
1924;2.584;4.62;22.49;37.98;36.86
1925;2.583;4.62;22.49;38.1;35.17
1926;2.583;4.62;22.49;37.98;36.86
1927;2.583;4.62;22.39;37.86;36.74
1928;2.582;4.62;22.39;37.98;36.86
1929;2.582;4.62;22.39;38.1;37.1
1930;2.581;4.62;22.49;37.51;36.74
1931;2.581;4.62;22.49;37.98;36.86
1932;2.58;4.62;22.49;37.98;36.74
1933;2.58;4.62;22.49;37.98;36.86
1934;2.579;4.62;22.49;37.98;36.98
1935;2.579;4.62;22.49;37.98;38.34
1936;2.578;4.62;22.6;37.98;37.1
1937;2.577;4.62;22.49;37.98;36.98
1938;2.577;4.62;22.49;38.1;36.86
1939;2.577;4.62;22.49;37.98;36.98
1940;2.576;4.62;22.49;37.98;36.98
1941;2.575;4.62;22.49;38.1;36.98
1942;2.575;4.62;22.49;38.1;36.98
1943;2.574;4.62;22.49;38.1;37.1
1944;2.574;4.62;22.49;38.1;36.86
1945;2.573;4.62;22.49;38.1;37.1
1946;2.572;4.62;22.49;38.1;37.1
1947;2.572;4.62;22.49;38.1;37.1
1948;2.571;4.62;22.39;37.98;36.86
1949;2.571;4.62;22.49;37.86;36.98
1950;2.57;4.62;22.39;37.98;37.1
1951;2.57;4.62;22.49;38.22;36.98
1952;2.569;4.62;22.39;38.1;36.86
1953;2.569;4.62;22.39;38.1;36.98
1954;2.568;4.62;22.39;38.1;36.98
1955;2.568;4.62;22.49;38.22;37.1
1956;2.567;4.62;22.49;38.1;36.98
1957;2.566;4.62;22.39;38.34;36.98
1958;2.566;4.62;22.49;38.1;37.1
1959;2.565;4.62;22.49;38.1;36.86
1960;2.565;4.62;22.49;38.1;37.23
1961;2.564;4.62;22.49;38.1;36.98
1962;2.563;4.62;22.49;38.1;37.1
1963;2.563;4.62;22.49;38.1;36.98
1964;2.562;4.62;22.49;38.1;36.98
1965;2.562;4.62;22.49;38.22;36.98
1966;2.562;4.62;22.49;38.1;36.98
1967;2.561;4.62;22.49;38.22;37.1
1968;2.56;4.62;22.49;38.22;37.35
1969;2.56;4.62;22.49;37.74;37.1
1970;2.559;4.62;22.49;38.22;37.1
1971;2.558;4.62;22.49;38.22;37.1
1972;2.558;4.62;22.49;38.22;37.23
1973;2.557;4.62;22.49;38.22;37.1
1974;2.557;4.62;22.39;38.22;37.1
1975;2.556;4.62;22.39;38.1;37.47
1976;2.556;4.62;22.39;38.34;37.23
1977;2.555;4.62;22.39;38.34;37.23
1978;2.554;4.62;22.49;38.22;37.23
1979;2.554;4.62;22.49;38.22;37.23
1980;2.553;4.62;22.6;38.22;37.1
1981;2.553;4.62;22.49;38.22;37.1
1982;2.552;4.62;22.6;38.46;37.1
1983;2.552;4.62;22.49;37.74;37.1
1984;2.552;4.62;22.49;38.46;37.1
1985;2.551;4.62;22.6;38.34;36.86
1986;2.55;4.62;22.49;38.34;37.23
1987;2.55;4.62;22.6;38.34;37.23
1988;2.549;4.62;22.49;38.34;37.23
1989;2.549;4.62;22.49;38.34;37.23
1990;2.548;4.62;22.49;38.34;37.23
1991;2.548;4.62;22.49;38.34;37.1
1992;2.547;4.62;22.49;38.46;37.35
1993;2.546;4.62;22.49;38.34;37.23
1994;2.545;4.62;22.49;38.46;37.1
1995;2.545;4.62;22.49;38.58;37.23
1996;2.544;4.62;22.49;38.58;36.86
1997;2.543;4.62;22.39;38.34;37.35
1998;2.543;4.62;22.39;38.46;37.35
1999;2.542;4.62;22.39;38.34;37.23
2000;2.542;4.62;22.39;38.46;37.23
2001;2.542;4.62;22.39;38.46;37.35
2002;2.541;4.62;22.39;38.46;37.23
2003;2.54;4.62;22.39;38.34;37.35
2004;2.539;4.62;22.39;38.46;37.35
2005;2.539;4.62;22.39;38.34;37.35
2006;2.538;4.62;22.29;38.34;37.23
2007;2.537;4.62;22.39;38.46;37.35
2008;2.537;4.62;22.39;38.46;37.35
2009;2.536;4.62;22.39;38.58;37.35
2010;2.536;4.62;22.39;38.46;37.35
2011;2.535;4.62;22.39;38.58;37.35
2012;2.534;4.62;22.39;38.46;37.47
2013;2.534;4.62;22.49;38.46;37.72
2014;2.533;4.62;22.49;38.58;37.47
2015;2.533;4.62;22.39;38.58;37.47
2016;2.532;4.62;22.39;38.58;37.47
2017;2.531;4.62;22.39;38.94;37.23
2018;2.531;4.62;22.39;38.58;37.47
2019;2.53;4.62;22.39;38.58;37.47
2020;2.529;4.62;22.39;38.58;37.47
2021;2.529;4.62;22.39;38.58;37.47
2022;2.528;4.62;22.39;38.7;37.47
2023;2.527;4.62;22.39;38.7;37.6
2024;2.527;4.62;22.39;38.7;37.47
2025;2.527;4.62;22.39;38.7;38.98
2026;2.526;4.62;22.39;38.7;37.47
2027;2.525;4.62;22.39;38.7;37.6
2028;2.525;4.62;22.39;38.7;37.6
2029;2.524;4.62;22.29;38.7;37.6
2030;2.523;4.62;22.39;38.7;37.47
2031;2.525;4.62;22.39;38.7;37.47
2032;2.523;4.62;22.39;38.7;37.47
2033;2.522;4.62;22.29;38.7;37.6
2034;2.521;4.62;22.39;38.7;37.47
2035;2.521;4.62;22.39;38.82;37.6
2036;2.52;4.62;22.39;38.7;37.47
2037;2.519;4.62;22.39;38.7;37.47
2038;2.518;4.62;22.49;38.7;37.6
2039;2.518;4.62;22.39;38.7;37.6
2040;2.517;4.62;22.39;38.7;37.72
2041;2.516;4.62;22.39;38.7;37.6
2042;2.516;4.62;22.39;39.06;37.6
2043;2.515;4.62;22.39;38.7;37.6
2044;2.514;4.62;22.29;38.82;37.84
2045;2.514;4.62;22.39;38.7;37.6
2046;2.513;4.62;22.39;38.82;37.6
2047;2.512;4.62;22.39;38.82;37.6
2048;2.512;4.62;22.39;38.7;37.6
2049;2.512;4.62;22.39;38.94;37.6
2050;2.511;4.62;22.39;38.94;37.6
2051;2.51;4.62;22.49;38.82;37.72
2052;2.509;4.62;22.39;38.82;37.72
2053;2.509;4.62;22.39;38.82;37.72
2054;2.508;4.62;22.29;38.82;37.72
2055;2.507;4.62;22.39;38.94;37.72
2056;2.508;4.62;22.39;38.82;37.6
2057;2.507;4.62;22.49;38.82;37.72
2058;2.506;4.62;22.39;39.06;37.47
2059;2.505;4.62;22.39;38.82;38.09
2060;2.505;4.62;22.29;38.94;37.6
2061;2.504;4.62;22.39;38.82;36.13
2062;2.503;4.62;22.39;38.82;37.6
2063;2.503;4.62;22.39;38.7;37.84
2064;2.503;4.62;22.39;38.82;37.72
2065;2.501;4.62;22.39;38.82;37.72
2066;2.501;4.62;22.49;38.82;37.72
2067;2.5;4.62;22.39;39.06;37.84
