time;voltage;current;ambient_temperature;surface_temperature_plus;surface_temperature_minus
0;4.128;0.0;14.46;12.87;12.66
1;3.954;1.716;14.46;12.87;12.66
2;3.755;2.671;14.46;12.87;12.66
3;3.743;2.671;14.46;12.87;12.56
4;3.738;2.671;14.46;12.87;12.66
5;3.735;2.671;14.46;12.87;12.66
6;3.732;2.671;14.46;12.97;12.66
7;3.73;2.671;14.46;12.97;12.66
8;3.728;2.671;14.46;12.97;12.66
9;3.726;2.671;14.46;12.87;12.76
10;3.725;2.671;14.46;12.87;12.76
11;3.723;2.671;14.46;12.87;12.66
12;3.722;2.671;14.46;12.87;12.66
13;3.721;2.671;14.46;12.87;12.66
14;3.72;2.671;14.46;12.97;12.66
15;3.718;2.671;14.46;12.87;12.66
16;3.717;2.671;14.46;12.97;12.76
17;3.716;2.671;14.46;12.97;12.76
18;3.716;2.671;14.46;12.97;12.66
19;3.715;2.671;14.56;12.97;12.66
20;3.714;2.671;14.46;12.97;12.76
21;3.713;2.671;14.46;12.97;12.76
22;3.712;2.671;14.46;12.97;12.86
23;3.711;2.671;14.46;12.97;12.76
24;3.711;2.671;14.46;12.97;12.76
25;3.71;2.671;14.56;12.97;12.76
26;3.709;2.671;14.46;12.97;12.76
27;3.709;2.671;14.46;13.06;12.76
28;3.708;2.671;14.46;12.87;12.76
29;3.707;2.671;14.46;13.06;12.76
30;3.707;2.671;14.46;13.16;12.76
31;3.706;2.671;14.46;12.97;12.76
32;3.706;2.671;14.46;13.06;12.76
33;3.705;2.671;14.46;13.06;12.86
34;3.705;2.671;14.46;13.16;12.76
35;3.704;2.671;14.46;12.97;12.86
36;3.704;2.671;14.46;13.06;12.86
37;3.703;2.671;14.46;13.06;12.86
38;3.703;2.671;14.46;13.06;12.86
39;3.702;2.671;14.46;13.06;12.86
40;3.702;2.671;14.56;13.06;12.86
41;3.702;2.671;14.46;13.16;12.86
42;3.701;2.671;14.46;13.06;12.86
43;3.701;2.671;14.46;13.06;12.86
44;3.7;2.671;14.46;13.16;12.96
45;3.7;2.671;14.46;13.16;12.96
46;3.7;2.671;14.46;13.16;12.86
47;3.699;2.671;14.56;13.16;12.96
48;3.699;2.671;14.56;13.16;12.96
49;3.699;2.671;14.56;13.16;12.96
50;3.698;2.671;14.46;13.16;12.96
51;3.698;2.671;14.56;13.16;12.96
52;3.698;2.671;14.56;13.35;12.96
53;3.697;2.671;14.56;13.26;12.96
54;3.697;2.671;14.56;13.26;12.96
55;3.697;2.671;14.56;13.26;12.96
56;3.696;2.671;14.56;13.26;12.96
57;3.696;2.671;14.56;13.26;13.06
58;3.696;2.671;14.56;13.16;12.96
59;3.696;2.671;14.56;13.26;13.06
60;3.695;2.672;14.56;13.35;12.96
61;3.695;2.671;14.56;13.35;13.06
62;3.647;3.204;14.56;13.35;13.06
63;3.56;3.95;14.56;13.35;13.06
64;3.557;3.95;14.56;13.35;13.06
65;3.556;3.95;14.56;13.45;13.06
66;3.554;3.95;14.56;13.35;13.06
67;3.553;3.95;14.56;13.35;13.06
68;3.552;3.95;14.56;13.35;13.16
69;3.551;3.95;14.56;13.35;13.16
70;3.55;3.95;14.56;13.45;13.16
71;3.549;3.95;14.56;13.45;13.16
72;3.549;3.95;14.56;13.45;13.26
73;3.548;3.95;14.56;13.45;13.16
74;3.548;3.95;14.66;13.45;13.16
75;3.547;3.95;14.56;13.45;13.26
76;3.546;3.95;14.56;13.45;13.16
77;3.546;3.95;14.56;13.55;13.26
78;3.545;3.95;14.56;13.55;13.26
79;3.545;3.95;14.56;13.55;13.26
80;3.545;3.95;14.56;13.55;13.26
81;3.544;3.95;14.56;13.64;13.36
82;3.544;3.95;14.56;13.64;13.36
83;3.544;3.95;14.56;13.64;13.36
84;3.543;3.95;14.56;13.64;13.36
85;3.543;3.95;14.56;13.64;13.36
86;3.543;3.95;14.56;13.64;13.36
87;3.542;3.95;14.56;13.74;13.46
88;3.542;3.95;14.56;13.74;13.46
89;3.542;3.95;14.56;13.74;13.46
90;3.542;3.95;14.56;13.74;13.46
91;3.541;3.95;14.56;13.84;13.46
92;3.541;3.95;14.56;13.84;13.56
93;3.541;3.95;14.56;13.84;13.56
94;3.541;3.95;14.56;13.84;13.56
95;3.541;3.95;14.56;13.84;13.56
96;3.541;3.95;14.56;13.74;13.56
97;3.54;3.95;14.56;13.94;13.66
98;3.54;3.95;14.56;13.94;13.66
99;3.54;3.95;14.56;13.94;13.66
100;3.54;3.95;14.56;13.94;13.66
101;3.54;3.95;14.56;13.94;13.66
102;3.54;3.95;14.56;13.94;13.66
103;3.54;3.95;14.56;14.03;13.66
104;3.54;3.95;14.56;13.94;13.76
105;3.54;3.95;14.56;14.13;13.76
106;3.54;3.95;14.56;14.03;13.76
107;3.54;3.95;14.66;14.13;13.86
108;3.54;3.95;14.56;14.13;13.76
109;3.54;3.95;14.56;14.13;13.76
110;3.54;3.95;14.56;14.13;13.86
111;3.54;3.95;14.56;14.13;13.86
112;3.54;3.95;14.56;14.23;13.86
113;3.54;3.95;14.56;14.23;13.96
114;3.54;3.95;14.66;14.32;13.96
115;3.54;3.95;14.56;14.32;13.96
116;3.54;3.95;14.66;14.32;13.96
117;3.54;3.95;14.66;14.32;13.96
118;3.54;3.95;14.66;14.32;14.06
119;3.578;3.503;14.66;14.42;14.06
120;3.681;2.508;14.66;14.32;14.06
121;3.685;2.508;14.66;14.42;14.06
122;3.687;2.508;14.66;14.42;14.16
123;3.688;2.508;14.66;14.42;14.16
124;3.69;2.508;14.66;14.52;14.16
125;3.691;2.508;14.66;14.52;14.16
126;3.692;2.508;14.66;14.52;14.26
127;3.693;2.508;14.66;14.52;14.16
128;3.694;2.508;14.66;14.62;14.26
129;3.694;2.508;14.66;14.62;14.26
130;3.695;2.508;14.66;14.62;14.26
131;3.696;2.508;14.66;14.62;14.26
132;3.696;2.508;14.66;14.81;14.36
133;3.697;2.508;14.66;14.71;14.56
134;3.698;2.508;14.66;14.71;14.36
135;3.698;2.508;14.66;14.71;14.36
136;3.699;2.508;14.66;14.71;14.36
137;3.699;2.508;14.66;14.71;14.36
138;3.699;2.508;14.66;14.81;14.36
139;3.7;2.508;14.66;14.81;14.46
140;3.7;2.508;14.66;14.81;14.46
141;3.701;2.508;14.66;14.81;14.46
142;3.701;2.508;14.66;14.81;14.46
143;3.701;2.508;14.66;14.81;14.46
144;3.702;2.508;14.66;14.81;14.46
145;3.702;2.508;14.66;14.91;14.56
146;3.702;2.508;14.66;15.01;14.56
147;3.703;2.508;14.66;14.91;14.56
148;3.703;2.508;14.76;14.91;14.56
149;3.703;2.508;14.66;15.01;14.56
150;3.703;2.508;14.66;15.1;14.56
151;3.704;2.508;14.66;15.01;14.66
152;3.704;2.508;14.66;15.01;14.66
153;3.704;2.508;14.66;15.01;14.76
154;3.704;2.508;14.66;15.1;14.66
155;3.704;2.508;14.66;15.1;14.66
156;3.704;2.508;14.66;15.01;14.66
157;3.705;2.508;14.66;15.1;14.66
158;3.705;2.508;14.66;15.1;14.76
159;3.705;2.508;14.66;15.2;14.66
160;3.705;2.508;14.66;15.1;14.76
161;3.705;2.508;14.66;15.1;14.76
162;3.705;2.508;14.66;15.1;14.76
163;3.706;2.508;14.66;15.2;14.76
164;3.706;2.508;14.66;15.2;14.76
165;3.706;2.508;14.66;15.2;14.76
166;3.706;2.508;14.66;15.2;14.86
167;3.706;2.508;14.66;15.2;14.86
168;3.706;2.508;14.66;15.2;14.86
169;3.706;2.508;14.66;15.3;14.86
170;3.706;2.508;14.66;15.69;14.86
171;3.707;2.508;14.66;15.3;14.96
172;3.707;2.508;14.66;15.3;14.86
173;3.707;2.508;14.66;15.3;14.96
174;3.707;2.508;14.66;15.3;15.06
175;3.707;2.508;14.66;15.39;14.96
176;3.707;2.508;14.66;15.3;14.96
177;3.707;2.508;14.66;15.39;14.96
178;3.707;2.508;14.66;15.39;14.96
179;3.707;2.508;14.66;15.39;14.96
180;3.707;2.508;14.76;15.39;14.96
181;3.722;2.343;14.66;15.3;15.06
182;3.747;2.1;14.66;15.39;15.06
183;3.748;2.1;14.66;15.39;15.06
184;3.749;2.1;14.66;15.39;15.06
185;3.75;2.1;14.66;15.49;15.06
186;3.75;2.1;14.66;15.49;15.06
187;3.75;2.1;14.66;15.49;15.06
188;3.751;2.1;14.66;15.59;15.16
189;3.751;2.1;14.66;15.49;15.16
190;3.751;2.1;14.66;15.49;15.16
191;3.752;2.1;14.66;15.49;15.16
192;3.752;2.1;14.66;15.49;15.16
193;3.752;2.1;14.66;15.59;15.16
194;3.752;2.1;14.66;15.59;15.16
195;3.753;2.1;14.66;15.59;15.26
196;3.753;2.1;14.66;15.59;15.26
197;3.753;2.1;14.66;15.49;15.26
198;3.753;2.1;14.76;15.69;15.26
199;3.753;2.1;14.76;15.78;15.26
200;3.754;2.1;14.76;15.69;15.26
201;3.754;2.1;14.76;15.69;15.26
202;3.754;2.1;14.76;15.69;15.26
203;3.754;2.1;14.76;15.69;15.06
204;3.754;2.1;14.66;15.69;15.26
205;3.754;2.1;14.66;15.69;15.36
206;3.755;2.1;14.76;15.78;15.36
207;3.755;2.1;14.76;15.69;15.36
208;3.755;2.1;14.66;15.69;15.36
209;3.755;2.1;14.76;15.78;15.46
210;3.755;2.1;14.76;15.78;15.36
211;3.755;2.1;14.76;15.78;15.46
212;3.755;2.1;14.76;15.78;15.36
213;3.755;2.1;14.66;15.78;15.46
214;3.755;2.1;14.76;15.78;15.36
215;3.755;2.1;14.66;15.78;15.46
216;3.755;2.1;14.76;15.78;15.46
217;3.756;2.1;14.76;15.78;15.56
218;3.756;2.1;14.76;15.78;15.46
219;3.756;2.1;14.76;15.78;15.46
220;3.756;2.1;14.76;15.88;15.46
221;3.756;2.1;14.76;15.88;15.46
222;3.756;2.1;14.76;15.88;15.46
223;3.756;2.1;14.76;15.88;15.46
224;3.756;2.1;14.76;15.88;15.56
225;3.756;2.1;14.76;15.88;15.56
226;3.756;2.1;14.76;15.88;15.56
227;3.756;2.1;14.76;15.88;15.56
228;3.756;2.1;14.86;15.88;15.56
229;3.756;2.1;14.76;15.98;15.56
230;3.756;2.1;14.76;15.88;15.56
231;3.756;2.1;14.76;15.98;15.56
232;3.756;2.1;14.76;15.88;15.56
233;3.756;2.1;14.76;15.98;15.56
234;3.756;2.1;14.76;15.98;15.56
235;3.756;2.1;14.76;15.98;15.56
236;3.756;2.1;14.76;15.98;15.56
237;3.756;2.1;14.76;15.98;15.66
238;3.756;2.1;14.76;15.98;15.66
239;3.756;2.1;14.76;15.98;15.66
240;3.756;2.1;14.76;16.08;15.76
241;3.756;2.1;14.76;16.08;15.66
242;3.756;2.1;14.76;16.08;15.66
243;3.756;2.1;14.76;15.98;15.66
244;3.756;2.1;14.76;16.08;15.66
245;3.756;2.1;14.76;15.98;15.66
246;3.756;2.1;14.76;16.08;15.66
247;3.756;2.1;14.76;16.08;15.66
248;3.756;2.1;14.76;16.08;15.76
249;3.756;2.1;14.76;16.18;15.76
250;3.756;2.1;14.76;16.08;15.76
251;3.756;2.1;14.76;16.08;15.76
252;3.756;2.1;14.76;16.08;15.76
253;3.756;2.1;14.76;16.08;15.76
254;3.756;2.1;14.76;16.08;15.76
255;3.756;2.1;14.76;16.08;15.76
256;3.756;2.1;14.76;16.08;15.66
257;3.756;2.1;14.76;16.18;15.76
258;3.756;2.1;14.76;16.08;15.76
259;3.756;2.1;14.76;16.18;15.76
260;3.756;2.1;14.76;16.18;15.86
261;3.756;2.1;14.76;16.18;15.76
262;3.756;2.1;14.76;16.18;15.86
263;3.756;2.1;14.76;16.08;15.86
264;3.756;2.1;14.76;16.18;15.86
265;3.756;2.1;14.76;16.18;15.86
266;3.756;2.1;14.76;16.18;15.86
267;3.756;2.1;14.76;16.18;15.86
268;3.756;2.1;14.76;16.27;15.86
269;3.756;2.1;14.76;16.18;15.86
270;3.756;2.1;14.76;16.27;15.86
271;3.756;2.1;14.76;16.27;15.86
272;3.756;2.1;14.76;16.37;15.86
273;3.756;2.1;14.86;16.27;15.96
274;3.756;2.1;14.76;16.27;15.86
275;3.755;2.1;14.76;16.27;15.96
276;3.755;2.1;14.76;16.27;15.96
277;3.755;2.1;14.76;16.27;15.96
278;3.755;2.1;14.76;16.27;15.86
279;3.755;2.1;14.76;16.37;15.96
280;3.755;2.1;14.76;16.27;15.96
281;3.755;2.1;14.76;16.27;15.96
282;3.755;2.1;14.76;16.37;15.96
283;3.755;2.1;14.76;16.37;15.96
284;3.755;2.1;14.76;16.27;15.96
285;3.755;2.1;14.86;16.37;15.96
286;3.755;2.1;14.86;16.27;15.96
287;3.755;2.1;14.76;16.37;16.06
288;3.755;2.1;14.76;16.37;15.96
289;3.755;2.1;14.86;16.37;16.06
290;3.755;2.1;14.76;16.37;16.06
291;3.755;2.1;14.86;16.37;15.96
292;3.755;2.1;14.86;16.37;16.06
293;3.755;2.1;14.76;16.37;16.06
294;3.754;2.1;14.76;16.37;16.06
295;3.754;2.1;14.86;16.37;16.06
296;3.754;2.1;14.76;16.47;16.06
297;3.754;2.1;14.76;16.47;16.16
298;3.754;2.1;14.76;16.37;16.06
299;3.842;1.086;14.76;16.37;16.06
300;3.883;0.755;14.76;16.37;16.06
301;3.886;0.755;14.76;16.47;16.06
302;3.887;0.755;14.76;16.47;16.06
303;3.889;0.756;14.76;16.37;16.06
304;3.89;0.756;14.86;16.47;16.06
305;3.891;0.755;14.76;16.47;16.16
306;3.893;0.756;14.76;16.47;16.06
307;3.894;0.755;14.76;16.47;16.06
308;3.895;0.756;14.76;16.47;16.16
309;3.895;0.755;14.86;16.47;16.16
310;3.896;0.755;14.86;16.47;16.16
311;3.897;0.755;14.76;16.47;16.16
312;3.898;0.755;14.76;16.47;16.16
313;3.899;0.755;14.76;16.47;16.16
314;3.899;0.755;14.86;16.57;16.16
315;3.9;0.755;14.76;16.66;16.16
316;3.9;0.755;14.86;16.47;16.16
317;3.901;0.755;14.86;16.47;16.16
318;3.902;0.755;14.86;16.47;16.16
319;3.902;0.756;14.86;16.47;16.16
320;3.903;0.755;14.86;16.47;16.16
321;3.903;0.755;14.86;16.57;16.16
322;3.904;0.756;14.86;16.57;16.16
323;3.904;0.755;14.86;16.47;16.16
324;3.905;0.755;14.86;16.57;16.16
325;3.905;0.755;14.86;16.57;16.26
326;3.905;0.755;14.86;16.57;16.16
327;3.906;0.755;14.86;16.57;16.56
328;3.906;0.755;14.86;16.57;16.16
329;3.907;0.755;14.86;16.57;15.96
330;3.907;0.755;14.86;16.66;16.16
331;3.907;0.756;14.86;16.57;16.26
332;3.908;0.756;14.86;16.47;16.16
333;3.908;0.756;14.86;16.57;16.16
334;3.908;0.755;14.86;16.57;16.16
335;3.909;0.755;14.86;16.57;16.26
336;3.909;0.755;14.86;16.57;16.16
337;3.909;0.756;14.86;16.66;16.16
338;3.91;0.755;14.86;16.57;16.26
339;3.91;0.756;14.86;16.47;16.26
340;3.91;0.756;14.86;16.57;16.26
341;3.91;0.756;14.86;16.57;16.26
342;3.911;0.756;14.86;16.57;16.16
343;3.911;0.755;14.86;16.57;16.46
344;3.911;0.756;14.86;16.57;16.26
345;3.911;0.756;14.86;16.57;16.26
346;3.912;0.755;14.86;16.57;16.16
347;3.912;0.756;14.86;16.57;16.26
348;3.912;0.756;14.86;16.57;16.26
349;3.912;0.755;14.86;16.66;16.26
350;3.913;0.756;14.86;16.57;16.26
351;3.913;0.756;14.86;16.57;16.26
352;3.913;0.756;14.86;16.57;16.26
353;3.913;0.756;14.86;16.57;16.26
354;3.913;0.756;14.86;16.57;16.26
355;3.914;0.756;14.86;16.57;16.26
356;3.914;0.756;14.86;16.66;16.26
357;3.914;0.756;14.86;16.57;16.26
358;3.914;0.755;14.86;16.57;16.26
359;3.914;0.756;14.86;16.18;16.26
360;3.914;0.756;14.86;16.57;16.26
361;3.915;0.756;14.86;16.57;16.26
362;3.915;0.755;14.86;16.57;16.26
363;3.915;0.756;14.86;16.47;16.26
364;3.915;0.756;14.86;16.57;16.26
365;3.915;0.756;14.86;16.57;16.26
366;3.915;0.756;14.86;16.57;16.26
367;3.915;0.756;14.86;16.57;16.26
368;3.916;0.756;14.86;16.57;16.26
369;3.881;1.148;14.86;16.57;16.26
370;3.865;1.277;14.86;16.57;16.26
371;3.864;1.277;14.86;16.57;16.36
372;3.864;1.277;14.86;16.57;16.26
373;3.863;1.277;14.96;16.47;16.26
374;3.863;1.277;14.86;16.57;16.26
375;3.862;1.277;14.86;16.47;16.26
376;3.862;1.277;14.86;16.57;16.26
377;3.861;1.277;14.86;16.57;16.26
378;3.861;1.277;14.86;16.57;16.26
379;3.861;1.277;14.86;16.57;16.26
380;3.861;1.277;14.86;16.57;16.26
381;3.86;1.277;14.86;16.66;16.26
382;3.86;1.277;14.86;16.57;16.26
383;3.86;1.277;14.86;16.47;16.26
384;3.86;1.277;14.86;16.57;16.26
385;3.859;1.277;14.86;16.57;16.36
386;3.859;1.277;14.86;16.57;16.26
387;3.859;1.277;14.86;16.57;16.26
388;3.859;1.277;14.86;16.47;16.26
389;3.859;1.277;14.86;16.47;16.26
390;3.859;1.277;14.86;16.57;16.26
391;3.858;1.277;14.86;16.57;16.26
392;3.858;1.277;14.86;16.57;16.16
393;3.858;1.277;14.86;16.57;16.36
394;3.858;1.277;14.86;16.57;16.36
395;3.858;1.277;14.86;16.57;16.26
396;3.858;1.277;14.86;16.57;16.26
397;3.857;1.277;14.86;16.66;16.26
398;3.857;1.277;14.86;16.57;16.26
399;3.857;1.277;14.86;16.57;16.26
400;3.857;1.277;14.86;16.57;16.26
401;3.857;1.277;14.96;16.57;16.26
402;3.857;1.277;14.96;16.47;16.26
403;3.857;1.277;14.86;16.57;16.26
404;3.856;1.277;14.86;16.57;16.26
405;3.856;1.277;14.86;16.57;16.26
406;3.856;1.277;14.86;16.57;16.26
407;3.856;1.277;14.86;16.57;16.26
408;3.856;1.277;14.86;16.57;16.26
409;3.856;1.277;14.86;16.57;16.26
410;3.856;1.277;14.86;16.57;16.26
411;3.856;1.277;14.86;16.47;16.46
412;3.855;1.277;14.86;16.57;16.26
413;3.855;1.277;14.86;16.57;16.26
414;3.855;1.277;14.86;16.57;16.26
415;3.855;1.277;14.86;16.57;16.26
416;3.855;1.277;14.86;16.57;16.26
417;3.855;1.277;14.86;16.47;16.26
418;3.855;1.277;14.86;16.57;16.26
419;3.855;1.277;14.86;16.57;16.26
420;3.855;1.277;14.86;16.57;16.26
421;3.854;1.277;14.86;16.57;16.26
422;3.854;1.277;14.86;16.57;16.36
423;3.854;1.277;14.86;16.66;16.26
424;3.854;1.277;14.86;16.57;16.26
425;3.854;1.277;14.86;16.57;16.26
426;3.854;1.277;14.86;16.47;16.26
427;3.854;1.277;14.86;16.57;16.26
428;3.854;1.277;14.86;16.47;16.26
429;3.854;1.277;14.86;16.47;16.26
430;3.853;1.277;14.86;16.47;16.26
431;3.548;4.615;14.86;16.57;16.26
432;3.536;4.615;14.86;16.57;16.26
433;3.532;4.615;14.86;16.57;16.26
434;3.528;4.615;14.86;16.57;16.26
435;3.525;4.615;14.86;16.57;16.36
436;3.522;4.615;14.86;16.47;16.36
437;3.519;4.615;14.86;16.47;16.26
438;3.517;4.615;14.86;16.57;16.36
439;3.514;4.615;14.86;16.57;16.36
440;3.512;4.615;14.86;16.57;16.26
441;3.511;4.615;14.86;16.57;16.36
442;3.509;4.615;14.86;16.57;16.36
443;3.507;4.615;14.86;16.57;16.36
444;3.506;4.615;14.86;16.57;16.46
445;3.504;4.615;14.86;16.66;16.36
446;3.503;4.615;14.86;16.66;16.36
447;3.501;4.615;14.86;16.66;16.36
448;3.5;4.615;14.86;16.57;16.36
449;3.499;4.615;14.86;16.57;16.56
450;3.498;4.615;14.86;16.66;16.46
451;3.497;4.615;14.86;16.66;16.46
452;3.496;4.615;14.86;16.66;16.36
453;3.494;4.615;14.86;16.66;16.46
454;3.493;4.615;14.86;16.66;16.36
455;3.493;4.615;14.86;16.66;16.46
456;3.492;4.615;14.86;16.66;16.46
457;3.491;4.615;14.86;16.76;16.56
458;3.49;4.615;14.86;16.66;16.46
459;3.489;4.615;14.86;16.76;16.56
460;3.488;4.615;14.86;16.76;16.46
461;3.488;4.615;14.86;16.76;16.46
462;3.487;4.615;14.86;16.76;16.56
463;3.486;4.615;14.86;16.76;16.56
464;3.486;4.615;14.86;16.76;16.56
465;3.485;4.615;14.86;16.86;16.56
466;3.484;4.615;14.86;16.76;16.56
467;3.484;4.615;14.86;16.86;16.66
468;3.483;4.615;14.96;16.96;16.66
469;3.483;4.615;14.86;16.86;16.66
470;3.482;4.615;14.86;16.86;16.66
471;3.481;4.615;14.86;16.96;16.76
472;3.481;4.615;14.86;16.96;16.66
473;3.48;4.615;14.86;16.76;16.66
474;3.48;4.615;14.86;16.96;16.76
475;3.479;4.615;14.86;16.96;16.76
476;3.479;4.615;14.86;17.06;16.76
477;3.478;4.615;14.86;16.96;16.76
478;3.478;4.615;14.86;17.06;16.76
479;3.477;4.615;14.86;17.06;16.76
480;3.477;4.615;14.86;17.06;16.86
481;3.477;4.615;14.86;17.06;16.86
482;3.476;4.615;14.86;17.15;16.86
483;3.476;4.615;14.86;17.15;16.86
484;3.475;4.615;14.86;17.15;16.86
485;3.475;4.615;14.86;17.15;16.86
486;3.475;4.615;14.86;17.25;16.96
487;3.474;4.615;14.86;17.25;16.96
488;3.474;4.615;14.86;17.25;16.96
489;3.474;4.615;14.86;17.15;16.96
490;3.473;4.615;14.86;17.25;16.96
491;3.617;2.929;14.86;17.35;16.96
492;3.623;2.929;14.86;17.45;17.06
493;3.625;2.929;14.86;17.35;17.06
494;3.626;2.929;14.86;17.35;17.06
495;3.627;2.929;14.86;17.35;17.06
496;3.628;2.929;14.86;17.35;17.16
497;3.629;2.929;14.96;17.45;17.06
498;3.63;2.929;14.86;17.45;17.06
499;3.631;2.929;14.86;17.45;17.16
500;3.631;2.929;14.86;17.45;17.16
501;3.632;2.929;14.86;17.55;17.16
502;3.632;2.929;14.86;17.55;17.26
503;3.633;2.929;14.86;17.55;17.16
504;3.633;2.929;14.86;17.55;17.16
505;3.634;2.929;14.86;17.55;17.26
506;3.634;2.929;14.86;17.55;17.16
507;3.634;2.929;14.86;17.55;17.36
508;3.634;2.929;14.86;17.55;17.26
509;3.635;2.929;14.86;17.55;17.26
510;3.635;2.929;14.86;17.65;17.36
511;3.635;2.929;14.86;17.65;17.26
512;3.635;2.929;14.86;17.65;17.26
513;3.635;2.929;14.86;17.65;17.26
514;3.636;2.929;14.96;17.65;17.36
515;3.636;2.929;14.86;17.74;17.26
516;3.636;2.929;14.86;17.74;17.36
517;3.636;2.929;14.86;17.74;17.36
518;3.636;2.929;14.86;17.74;17.36
519;3.636;2.929;14.96;17.74;17.36
520;3.636;2.929;14.96;17.65;17.46
521;3.636;2.929;14.86;17.74;17.36
522;3.636;2.929;14.96;17.84;17.46
523;3.636;2.929;14.96;17.84;17.46
524;3.637;2.929;14.86;17.84;17.46
525;3.637;2.929;14.86;17.84;17.46
526;3.637;2.929;14.96;17.84;17.46
527;3.637;2.929;14.96;17.84;17.46
528;3.637;2.929;14.96;17.84;17.46
529;3.637;2.929;14.86;17.84;17.46
530;3.637;2.929;15.06;17.94;17.56
531;3.637;2.929;14.96;17.94;17.56
532;3.637;2.929;14.96;17.94;17.56
533;3.637;2.929;14.96;17.94;17.56
534;3.637;2.929;14.96;17.94;17.56
535;3.637;2.929;14.96;17.94;17.56
536;3.637;2.929;14.96;17.94;17.56
537;3.637;2.929;14.96;17.84;17.66
538;3.637;2.929;14.96;17.94;17.66
539;3.637;2.929;14.86;17.94;17.66
540;3.637;2.929;14.96;18.04;17.66
541;3.637;2.929;14.86;18.04;17.66
542;3.637;2.929;14.86;18.04;17.66
543;3.636;2.929;14.86;18.04;17.76
544;3.636;2.929;14.96;18.04;17.66
545;3.636;2.929;14.96;18.04;17.66
546;3.636;2.929;14.96;18.04;17.76
547;3.636;2.929;14.86;18.14;17.66
548;3.636;2.929;14.86;18.14;17.76
549;3.636;2.929;14.96;18.14;17.66
550;3.636;2.929;14.86;18.14;17.76
551;3.636;2.929;14.86;18.14;17.76
552;3.636;2.929;14.96;18.14;17.76
553;3.636;2.929;14.96;18.14;17.76
554;3.636;2.929;14.96;18.14;17.76
555;3.636;2.929;14.86;18.14;17.76
556;3.636;2.929;14.96;18.24;17.86
557;3.636;2.929;14.96;18.14;17.86
558;3.636;2.929;14.96;18.24;17.86
559;3.602;3.344;14.96;18.24;17.86
560;3.589;3.457;14.96;18.24;17.86
561;3.589;3.457;14.96;18.33;17.96
562;3.588;3.457;14.96;18.33;17.86
563;3.587;3.457;14.96;18.24;17.86
564;3.587;3.457;14.96;18.24;17.86
565;3.586;3.457;14.96;18.24;17.96
566;3.586;3.457;14.96;18.43;17.86
567;3.586;3.457;14.96;18.33;17.96
568;3.585;3.457;14.96;18.33;17.86
569;3.585;3.457;14.96;18.33;17.96
570;3.585;3.457;14.96;18.24;17.96
571;3.584;3.457;14.96;18.33;17.96
572;3.584;3.457;14.96;18.33;17.96
573;3.584;3.457;14.96;18.33;18.06
574;3.583;3.457;14.96;18.53;18.06
575;3.583;3.457;14.96;18.73;17.96
576;3.583;3.457;14.96;18.43;18.06
577;3.582;3.457;14.96;18.53;18.06
578;3.582;3.457;14.96;18.43;18.06
579;3.582;3.457;14.96;18.43;18.06
580;3.582;3.457;14.96;18.43;18.16
581;3.581;3.457;14.96;18.43;18.06
582;3.581;3.457;14.96;18.43;18.16
583;3.581;3.457;14.96;18.53;18.16
584;3.581;3.457;14.96;18.53;18.16
585;3.58;3.457;14.96;18.53;17.86
586;3.58;3.457;14.96;18.43;18.16
587;3.58;3.457;14.96;18.53;18.16
588;3.58;3.457;14.96;18.53;18.16
589;3.58;3.457;14.96;18.53;18.16
590;3.579;3.457;14.96;18.53;18.16
591;3.579;3.457;14.96;18.53;18.16
592;3.579;3.457;14.96;18.53;18.26
593;3.579;3.457;14.96;18.53;18.16
594;3.579;3.457;14.96;18.63;18.26
595;3.578;3.457;14.96;18.63;18.26
596;3.578;3.457;14.96;18.63;18.26
597;3.578;3.457;15.06;18.63;18.26
598;3.578;3.457;14.96;18.63;18.26
599;3.577;3.457;14.96;18.63;18.36
600;3.577;3.457;14.96;18.63;18.26
601;3.577;3.457;14.96;18.63;18.36
602;3.577;3.457;14.96;18.73;18.36
603;3.577;3.457;14.96;18.73;18.36
604;3.577;3.457;14.96;18.73;18.36
605;3.576;3.457;14.96;18.73;18.36
606;3.576;3.457;14.96;18.73;18.36
607;3.576;3.457;14.96;18.73;18.36
608;3.576;3.457;14.96;18.83;18.46
609;3.576;3.457;14.96;18.73;18.46
610;3.575;3.457;14.96;18.83;18.46
611;3.575;3.457;14.96;18.83;18.46
612;3.575;3.457;14.96;18.83;18.46
613;3.575;3.457;14.96;18.83;18.46
614;3.575;3.457;14.96;18.83;18.46
615;3.575;3.457;14.96;18.83;18.46
616;3.574;3.457;14.96;18.83;18.46
617;3.574;3.457;14.86;18.83;18.46
618;3.574;3.457;14.96;18.93;18.66
619;3.574;3.457;14.96;18.83;18.56
620;3.574;3.457;14.96;18.93;18.56
621;3.574;3.457;14.96;18.83;18.56
622;3.573;3.457;14.96;18.93;18.56
623;3.573;3.457;14.96;18.93;18.56
624;3.573;3.457;14.96;18.93;18.56
625;3.573;3.457;14.96;18.93;18.56
626;3.573;3.457;14.96;18.93;18.56
627;3.572;3.457;14.86;19.03;18.66
628;3.572;3.457;14.96;19.03;18.66
629;3.572;3.457;15.06;18.93;18.66
630;3.668;2.256;14.96;19.03;18.66
631;3.777;1.043;14.96;19.03;18.66
632;3.78;1.043;14.96;19.03;18.66
633;3.783;1.043;14.96;19.03;18.66
634;3.785;1.043;14.96;19.13;18.66
635;3.787;1.043;14.96;19.03;18.66
636;3.788;1.043;14.96;19.13;18.76
637;3.79;1.043;14.96;19.13;18.66
638;3.791;1.043;14.96;19.13;18.76
639;3.793;1.043;14.96;19.23;18.76
640;3.794;1.043;14.96;19.13;18.86
641;3.795;1.043;14.96;19.23;18.76
642;3.796;1.043;14.86;19.13;18.76
643;3.797;1.043;14.96;19.23;18.76
644;3.798;1.043;14.96;19.13;18.76
645;3.799;1.043;14.96;19.13;18.76
646;3.799;1.043;14.96;19.13;18.76
647;3.8;1.043;14.96;19.13;18.76
648;3.801;1.043;14.96;19.23;18.86
649;3.802;1.043;14.96;19.23;18.86
650;3.802;1.043;14.86;19.13;18.76
651;3.803;1.043;14.86;19.23;18.76
652;3.803;1.043;14.96;19.23;18.86
653;3.804;1.043;14.96;19.23;18.86
654;3.805;1.043;14.96;19.23;18.86
655;3.805;1.043;14.96;19.23;18.86
656;3.806;1.043;14.96;19.23;18.86
657;3.806;1.043;14.96;19.23;18.86
658;3.807;1.043;14.96;19.23;18.86
659;3.807;1.043;14.96;19.23;18.86
660;3.807;1.043;15.06;19.23;18.86
661;3.808;1.043;14.96;19.23;18.86
662;3.808;1.043;14.96;19.23;18.86
663;3.809;1.043;14.96;19.23;18.86
664;3.809;1.043;14.96;19.23;18.86
665;3.809;1.043;14.96;19.23;18.86
666;3.81;1.043;14.96;19.23;18.86
667;3.81;1.043;14.96;19.23;18.86
668;3.81;1.043;14.96;19.23;18.86
669;3.811;1.043;14.96;19.23;18.86
670;3.811;1.043;14.96;19.23;18.86
671;3.811;1.043;14.96;19.23;18.86
672;3.812;1.043;14.96;19.23;18.86
673;3.812;1.043;14.96;19.23;18.86
674;3.812;1.043;14.96;19.23;18.86
675;3.812;1.043;14.96;19.23;18.86
676;3.813;1.043;14.96;19.23;18.86
677;3.813;1.043;14.96;19.23;18.86
678;3.813;1.043;14.96;19.32;18.86
679;3.813;1.043;14.96;19.23;18.86
680;3.814;1.043;14.96;19.23;18.86
681;3.814;1.043;14.96;19.23;18.86
682;3.814;1.043;14.96;19.23;18.86
683;3.814;1.043;14.96;19.32;18.96
684;3.814;1.043;14.96;19.23;18.86
685;3.815;1.043;14.96;19.23;18.86
686;3.815;1.043;14.96;19.23;18.86
687;3.815;1.043;14.96;19.23;18.86
688;3.815;1.043;14.96;19.23;18.86
689;3.815;1.043;15.06;19.23;18.86
690;3.816;1.043;14.96;19.23;18.96
691;3.816;1.043;14.96;19.32;18.86
692;3.816;1.043;14.96;19.23;18.86
693;3.816;1.043;14.96;19.23;18.96
694;3.816;1.043;14.96;19.23;18.86
695;3.816;1.043;14.96;19.23;18.86
696;3.816;1.043;14.96;19.32;18.86
697;3.817;1.043;14.96;19.23;18.86
698;3.817;1.043;14.96;19.23;18.86
699;3.817;1.043;14.96;19.23;18.96
700;3.75;1.868;14.96;19.23;18.96
701;3.73;2.068;14.96;19.23;18.96
702;3.729;2.068;14.96;19.23;18.96
703;3.728;2.068;14.96;19.23;18.96
704;3.727;2.068;14.86;19.23;18.96
705;3.726;2.068;14.96;19.23;18.86
706;3.725;2.068;14.96;19.23;18.96
707;3.724;2.068;14.96;19.23;18.96
708;3.724;2.068;14.96;19.23;18.96
709;3.723;2.068;14.96;19.23;18.96
710;3.723;2.068;14.96;19.23;19.06
711;3.722;2.068;14.96;19.23;18.96
712;3.722;2.068;14.96;19.23;18.96
713;3.721;2.068;14.96;19.23;18.86
714;3.721;2.068;14.96;19.23;18.96
715;3.72;2.068;14.96;19.23;18.96
716;3.72;2.068;14.96;19.23;18.86
717;3.719;2.068;14.96;19.23;18.86
718;3.719;2.068;14.96;19.23;18.96
719;3.719;2.068;14.96;19.32;18.96
720;3.718;2.068;14.96;19.23;18.86
721;3.718;2.068;14.96;19.23;18.96
722;3.718;2.068;14.96;19.23;18.96
723;3.717;2.068;14.96;19.23;18.96
724;3.717;2.068;14.96;19.23;18.96
725;3.717;2.068;14.96;19.23;18.96
726;3.716;2.068;14.96;19.23;18.96
727;3.716;2.068;14.96;19.23;18.96
728;3.716;2.068;14.96;19.23;19.06
729;3.715;2.068;14.96;19.23;18.96
730;3.715;2.068;14.96;19.23;18.96
731;3.715;2.068;14.96;19.23;18.96
732;3.715;2.068;14.96;19.23;18.96
733;3.714;2.068;14.96;19.23;18.96
734;3.714;2.068;14.96;19.23;18.96
735;3.714;2.068;14.96;19.23;18.96
736;3.713;2.068;14.96;19.32;18.96
737;3.713;2.068;14.96;19.23;18.96
738;3.713;2.068;14.96;19.23;18.96
739;3.713;2.068;14.96;19.32;18.96
740;3.712;2.068;14.96;19.32;19.06
741;3.712;2.068;14.96;19.23;18.96
742;3.712;2.068;14.96;19.13;18.96
743;3.712;2.068;14.96;19.23;18.96
744;3.711;2.068;14.96;19.23;18.96
745;3.711;2.068;14.96;19.23;18.96
746;3.711;2.068;14.96;19.32;18.96
747;3.711;2.068;14.96;19.23;18.96
748;3.711;2.068;14.96;19.23;18.96
749;3.71;2.068;14.96;19.23;18.96
750;3.71;2.068;14.96;19.23;18.96
751;3.71;2.068;14.96;19.23;18.96
752;3.71;2.068;14.96;19.23;18.96
753;3.709;2.068;14.96;19.23;18.96
754;3.709;2.068;14.96;19.23;18.96
755;3.709;2.068;14.96;19.23;18.96
756;3.709;2.068;14.96;19.23;18.96
757;3.709;2.068;14.96;19.23;18.96
758;3.708;2.068;14.96;19.23;18.96
759;3.708;2.068;14.96;19.23;18.96
760;3.708;2.068;14.96;19.32;18.96
761;3.708;2.068;14.96;19.23;18.96
762;3.707;2.068;14.96;19.23;18.96
763;3.707;2.068;14.96;19.23;18.96
764;3.707;2.068;14.96;19.23;19.06
765;3.707;2.068;14.96;19.23;18.96
766;3.707;2.068;14.96;19.23;18.96
767;3.706;2.068;14.96;19.23;18.96
768;3.706;2.068;14.96;19.23;18.96
769;3.706;2.068;14.96;19.23;18.96
770;3.706;2.068;14.96;19.23;18.96
771;3.706;2.068;14.96;19.23;18.96
772;3.706;2.068;14.96;19.13;19.06
773;3.705;2.068;14.96;19.13;18.96
774;3.705;2.068;14.96;19.23;18.96
775;3.705;2.068;14.96;19.23;18.96
776;3.705;2.068;14.96;19.23;18.96
777;3.705;2.068;14.96;19.23;18.96
778;3.704;2.068;14.96;19.23;18.96
779;3.704;2.068;14.96;19.23;18.96
780;3.704;2.068;14.96;19.23;18.96
781;3.704;2.068;14.96;19.23;18.96
782;3.704;2.068;14.96;19.23;18.96
783;3.703;2.068;14.96;19.23;18.96
784;3.703;2.068;14.96;19.23;18.96
785;3.703;2.068;14.96;19.13;18.96
786;3.703;2.068;14.96;19.23;18.96
787;3.703;2.068;14.96;19.23;18.96
788;3.703;2.068;14.96;19.23;18.96
789;3.702;2.068;14.96;19.13;18.96
790;3.702;2.068;14.96;19.23;18.96
791;3.702;2.068;14.96;19.23;19.06
792;3.702;2.068;14.96;19.23;19.06
793;3.702;2.068;14.96;19.13;18.96
794;3.701;2.068;14.96;19.13;18.96
795;3.701;2.068;14.96;19.13;18.96
796;3.701;2.068;14.96;19.13;18.96
797;3.701;2.068;14.96;19.13;18.96
798;3.701;2.068;14.96;19.23;18.96
799;3.701;2.068;14.96;19.13;18.96
800;3.7;2.068;14.96;19.23;18.96
801;3.7;2.068;14.96;19.13;18.96
802;3.645;2.733;14.96;19.23;18.96
803;3.643;2.733;14.96;19.13;18.96
804;3.642;2.733;14.96;19.13;18.96
805;3.641;2.733;14.96;19.23;18.96
806;3.641;2.733;14.96;19.23;18.96
807;3.64;2.733;14.96;19.13;18.96
808;3.639;2.733;14.96;19.23;18.96
809;3.639;2.733;14.96;19.23;19.06
810;3.638;2.733;14.96;19.13;18.96
811;3.637;2.733;14.96;19.13;18.96
812;3.637;2.733;14.96;19.23;18.96
813;3.636;2.733;14.96;19.13;18.96
814;3.636;2.733;14.96;19.13;18.96
815;3.635;2.733;14.96;19.13;18.96
816;3.635;2.733;14.96;19.13;18.96
817;3.634;2.733;14.96;19.23;19.16
818;3.634;2.733;14.96;19.23;18.96
819;3.634;2.733;14.96;19.13;18.96
820;3.633;2.733;14.96;19.23;18.96
821;3.633;2.733;14.96;19.23;18.96
822;3.632;2.733;14.96;19.13;18.96
823;3.632;2.733;14.96;19.23;18.96
824;3.632;2.733;14.96;19.23;18.96
825;3.631;2.733;14.96;19.13;18.96
826;3.631;2.733;14.96;19.23;18.96
827;3.631;2.733;14.96;19.13;18.96
828;3.63;2.733;15.06;19.13;18.96
829;3.63;2.733;14.96;19.23;19.06
830;3.63;2.733;14.96;19.23;18.96
831;3.629;2.733;14.96;19.23;18.96
832;3.629;2.733;14.96;19.13;18.96
833;3.629;2.733;14.96;19.23;18.96
834;3.628;2.733;14.96;19.23;19.06
835;3.628;2.733;14.96;19.23;18.96
836;3.628;2.733;14.96;19.23;18.96
837;3.627;2.733;14.96;19.13;19.06
838;3.627;2.733;14.96;19.23;19.06
839;3.627;2.733;14.96;19.13;19.06
840;3.626;2.733;14.96;19.23;19.06
841;3.626;2.733;14.96;19.23;18.96
842;3.626;2.733;14.96;19.23;18.96
843;3.626;2.733;14.96;19.13;19.06
844;3.625;2.733;14.96;19.23;19.06
845;3.625;2.733;14.96;19.23;19.06
846;3.625;2.733;14.96;19.23;19.06
847;3.625;2.733;14.96;19.23;19.06
848;3.624;2.733;14.96;19.23;19.06
849;3.609;2.931;14.96;19.23;18.96
850;3.584;3.213;14.96;19.23;19.06
851;3.583;3.213;14.96;19.23;19.06
852;3.582;3.213;14.96;19.23;19.06
853;3.581;3.213;14.96;19.23;19.06
854;3.581;3.213;14.96;19.23;19.06
855;3.58;3.213;14.96;19.23;19.06
856;3.579;3.213;14.96;19.23;19.06
857;3.579;3.213;14.96;19.23;18.96
858;3.578;3.213;14.96;19.23;19.06
859;3.578;3.213;14.96;19.23;19.06
860;3.577;3.213;14.96;19.23;19.06
861;3.577;3.213;14.96;19.23;19.06
862;3.576;3.213;14.96;19.32;19.06
863;3.576;3.213;14.96;19.23;19.06
864;3.576;3.213;14.96;19.23;19.06
865;3.575;3.213;14.96;19.03;19.06
866;3.575;3.213;14.96;19.23;19.06
867;3.574;3.213;14.96;19.32;19.06
868;3.574;3.213;14.96;19.23;19.26
869;3.574;3.213;14.96;19.23;19.06
870;3.573;3.213;15.06;19.23;19.06
871;3.573;3.213;14.96;19.32;19.06
872;3.573;3.213;14.96;19.23;19.06
873;3.572;3.213;14.96;19.23;19.06
874;3.572;3.213;14.96;19.32;19.16
875;3.572;3.213;14.96;19.32;19.06
876;3.571;3.213;14.96;19.32;19.06
877;3.571;3.213;14.96;19.32;19.16
878;3.571;3.214;14.96;19.32;19.06
879;3.57;3.213;14.96;19.32;19.06
880;3.57;3.213;14.96;19.32;19.06
881;3.57;3.213;14.96;19.32;19.16
882;3.569;3.213;14.96;19.23;19.06
883;3.569;3.213;14.96;19.32;19.16
884;3.569;3.213;14.96;19.42;19.16
885;3.568;3.213;14.96;19.32;19.16
886;3.568;3.213;14.96;19.32;19.16
887;3.568;3.213;14.96;19.32;19.16
888;3.568;3.213;14.96;19.32;19.16
889;3.567;3.213;14.96;19.32;19.16
890;3.567;3.213;14.96;19.32;19.16
891;3.567;3.213;14.96;19.32;19.16
892;3.566;3.213;14.96;19.32;19.16
893;3.566;3.213;14.96;19.42;19.16
894;3.566;3.213;14.96;19.42;19.16
895;3.566;3.213;14.96;19.32;19.16
896;3.565;3.213;14.96;19.42;19.26
897;3.565;3.214;14.96;19.42;19.16
898;3.565;3.213;14.96;19.32;19.16
899;3.565;3.213;14.96;19.42;19.16
900;3.564;3.213;14.96;19.42;19.16
901;3.564;3.213;14.96;19.42;19.26
902;3.564;3.213;14.96;19.42;19.16
903;3.564;3.213;14.96;19.32;19.16
904;3.563;3.213;14.96;19.42;19.16
905;3.563;3.213;14.96;19.42;19.16
906;3.586;2.913;14.96;19.42;19.26
907;3.62;2.515;14.96;19.42;19.26
908;3.621;2.515;14.96;19.42;19.26
909;3.622;2.515;14.96;19.52;19.26
910;3.622;2.515;14.96;19.52;19.26
911;3.623;2.515;14.96;19.52;19.26
912;3.623;2.515;14.96;19.72;19.26
913;3.623;2.515;14.96;19.52;19.26
914;3.623;2.515;14.96;19.42;19.26
915;3.623;2.515;14.96;19.62;19.37
916;3.624;2.515;15.06;19.52;19.26
917;3.624;2.515;14.96;19.52;19.26
918;3.624;2.515;14.96;19.52;19.26
919;3.624;2.515;14.96;19.52;19.26
920;3.624;2.515;14.96;19.52;19.26
921;3.624;2.515;14.96;19.52;19.26
922;3.624;2.515;14.96;19.52;19.26
923;3.624;2.515;14.96;19.42;19.26
924;3.624;2.515;14.96;19.52;19.26
925;3.624;2.515;14.96;19.82;19.26
926;3.624;2.515;14.96;19.52;19.26
927;3.624;2.515;14.96;19.52;19.26
928;3.624;2.515;14.96;19.62;19.26
929;3.624;2.515;14.96;19.52;19.26
930;3.624;2.515;14.96;19.42;19.26
931;3.624;2.515;14.96;19.52;19.37
932;3.624;2.515;14.96;19.52;19.26
933;3.624;2.515;14.96;19.52;19.26
934;3.623;2.515;14.96;19.52;19.26
935;3.623;2.515;14.96;19.52;19.26
936;3.623;2.515;14.96;19.52;19.37
937;3.623;2.515;14.96;19.52;19.26
938;3.623;2.515;14.96;19.52;19.26
939;3.623;2.515;14.96;19.62;19.37
940;3.623;2.515;14.96;19.62;19.37
941;3.623;2.515;14.96;19.52;19.26
942;3.623;2.515;15.06;19.52;19.37
943;3.623;2.515;14.96;19.62;19.37
944;3.623;2.515;14.96;19.52;19.26
945;3.622;2.515;14.96;19.72;19.37
946;3.622;2.515;14.96;19.62;19.37
947;3.622;2.515;14.96;19.62;19.37
948;3.622;2.515;14.96;19.62;19.37
949;3.622;2.515;14.96;19.62;19.37
950;3.622;2.515;14.96;19.62;19.37
951;3.622;2.515;14.96;19.62;19.37
952;3.622;2.515;14.96;19.62;19.37
953;3.622;2.515;14.96;19.62;19.37
954;3.621;2.515;15.06;19.62;19.37
955;3.621;2.515;14.96;19.62;19.47
956;3.636;2.331;14.96;19.62;19.37
957;3.657;2.079;14.96;19.62;19.37
958;3.658;2.079;14.96;19.62;19.37
959;3.658;2.079;14.96;19.62;19.26
960;3.658;2.079;14.96;19.62;19.37
961;3.658;2.079;14.96;19.62;19.37
962;3.659;2.079;14.96;19.72;19.37
963;3.659;2.079;14.96;19.62;19.37
964;3.659;2.079;14.96;19.62;19.47
965;3.659;2.079;14.96;19.62;19.37
966;3.659;2.079;14.96;19.62;19.37
967;3.659;2.079;14.96;19.62;19.37
968;3.659;2.079;14.96;19.62;19.37
969;3.659;2.079;14.96;19.62;19.37
970;3.66;2.079;15.06;19.62;19.37
971;3.66;2.079;14.96;19.62;19.26
972;3.66;2.079;14.96;19.62;19.37
973;3.66;2.079;14.96;19.62;19.37
974;3.66;2.079;14.96;19.72;19.37
975;3.66;2.079;14.96;19.62;19.37
976;3.66;2.079;14.96;19.62;19.37
977;3.66;2.079;14.96;19.62;19.37
978;3.66;2.079;14.96;19.62;19.37
979;3.66;2.079;14.96;19.62;19.37
980;3.66;2.079;14.96;19.62;19.37
981;3.66;2.079;14.96;19.62;19.47
982;3.659;2.079;14.96;19.62;19.37
983;3.659;2.079;14.96;19.52;19.37
984;3.659;2.079;14.96;19.62;19.37
985;3.659;2.079;14.96;19.72;19.37
986;3.659;2.079;14.96;19.62;19.37
987;3.659;2.079;14.96;19.62;19.37
988;3.659;2.079;14.96;19.72;19.47
989;3.659;2.079;14.96;19.62;19.37
990;3.659;2.079;14.96;19.62;19.37
991;3.659;2.079;14.96;19.42;19.37
992;3.659;2.079;14.96;19.72;19.37
993;3.659;2.079;14.96;19.62;19.47
994;3.659;2.079;14.96;19.62;19.37
995;3.659;2.079;14.96;19.62;19.37
996;3.659;2.079;14.96;19.62;19.37
997;3.659;2.079;14.96;19.72;19.37
998;3.658;2.079;14.96;19.62;19.37
999;3.658;2.079;14.96;19.62;19.47
1000;3.658;2.079;14.96;19.62;19.47
1001;3.658;2.079;14.96;19.62;19.37
1002;3.658;2.079;14.96;19.62;19.37
1003;3.658;2.079;14.96;19.62;19.37
1004;3.658;2.079;14.96;19.62;19.37
1005;3.658;2.079;14.96;19.62;19.37
1006;3.658;2.079;14.96;19.62;19.37
1007;3.658;2.079;14.96;19.62;19.37
1008;3.658;2.079;14.96;19.62;19.37
1009;3.657;2.079;14.96;19.72;19.37
1010;3.657;2.079;14.96;19.72;19.37
1011;3.657;2.079;14.96;19.62;19.47
1012;3.657;2.079;14.96;19.62;19.37
1013;3.657;2.079;14.96;19.42;19.37
1014;3.657;2.079;14.96;19.62;19.37
1015;3.657;2.079;14.96;19.62;19.37
1016;3.657;2.079;14.96;19.62;19.37
1017;3.657;2.079;14.96;19.72;19.47
1018;3.656;2.079;14.96;19.72;19.37
1019;3.656;2.079;14.96;19.62;19.47
1020;3.656;2.079;14.96;19.72;19.37
1021;3.656;2.079;14.96;19.62;19.37
1022;3.656;2.079;14.96;19.62;19.37
1023;3.656;2.079;14.96;19.62;19.26
1024;3.656;2.079;14.96;19.62;19.37
1025;3.656;2.079;14.96;19.62;19.37
1026;3.655;2.079;14.96;19.52;19.37
1027;3.655;2.079;14.96;19.62;19.37
1028;3.655;2.079;14.96;19.62;19.47
1029;3.655;2.079;14.96;19.62;19.37
1030;3.655;2.079;14.96;19.62;19.37
1031;3.655;2.079;14.96;19.62;19.37
1032;3.655;2.079;14.96;19.62;19.37
1033;3.655;2.079;14.96;19.62;19.47
1034;3.654;2.079;14.96;19.62;19.37
1035;3.654;2.079;14.96;19.62;19.37
1036;3.654;2.079;14.96;19.62;19.37
1037;3.654;2.079;14.96;19.62;19.37
1038;3.654;2.079;14.96;19.62;19.37
1039;3.654;2.079;14.96;19.62;19.37
1040;3.654;2.079;14.96;19.62;19.37
1041;3.654;2.079;14.96;19.62;19.47
1042;3.653;2.079;14.96;19.62;19.37
1043;3.653;2.079;14.96;19.62;19.37
1044;3.653;2.079;14.96;19.62;19.37
1045;3.653;2.079;14.96;19.62;19.37
1046;3.653;2.079;14.96;19.62;19.37
1047;3.653;2.079;14.96;19.62;19.37
1048;3.653;2.079;14.96;19.72;19.47
1049;3.652;2.079;15.06;19.62;19.37
1050;3.652;2.079;14.96;19.62;19.37
1051;3.652;2.079;14.96;19.62;19.37
1052;3.652;2.079;14.96;19.62;19.37
1053;3.652;2.079;15.06;19.52;19.37
1054;3.652;2.079;14.96;19.62;19.37
1055;3.652;2.079;14.96;19.52;19.47
1056;3.651;2.079;14.96;19.62;19.37
1057;3.651;2.079;14.96;19.62;19.47
1058;3.615;2.531;14.96;19.62;19.37
1059;3.613;2.531;14.96;19.62;19.37
1060;3.613;2.531;14.96;19.62;19.37
1061;3.612;2.531;14.96;19.62;19.37
1062;3.612;2.531;14.96;19.62;19.37
1063;3.611;2.531;14.96;19.62;19.37
1064;3.611;2.531;14.96;19.62;19.37
1065;3.61;2.531;14.96;19.62;19.37
1066;3.61;2.531;14.96;19.62;19.37
1067;3.609;2.531;14.96;19.62;19.37
1068;3.609;2.531;14.96;19.62;19.37
1069;3.608;2.531;14.96;19.62;19.37
1070;3.608;2.531;14.96;19.62;19.37
1071;3.608;2.531;14.96;19.72;19.37
1072;3.607;2.531;14.96;19.62;19.37
1073;3.607;2.531;14.96;19.62;19.37
1074;3.607;2.531;14.96;19.62;19.37
1075;3.606;2.531;14.96;19.62;19.37
1076;3.606;2.531;14.96;19.62;19.37
1077;3.606;2.531;15.06;19.52;19.37
1078;3.606;2.531;14.96;19.62;19.37
1079;3.605;2.531;15.16;19.62;19.37
1080;3.605;2.531;14.96;19.62;19.37
1081;3.605;2.531;14.96;19.52;19.37
1082;3.604;2.531;14.96;19.62;19.37
1083;3.604;2.531;14.96;19.62;19.37
1084;3.604;2.531;14.96;19.62;19.37
1085;3.604;2.531;14.96;19.62;19.37
1086;3.603;2.531;14.96;19.52;19.37
1087;3.603;2.531;14.96;19.62;19.37
1088;3.603;2.531;14.96;19.62;19.37
1089;3.603;2.531;14.96;19.52;19.37
1090;3.602;2.531;14.96;19.62;19.37
1091;3.602;2.531;14.96;19.52;19.37
1092;3.602;2.531;14.96;19.52;19.37
1093;3.602;2.531;14.96;19.52;19.37
1094;3.601;2.531;14.96;19.62;19.37
1095;3.601;2.531;14.96;19.62;19.37
1096;3.601;2.531;14.96;19.62;19.37
1097;3.601;2.531;14.96;19.62;19.37
1098;3.6;2.531;14.96;19.62;19.37
1099;3.6;2.531;14.96;19.52;19.37
1100;3.6;2.531;14.96;19.62;19.37
1101;3.6;2.531;14.96;19.62;19.37
1102;3.599;2.531;14.96;19.62;19.37
1103;3.599;2.531;14.96;19.62;19.47
1104;3.599;2.531;14.96;19.62;19.47
1105;3.599;2.531;14.96;19.62;19.37
1106;3.599;2.531;14.96;19.42;19.37
1107;3.598;2.531;14.96;19.62;19.37
1108;3.598;2.531;14.96;19.52;19.37
1109;3.598;2.531;14.96;19.52;19.37
1110;3.598;2.531;14.96;19.52;19.37
1111;3.597;2.531;15.06;19.62;19.37
1112;3.597;2.531;14.96;19.62;19.47
1113;3.597;2.531;14.96;19.62;19.37
1114;3.597;2.531;14.96;19.62;19.37
1115;3.597;2.531;15.06;19.62;19.37
1116;3.596;2.531;14.96;19.62;19.37
1117;3.596;2.531;15.06;19.62;19.37
1118;3.596;2.531;14.96;19.62;19.37
1119;3.596;2.531;14.96;19.52;19.37
1120;3.596;2.531;14.96;19.62;19.37
1121;3.595;2.531;14.96;19.62;19.37
1122;3.595;2.531;14.96;19.62;19.37
1123;3.595;2.531;14.96;19.62;19.47
1124;3.595;2.531;14.96;19.62;19.37
1125;3.595;2.531;14.96;19.52;19.37
1126;3.594;2.531;14.96;19.52;19.37
1127;3.594;2.531;15.06;19.62;19.37
1128;3.594;2.531;14.96;19.72;19.37
1129;3.594;2.531;14.96;19.62;19.47
1130;3.593;2.531;15.06;19.52;19.37
1131;3.593;2.531;14.96;19.52;19.37
1132;3.593;2.531;14.96;19.72;19.47
1133;3.593;2.531;14.96;19.62;19.37
1134;3.593;2.531;14.96;19.62;19.37
1135;3.592;2.531;15.16;19.62;19.37
1136;3.592;2.531;14.96;19.62;19.47
1137;3.592;2.531;14.96;19.62;19.47
1138;3.592;2.531;14.96;19.62;19.47
1139;3.592;2.531;14.96;19.62;19.37
1140;3.591;2.531;15.06;19.62;19.37
1141;3.591;2.531;14.96;19.62;19.37
1142;3.591;2.531;14.96;19.52;19.47
1143;3.591;2.531;15.06;19.62;19.47
1144;3.591;2.531;14.96;19.62;19.47
1145;3.59;2.531;15.06;19.62;19.37
1146;3.59;2.531;14.96;19.52;19.47
1147;3.59;2.531;14.96;19.62;19.47
1148;3.59;2.531;15.06;19.62;19.47
1149;3.59;2.531;15.06;19.62;19.37
1150;3.59;2.531;15.06;19.62;19.57
1151;3.589;2.531;15.06;19.72;19.37
1152;3.589;2.531;14.96;19.62;19.37
1153;3.589;2.531;14.96;19.62;19.26
1154;3.589;2.531;15.06;19.62;19.47
1155;3.589;2.531;15.06;19.72;19.57
1156;3.556;2.94;15.06;19.62;19.47
1157;3.504;3.564;14.96;19.62;19.37
1158;3.501;3.57;14.96;19.62;19.47
1159;3.5;3.571;14.96;19.62;19.47
1160;3.499;3.571;14.96;19.62;19.47
1161;3.498;3.57;15.06;19.62;19.47
1162;3.497;3.571;14.96;19.62;19.47
1163;3.496;3.57;14.96;19.62;19.47
1164;3.495;3.571;14.96;19.62;19.47
1165;3.494;3.57;14.96;19.62;19.37
1166;3.494;3.57;14.96;19.92;19.47
1167;3.493;3.571;14.96;19.62;19.47
1168;3.492;3.57;14.96;19.62;19.47
1169;3.492;3.57;14.96;19.62;19.47
1170;3.491;3.571;14.96;19.62;19.47
1171;3.49;3.571;14.96;19.62;19.47
1172;3.49;3.571;14.96;19.82;19.47
1173;3.489;3.57;14.96;19.62;19.57
1174;3.489;3.571;14.96;19.72;19.47
1175;3.488;3.571;14.96;19.62;19.47
1176;3.488;3.571;14.96;19.62;19.47
1177;3.487;3.571;14.96;19.72;19.47
1178;3.487;3.571;14.96;19.62;19.47
1179;3.486;3.571;14.96;19.72;19.47
1180;3.486;3.571;14.96;19.62;19.47
1181;3.485;3.571;14.96;19.72;19.47
1182;3.485;3.571;14.96;19.72;19.47
1183;3.484;3.571;14.96;19.72;19.47
1184;3.484;3.571;14.96;19.72;19.57
1185;3.483;3.571;14.96;19.72;19.47
1186;3.483;3.571;15.06;19.72;19.57
1187;3.483;3.57;14.96;19.72;19.57
1188;3.482;3.57;14.96;19.72;19.57
1189;3.482;3.57;14.96;19.72;19.57
1190;3.481;3.571;14.96;19.72;19.57
1191;3.481;3.571;14.96;19.72;19.47
1192;3.481;3.571;14.96;19.82;19.57
1193;3.48;3.571;14.96;19.82;19.57
1194;3.48;3.571;14.96;19.92;19.57
1195;3.48;3.571;14.96;19.82;19.57
1196;3.479;3.57;15.06;19.72;19.57
1197;3.479;3.57;14.96;19.82;19.57
1198;3.479;3.571;14.96;19.82;19.57
1199;3.478;3.57;14.96;19.92;19.57
1200;3.478;3.57;14.96;19.82;19.67
1201;3.477;3.57;14.96;19.82;19.67
1202;3.477;3.571;14.96;19.92;19.57
1203;3.477;3.57;14.96;19.82;19.57
1204;3.476;3.57;14.96;19.82;19.57
1205;3.476;3.57;14.96;19.92;19.67
1206;3.476;3.571;14.96;19.82;19.67
1207;3.475;3.571;14.96;19.82;19.67
1208;3.475;3.57;14.96;19.92;19.67
1209;3.475;3.571;14.96;19.82;19.67
1210;3.474;3.57;14.96;19.82;19.67
1211;3.474;3.571;14.96;19.92;19.67
1212;3.474;3.57;14.96;19.92;19.77
1213;3.473;3.57;14.96;19.92;19.67
1214;3.473;3.57;14.96;19.92;19.67
1215;3.473;3.57;14.96;19.92;19.77
1216;3.473;3.57;14.96;19.92;19.67
1217;3.472;3.57;14.96;19.92;19.77
1218;3.472;3.57;15.06;19.92;19.77
1219;3.472;3.57;14.96;19.92;19.77
1220;3.471;3.57;14.96;19.92;19.77
1221;3.471;3.57;14.96;20.02;19.77
1222;3.471;3.57;14.96;20.02;19.77
1223;3.47;3.57;14.96;20.02;19.77
1224;3.47;3.57;14.96;19.92;19.77
1225;3.47;3.57;14.96;20.02;19.77
1226;3.47;3.57;14.96;19.92;19.77
1227;3.469;3.571;14.96;20.02;19.77
1228;3.469;3.57;14.96;20.02;19.87
1229;3.469;3.57;14.96;20.02;19.77
1230;3.468;3.571;14.96;20.02;19.87
1231;3.468;3.57;15.06;20.02;19.87
1232;3.468;3.57;15.06;20.02;19.87
1233;3.468;3.57;15.06;20.02;19.87
1234;3.467;3.57;15.16;20.02;19.87
1235;3.467;3.57;15.06;20.02;19.87
1236;3.467;3.57;15.06;20.12;19.87
1237;3.467;3.57;15.06;20.12;19.87
1238;3.466;3.57;15.06;20.12;19.87
1239;3.466;3.57;15.06;20.12;19.87
1240;3.504;3.09;15.06;20.12;19.97
1241;3.505;3.09;14.96;20.12;19.87
1242;3.505;3.09;15.06;20.12;19.87
1243;3.505;3.09;15.06;20.22;19.87
1244;3.506;3.09;15.06;20.12;19.97
1245;3.506;3.09;15.06;20.12;19.97
1246;3.506;3.09;15.06;20.12;19.97
1247;3.506;3.09;15.06;20.12;19.97
1248;3.506;3.09;15.06;20.12;19.97
1249;3.506;3.09;15.06;20.22;19.87
1250;3.506;3.09;15.06;20.22;19.97
1251;3.506;3.09;15.06;20.22;19.97
1252;3.506;3.09;15.06;20.22;19.97
1253;3.506;3.09;15.06;20.22;19.97
1254;3.506;3.09;15.06;20.12;19.97
1255;3.505;3.09;15.06;20.22;19.97
1256;3.505;3.09;15.06;20.42;19.97
1257;3.505;3.09;15.06;20.22;19.97
1258;3.505;3.09;15.06;20.22;20.07
1259;3.505;3.09;15.06;20.22;19.97
1260;3.505;3.09;15.06;20.22;19.97
1261;3.505;3.09;15.06;20.32;20.07
1262;3.505;3.09;15.06;20.32;20.07
1263;3.505;3.09;15.16;20.32;20.07
1264;3.504;3.09;15.06;20.42;20.07
1265;3.504;3.09;15.06;20.32;20.07
1266;3.504;3.09;15.06;20.42;20.07
1267;3.504;3.09;15.06;20.32;20.07
1268;3.504;3.09;15.06;20.32;20.07
1269;3.504;3.09;15.06;20.42;20.07
1270;3.504;3.09;15.16;20.32;20.07
1271;3.503;3.09;15.06;20.32;20.07
1272;3.503;3.09;15.06;20.42;20.07
1273;3.503;3.09;15.06;20.32;20.07
1274;3.503;3.09;15.06;20.32;20.07
1275;3.503;3.09;15.06;20.42;20.07
1276;3.503;3.09;15.06;20.42;20.07
1277;3.502;3.09;15.06;20.52;20.17
1278;3.502;3.09;15.06;20.42;20.17
1279;3.502;3.09;15.06;20.42;20.17
1280;3.502;3.09;15.06;20.42;20.07
1281;3.502;3.09;15.06;20.42;20.17
1282;3.502;3.09;15.06;20.42;20.17
1283;3.501;3.09;15.06;20.42;20.17
1284;3.501;3.09;15.06;20.42;20.17
1285;3.501;3.09;15.06;20.42;20.17
1286;3.501;3.09;15.06;20.42;20.17
1287;3.501;3.09;15.06;20.42;20.17
1288;3.5;3.09;15.06;20.52;20.17
1289;3.5;3.09;15.06;20.42;20.17
1290;3.5;3.09;15.06;20.52;20.17
1291;3.5;3.09;15.06;20.52;20.17
1292;3.5;3.09;15.06;20.52;20.17
1293;3.499;3.09;15.06;20.52;20.17
1294;3.499;3.09;15.06;20.52;20.17
1295;3.499;3.09;15.06;20.52;20.17
1296;3.499;3.09;15.06;20.52;20.17
1297;3.499;3.09;15.06;20.52;20.27
1298;3.499;3.09;15.06;20.52;20.27
1299;3.498;3.09;15.06;20.52;20.27
1300;3.498;3.09;15.06;20.52;20.27
1301;3.498;3.09;15.06;20.52;20.27
1302;3.498;3.09;15.06;20.52;20.27
1303;3.498;3.09;15.06;20.52;20.27
1304;3.497;3.09;15.06;20.52;20.27
1305;3.497;3.09;15.06;20.52;20.27
1306;3.506;2.972;15.06;20.52;20.27
1307;3.506;2.972;15.06;20.62;20.37
1308;3.506;2.972;15.06;20.62;20.27
1309;3.506;2.972;15.06;20.62;20.27
1310;3.506;2.972;15.06;20.62;20.27
1311;3.506;2.972;15.06;20.62;20.27
1312;3.506;2.972;15.06;20.72;20.27
1313;3.506;2.972;15.06;20.62;20.27
1314;3.505;2.972;14.96;20.62;20.37
1315;3.505;2.972;15.06;20.62;20.37
1316;3.505;2.972;15.06;20.62;20.37
1317;3.505;2.972;15.06;20.62;20.37
1318;3.505;2.972;15.06;20.62;20.37
1319;3.505;2.972;15.06;20.62;20.37
1320;3.505;2.972;15.06;20.72;20.37
1321;3.504;2.972;15.06;20.62;20.37
1322;3.504;2.972;15.06;20.72;20.37
1323;3.504;2.972;15.06;20.62;20.37
1324;3.504;2.972;15.06;20.62;20.37
1325;3.504;2.972;15.06;20.62;20.37
1326;3.503;2.972;15.06;20.72;20.37
1327;3.503;2.972;15.06;20.62;20.37
1328;3.503;2.972;15.06;20.72;20.47
1329;3.503;2.972;15.06;20.72;20.37
1330;3.503;2.972;15.06;20.72;20.37
1331;3.503;2.972;15.06;20.72;20.37
1332;3.502;2.972;15.06;20.82;20.47
1333;3.502;2.972;15.06;20.72;20.47
1334;3.502;2.972;15.06;20.62;20.47
1335;3.502;2.972;15.06;20.72;20.47
1336;3.502;2.972;15.06;20.82;20.47
1337;3.501;2.972;15.06;20.72;20.47
1338;3.501;2.972;15.06;20.82;20.47
1339;3.501;2.972;15.06;20.72;20.47
1340;3.501;2.972;15.06;20.82;20.47
1341;3.501;2.972;15.06;20.72;20.47
1342;3.5;2.972;15.06;20.72;20.47
1343;3.5;2.972;15.06;20.72;20.47
1344;3.5;2.972;15.06;20.82;20.47
1345;3.5;2.972;15.06;20.82;20.47
1346;3.5;2.972;15.06;20.82;20.47
1347;3.499;2.972;15.06;20.72;20.47
1348;3.499;2.972;15.06;20.82;20.47
1349;3.499;2.972;15.06;20.82;20.57
1350;3.499;2.972;15.06;20.82;20.47
1351;3.498;2.972;15.06;20.82;20.57
1352;3.498;2.972;15.06;20.82;20.47
1353;3.498;2.972;15.06;20.82;20.57
1354;3.498;2.972;15.06;20.82;20.47
1355;3.498;2.972;15.16;20.82;20.57
1356;3.497;2.972;15.06;20.82;20.57
1357;3.497;2.972;15.06;20.82;20.57
1358;3.497;2.972;15.06;20.82;20.57
1359;3.497;2.972;15.06;20.82;20.57
1360;3.497;2.972;15.06;20.92;20.57
1361;3.496;2.972;15.06;20.92;20.57
1362;3.496;2.972;15.06;20.82;20.57
1363;3.496;2.972;15.06;20.82;20.57
1364;3.496;2.972;15.06;20.82;20.57
1365;3.496;2.972;15.06;20.82;20.57
1366;3.495;2.972;15.06;20.82;20.57
1367;3.495;2.972;15.06;20.92;20.57
1368;3.495;2.972;15.06;20.82;20.57
1369;3.495;2.972;15.06;20.82;20.57
1370;3.494;2.972;15.06;21.02;20.57
1371;3.494;2.972;15.06;20.82;20.57
1372;3.494;2.972;15.06;20.92;20.57
1373;3.494;2.972;15.06;20.92;20.57
1374;3.494;2.972;15.06;20.92;20.57
1375;3.493;2.972;15.06;20.92;20.57
1376;3.493;2.972;15.06;20.92;20.57
1377;3.493;2.972;15.06;20.92;20.57
1378;3.493;2.972;15.06;20.92;20.57
1379;3.493;2.972;15.06;20.92;20.57
1380;3.492;2.972;15.06;20.92;20.57
1381;3.492;2.972;15.06;20.92;20.57
1382;3.492;2.972;15.06;20.92;20.67
1383;3.492;2.972;15.06;20.92;20.67
1384;3.491;2.972;15.06;20.82;20.57
1385;3.491;2.972;15.06;20.92;20.67
1386;3.491;2.972;15.06;20.92;20.57
1387;3.491;2.972;15.06;20.92;20.57
1388;3.491;2.972;15.06;21.02;20.67
1389;3.49;2.972;15.06;20.92;20.67
1390;3.49;2.972;15.06;21.02;20.67
1391;3.49;2.972;15.06;20.92;20.67
1392;3.49;2.972;15.06;20.92;20.67
1393;3.489;2.972;15.06;20.92;20.67
1394;3.489;2.972;15.06;21.02;20.67
1395;3.489;2.972;15.06;20.92;20.67
1396;3.489;2.972;15.16;21.02;20.67
1397;3.489;2.972;15.06;21.02;20.67
1398;3.488;2.972;15.06;21.02;20.67
1399;3.488;2.972;15.06;21.02;20.67
1400;3.488;2.972;15.06;21.02;20.67
1401;3.488;2.972;15.06;21.02;20.67
1402;3.487;2.972;15.06;21.02;20.67
1403;3.487;2.972;15.06;21.02;20.67
1404;3.487;2.972;15.06;21.02;20.67
1405;3.487;2.972;15.06;21.02;20.67
1406;3.486;2.972;15.06;21.02;20.77
1407;3.617;1.286;15.06;21.12;20.77
1408;3.666;0.735;15.06;21.22;20.67
1409;3.669;0.735;15.06;21.12;20.77
1410;3.671;0.735;15.06;21.02;20.77
1411;3.673;0.735;15.06;21.02;20.77
1412;3.674;0.735;15.06;21.02;20.77
1413;3.676;0.735;15.06;21.02;20.67
1414;3.677;0.735;15.06;21.12;20.67
1415;3.678;0.735;15.16;21.02;20.77
1416;3.679;0.735;15.06;21.02;20.77
1417;3.68;0.735;15.06;21.02;20.77
1418;3.681;0.735;15.16;21.02;20.67
1419;3.682;0.735;15.06;21.02;20.67
1420;3.683;0.735;15.06;21.12;20.77
1421;3.684;0.735;15.06;21.02;20.77
1422;3.684;0.735;15.06;21.02;20.77
1423;3.685;0.735;15.16;21.02;20.77
1424;3.686;0.735;15.16;21.02;20.77
1425;3.686;0.735;15.16;21.02;20.77
1426;3.687;0.735;15.16;21.02;20.77
1427;3.688;0.735;15.16;21.02;20.77
1428;3.688;0.735;15.16;21.02;20.77
1429;3.689;0.735;15.16;21.02;20.67
1430;3.689;0.735;15.06;21.12;20.77
1431;3.69;0.735;15.16;21.02;20.77
1432;3.69;0.735;15.16;21.02;20.77
1433;3.691;0.735;15.16;21.02;20.77
1434;3.691;0.735;15.16;21.02;20.77
1435;3.691;0.735;15.06;21.12;20.77
1436;3.692;0.735;15.16;21.12;20.77
1437;3.692;0.735;15.06;21.02;20.67
1438;3.693;0.735;15.06;21.02;20.67
1439;3.693;0.735;15.06;21.02;20.77
1440;3.693;0.735;15.06;20.92;20.77
1441;3.694;0.735;15.16;21.02;20.77
1442;3.694;0.735;15.06;21.02;20.67
1443;3.694;0.735;15.16;20.92;20.77
1444;3.695;0.735;15.06;21.02;20.67
1445;3.695;0.735;15.06;21.02;20.67
1446;3.695;0.735;15.06;21.02;20.67
1447;3.695;0.735;15.06;21.02;20.67
1448;3.696;0.735;15.06;21.02;20.67
1449;3.696;0.735;15.06;21.02;20.67
1450;3.696;0.735;15.16;21.02;20.67
1451;3.697;0.735;15.06;20.92;20.67
1452;3.697;0.735;15.06;21.02;20.67
1453;3.697;0.735;15.16;20.92;20.67
1454;3.697;0.735;15.16;21.02;20.67
1455;3.697;0.735;15.06;20.92;20.67
1456;3.698;0.735;15.16;20.92;20.67
1457;3.698;0.735;15.16;21.02;20.67
1458;3.698;0.735;15.16;21.02;20.67
1459;3.698;0.735;15.16;20.92;20.67
1460;3.698;0.735;15.16;21.02;20.67
1461;3.699;0.735;15.16;20.92;20.67
1462;3.699;0.735;15.16;20.92;20.67
1463;3.699;0.735;15.16;21.02;20.67
1464;3.699;0.735;15.16;20.92;20.67
1465;3.699;0.735;15.16;20.92;20.67
1466;3.699;0.735;15.16;20.92;20.67
1467;3.7;0.735;15.16;20.92;20.67
1468;3.7;0.735;15.16;20.92;20.67
1469;3.7;0.735;15.16;20.92;20.67
1470;3.7;0.735;15.16;20.92;20.67
1471;3.7;0.735;15.16;20.92;20.67
1472;3.7;0.735;15.16;20.92;20.57
1473;3.7;0.735;15.16;20.92;20.57
1474;3.7;0.735;15.16;20.92;20.57
1475;3.701;0.735;15.16;20.72;20.67
1476;3.701;0.735;15.16;20.92;20.67
1477;3.701;0.735;15.16;20.92;20.57
1478;3.701;0.735;15.16;20.82;20.57
1479;3.701;0.735;15.16;20.82;20.57
1480;3.701;0.735;15.16;20.82;20.57
1481;3.701;0.735;15.16;20.82;20.57
1482;3.701;0.735;15.16;20.82;20.57
1483;3.701;0.735;15.16;20.62;20.57
1484;3.701;0.735;15.26;20.82;20.57
1485;3.701;0.735;15.16;20.82;20.57
1486;3.702;0.735;15.16;20.82;20.57
1487;3.702;0.735;15.16;20.82;20.57
1488;3.702;0.735;15.16;20.82;20.57
1489;3.702;0.735;15.16;20.82;20.47
1490;3.702;0.735;15.16;20.72;20.47
1491;3.702;0.735;15.16;20.82;20.57
1492;3.702;0.735;15.16;20.82;20.47
1493;3.702;0.735;15.16;20.82;20.57
1494;3.702;0.735;15.16;20.92;20.57
1495;3.702;0.735;15.16;20.82;20.57
1496;3.702;0.735;15.16;20.82;20.47
1497;3.702;0.735;15.16;20.82;20.47
1498;3.702;0.735;15.26;20.82;20.47
1499;3.702;0.735;15.16;20.72;20.47
1500;3.702;0.735;15.16;20.72;20.47
1501;3.703;0.735;15.16;20.72;20.57
1502;3.703;0.735;15.16;20.72;20.47
1503;3.703;0.735;15.16;20.72;20.47
1504;3.703;0.735;15.16;20.72;20.47
1505;3.703;0.735;15.16;20.72;20.47
1506;3.703;0.735;15.16;20.72;20.47
1507;3.703;0.735;15.16;20.72;20.47
1508;3.703;0.735;15.16;20.72;20.47
1509;3.703;0.735;15.16;20.62;20.47
1510;3.703;0.735;15.16;20.72;20.47
1511;3.703;0.735;15.16;20.72;20.47
1512;3.703;0.735;15.16;20.62;20.47
1513;3.703;0.735;15.16;20.72;20.47
1514;3.703;0.735;15.16;20.62;20.47
1515;3.703;0.735;15.16;20.62;20.37
1516;3.703;0.735;15.16;20.72;20.37
1517;3.703;0.735;15.16;20.62;20.37
1518;3.703;0.735;15.16;20.62;20.37
1519;3.703;0.735;15.16;20.72;20.37
1520;3.703;0.735;15.16;20.62;20.37
1521;3.664;1.243;15.16;20.62;20.37
1522;3.61;1.892;15.16;20.62;20.37
1523;3.609;1.891;15.16;20.62;20.37
1524;3.607;1.892;15.16;20.62;20.37
1525;3.606;1.891;15.26;20.62;20.37
1526;3.605;1.892;15.16;20.62;20.37
1527;3.604;1.892;15.16;20.72;20.37
1528;3.604;1.892;15.26;20.52;20.37
1529;3.603;1.891;15.16;20.62;20.37
1530;3.602;1.891;15.16;20.62;20.37
1531;3.601;1.891;15.16;20.62;20.37
1532;3.601;1.891;15.16;20.52;20.37
1533;3.6;1.891;15.16;20.62;20.27
1534;3.599;1.891;15.16;20.52;20.27
1535;3.599;1.891;15.16;20.62;20.37
1536;3.598;1.892;15.16;20.62;20.37
1537;3.598;1.892;15.16;20.62;20.27
1538;3.597;1.891;15.16;20.42;20.37
1539;3.597;1.891;15.16;20.52;20.27
1540;3.596;1.891;15.16;20.62;20.27
1541;3.596;1.891;15.16;20.42;20.27
1542;3.595;1.891;15.16;20.52;20.27
1543;3.595;1.891;15.16;20.62;20.27
1544;3.594;1.891;15.16;20.42;20.27
1545;3.594;1.891;15.16;20.52;20.27
1546;3.593;1.891;15.16;20.52;20.27
1547;3.593;1.891;15.16;20.52;20.27
1548;3.593;1.892;15.16;20.52;20.27
1549;3.592;1.891;15.16;20.42;20.27
1550;3.592;1.891;15.16;20.52;20.27
1551;3.591;1.891;15.16;20.52;20.27
1552;3.591;1.891;15.16;20.52;20.27
1553;3.591;1.891;15.16;20.42;20.27
1554;3.59;1.891;15.16;20.52;20.27
1555;3.59;1.892;15.16;20.42;20.27
1556;3.589;1.891;15.16;20.42;20.27
1557;3.589;1.892;15.16;20.42;20.27
1558;3.589;1.892;15.16;20.42;20.27
1559;3.588;1.891;15.16;20.52;20.27
1560;3.588;1.891;15.16;20.42;20.17
1561;3.588;1.891;15.16;20.42;20.17
1562;3.587;1.891;15.16;20.42;20.27
1563;3.587;1.891;15.16;20.42;20.17
1564;3.619;1.473;15.16;20.42;20.17
1565;3.662;0.955;15.16;20.42;20.17
1566;3.663;0.955;15.16;20.42;20.17
1567;3.664;0.955;15.16;20.52;20.17
1568;3.664;0.955;15.16;20.42;20.17
1569;3.665;0.955;15.16;20.42;20.17
1570;3.665;0.955;15.16;20.42;20.17
1571;3.666;0.955;15.16;20.32;20.17
1572;3.666;0.955;15.26;20.32;20.17
1573;3.666;0.955;15.16;20.42;20.17
1574;3.666;0.955;15.16;20.32;20.17
1575;3.667;0.955;15.16;20.42;20.17
1576;3.667;0.955;15.16;20.32;20.17
1577;3.667;0.955;15.16;20.32;20.17
1578;3.667;0.955;15.26;20.32;20.17
1579;3.667;0.955;15.16;20.32;20.17
1580;3.668;0.955;15.16;20.32;20.07
1581;3.668;0.955;15.16;20.32;20.17
1582;3.668;0.955;15.16;20.32;20.17
1583;3.668;0.955;15.16;20.42;20.07
1584;3.668;0.955;15.16;20.32;20.17
1585;3.668;0.955;15.16;20.22;20.07
1586;3.668;0.955;15.16;20.32;20.17
1587;3.668;0.955;15.16;20.32;20.07
1588;3.669;0.955;15.16;20.22;20.07
1589;3.669;0.955;15.16;20.32;20.07
1590;3.669;0.955;15.16;20.32;20.07
1591;3.669;0.955;15.16;20.22;20.07
1592;3.669;0.955;15.16;20.32;20.07
1593;3.669;0.955;15.16;20.22;20.07
1594;3.669;0.955;15.16;20.22;20.07
1595;3.669;0.955;15.16;20.22;20.07
1596;3.669;0.955;15.16;20.22;20.07
1597;3.669;0.955;15.16;20.22;20.07
1598;3.669;0.955;15.16;20.22;20.07
1599;3.669;0.955;15.16;20.22;20.07
1600;3.669;0.955;15.16;20.22;20.07
1601;3.669;0.955;15.16;20.32;20.07
1602;3.669;0.955;15.16;20.22;20.07
1603;3.669;0.955;15.16;20.22;20.07
1604;3.669;0.955;15.16;20.22;19.97
1605;3.669;0.955;15.16;20.22;19.97
1606;3.669;0.955;15.16;20.22;19.97
1607;3.669;0.955;15.16;20.32;20.07
1608;3.669;0.955;15.16;20.22;19.97
1609;3.669;0.955;15.16;20.12;19.97
1610;3.669;0.955;15.16;20.12;19.97
1611;3.669;0.955;15.26;20.12;20.07
1612;3.669;0.955;15.16;20.12;20.07
1613;3.669;0.955;15.16;20.22;19.97
1614;3.669;0.955;15.26;20.12;19.97
1615;3.669;0.955;15.16;20.12;19.97
1616;3.669;0.955;15.16;20.12;19.97
1617;3.669;0.955;15.16;20.12;19.97
1618;3.669;0.955;15.16;20.32;19.97
1619;3.669;0.955;15.16;20.12;19.97
1620;3.669;0.955;15.16;20.12;19.97
1621;3.669;0.955;15.16;20.12;19.97
1622;3.669;0.955;15.16;20.02;19.97
1623;3.669;0.955;15.16;20.12;19.87
1624;3.669;0.955;15.16;20.12;19.97
1625;3.68;0.817;15.16;20.12;19.97
1626;3.697;0.607;15.16;19.92;19.97
1627;3.698;0.607;15.16;20.12;19.87
1628;3.698;0.607;15.16;20.02;19.87
1629;3.698;0.607;15.16;20.02;19.87
1630;3.699;0.607;15.16;20.02;19.87
1631;3.699;0.607;15.16;20.12;19.87
1632;3.699;0.607;15.16;20.02;19.87
1633;3.699;0.607;15.16;20.12;19.87
1634;3.7;0.607;15.26;20.02;19.87
1635;3.7;0.607;15.16;20.02;19.87
1636;3.7;0.607;15.16;20.02;19.97
1637;3.7;0.607;15.16;20.02;19.87
1638;3.7;0.607;15.16;20.02;19.87
1639;3.7;0.607;15.16;20.02;19.77
1640;3.7;0.607;15.16;19.92;19.87
1641;3.701;0.607;15.16;20.02;19.77
1642;3.701;0.607;15.16;20.02;19.77
1643;3.701;0.607;15.16;20.02;19.77
1644;3.701;0.607;15.16;19.92;19.77
1645;3.701;0.607;15.16;19.92;19.77
1646;3.701;0.607;15.16;19.92;19.77
1647;3.701;0.607;15.16;19.92;19.77
1648;3.701;0.607;15.16;19.92;19.77
1649;3.701;0.607;15.16;19.92;19.77
1650;3.701;0.607;15.16;19.92;19.77
1651;3.702;0.607;15.16;19.92;19.77
1652;3.702;0.607;15.16;19.92;19.77
1653;3.702;0.607;15.16;19.92;19.77
1654;3.702;0.607;15.16;19.92;19.77
1655;3.702;0.607;15.16;19.92;19.77
1656;3.702;0.607;15.16;19.92;19.67
1657;3.702;0.607;15.16;19.92;19.77
1658;3.702;0.607;15.16;19.92;19.67
1659;3.702;0.607;15.26;19.82;19.77
1660;3.702;0.607;15.16;19.82;19.67
1661;3.702;0.607;15.16;19.92;19.67
1662;3.702;0.607;15.16;19.92;19.67
1663;3.702;0.607;15.16;19.82;19.67
1664;3.702;0.607;15.16;19.82;19.77
1665;3.702;0.607;15.16;19.82;19.67
1666;3.702;0.607;15.16;19.82;19.67
1667;3.702;0.607;15.16;19.82;19.77
1668;3.702;0.607;15.16;19.82;19.67
1669;3.702;0.607;15.16;19.82;19.67
1670;3.702;0.607;15.16;19.82;19.67
1671;3.702;0.607;15.26;19.82;19.67
1672;3.703;0.607;15.16;19.82;19.67
1673;3.703;0.607;15.16;19.82;19.67
1674;3.703;0.607;15.16;19.82;19.67
1675;3.703;0.607;15.16;19.72;19.67
1676;3.703;0.607;15.16;19.82;19.67
1677;3.703;0.607;15.16;19.72;19.67
1678;3.703;0.607;15.16;19.72;19.67
1679;3.703;0.607;15.16;19.72;19.57
1680;3.703;0.607;15.16;19.72;19.57
1681;3.703;0.607;15.16;19.72;19.57
1682;3.703;0.607;15.16;19.72;19.57
1683;3.703;0.607;15.16;19.72;19.57
1684;3.703;0.607;15.16;19.72;19.57
1685;3.703;0.607;15.16;19.72;19.57
1686;3.703;0.607;15.16;19.82;19.67
1687;3.703;0.607;15.16;19.62;19.57
1688;3.703;0.607;15.16;19.82;19.57
1689;3.703;0.607;15.16;19.72;19.47
1690;3.703;0.607;15.16;19.72;19.57
1691;3.682;0.884;15.16;19.72;19.57
1692;3.581;2.098;15.16;19.72;19.47
1693;3.579;2.098;15.16;19.72;19.47
1694;3.577;2.098;15.26;19.52;19.47
1695;3.576;2.098;15.16;19.72;19.47
1696;3.575;2.098;15.16;19.72;19.47
1697;3.573;2.098;15.16;19.62;19.47
1698;3.572;2.098;15.16;19.62;19.47
1699;3.571;2.098;15.16;19.62;19.47
1700;3.57;2.098;15.16;19.62;19.47
1701;3.569;2.098;15.16;20.12;19.47
1702;3.568;2.098;15.16;19.62;19.47
1703;3.568;2.098;15.16;19.62;19.47
1704;3.567;2.098;15.16;19.62;19.47
1705;3.566;2.098;15.16;19.62;19.47
1706;3.565;2.098;15.16;19.52;19.47
1707;3.564;2.098;15.26;19.62;19.37
1708;3.564;2.098;15.16;19.62;19.47
1709;3.563;2.098;15.16;19.62;19.47
1710;3.562;2.098;15.16;19.62;19.47
1711;3.562;2.098;15.16;19.52;19.37
1712;3.561;2.098;15.16;19.52;19.47
1713;3.56;2.098;15.16;19.62;19.37
1714;3.56;2.098;15.16;19.62;19.37
1715;3.559;2.098;15.16;19.52;19.37
1716;3.559;2.098;15.16;19.62;19.37
1717;3.558;2.098;15.16;19.52;19.37
1718;3.557;2.098;15.16;19.52;19.37
1719;3.557;2.098;15.16;19.52;19.37
1720;3.556;2.098;15.16;19.62;19.37
1721;3.556;2.098;15.16;19.52;19.37
1722;3.555;2.098;15.16;19.52;19.37
1723;3.555;2.098;15.16;19.52;19.37
1724;3.554;2.098;15.16;19.52;19.37
1725;3.554;2.098;15.16;19.52;19.37
1726;3.553;2.098;15.16;19.52;19.37
1727;3.553;2.098;15.16;19.52;19.37
1728;3.552;2.098;15.16;19.52;19.37
1729;3.552;2.098;15.16;19.52;19.37
1730;3.552;2.098;15.16;19.52;19.37
1731;3.551;2.098;15.16;19.52;19.37
1732;3.551;2.098;15.16;19.42;19.26
1733;3.55;2.098;15.16;19.52;19.37
1734;3.55;2.098;15.16;19.52;19.37
1735;3.549;2.098;15.16;19.62;19.37
1736;3.549;2.098;15.16;19.52;19.37
1737;3.549;2.098;15.16;19.52;19.47
1738;3.548;2.098;15.16;19.52;19.37
1739;3.548;2.098;15.16;19.52;19.37
1740;3.547;2.098;15.16;19.52;19.37
1741;3.547;2.098;15.16;19.52;19.26
1742;3.547;2.098;15.16;19.52;19.37
1743;3.546;2.098;15.26;19.42;19.26
1744;3.546;2.098;15.16;19.52;19.26
1745;3.546;2.098;15.16;19.42;19.37
1746;3.545;2.098;15.16;19.52;19.37
1747;3.545;2.098;15.16;19.42;19.26
1748;3.544;2.098;15.16;19.42;19.26
1749;3.544;2.098;15.16;19.42;19.26
1750;3.544;2.098;15.16;19.52;19.26
1751;3.543;2.098;15.16;19.52;19.26
1752;3.543;2.098;15.16;19.42;19.26
1753;3.543;2.098;15.16;19.42;19.26
1754;3.542;2.098;15.16;19.42;19.26
1755;3.542;2.098;15.16;19.52;19.26
1756;3.542;2.098;15.16;19.42;19.26
1757;3.541;2.098;15.16;19.52;19.26
1758;3.541;2.098;15.16;19.52;19.26
1759;3.541;2.098;15.16;19.42;19.26
1760;3.54;2.098;15.16;19.42;19.26
1761;3.54;2.098;15.16;19.52;19.26
1762;3.54;2.098;15.16;19.42;19.26
1763;3.539;2.098;15.16;19.42;19.26
1764;3.539;2.098;15.16;19.42;19.26
1765;3.539;2.098;15.16;19.42;19.37
1766;3.539;2.098;15.26;19.42;19.26
1767;3.538;2.098;15.16;19.42;19.26
1768;3.538;2.098;15.16;19.42;19.26
1769;3.538;2.098;15.16;19.42;19.37
1770;3.537;2.098;15.16;19.42;19.26
1771;3.537;2.098;15.16;19.42;19.26
1772;3.537;2.098;15.16;19.52;19.26
1773;3.536;2.098;15.16;19.42;19.06
1774;3.536;2.098;15.16;19.42;19.26
1775;3.536;2.098;15.16;19.42;19.26
1776;3.536;2.098;15.16;19.42;19.26
1777;3.535;2.098;15.16;19.42;19.26
1778;3.535;2.098;15.16;19.42;19.26
1779;3.535;2.098;15.16;19.42;19.26
1780;3.535;2.098;15.16;19.42;19.26
1781;3.517;2.32;15.16;19.42;19.26
1782;3.516;2.32;15.26;19.42;19.26
1783;3.515;2.32;15.16;19.32;19.26
1784;3.515;2.32;15.16;19.42;19.26
1785;3.514;2.32;15.16;19.42;19.26
1786;3.514;2.32;15.16;19.42;19.26
1787;3.513;2.32;15.16;19.42;19.16
1788;3.513;2.32;15.16;19.42;19.26
1789;3.512;2.32;15.16;19.42;19.26
1790;3.512;2.32;15.16;19.42;19.26
1791;3.512;2.32;15.16;19.42;19.26
1792;3.511;2.32;15.16;19.42;19.26
1793;3.511;2.32;15.16;19.42;19.26
1794;3.511;2.32;15.16;19.42;19.26
1795;3.51;2.32;15.16;19.42;19.26
1796;3.51;2.32;15.16;19.42;19.26
1797;3.51;2.32;15.16;19.42;19.26
1798;3.509;2.32;15.16;19.32;19.26
1799;3.509;2.32;15.16;19.32;19.26
1800;3.509;2.32;15.16;19.42;19.26
1801;3.508;2.32;15.16;19.42;19.26
1802;3.508;2.32;15.16;19.32;19.26
1803;3.508;2.32;15.16;19.42;19.26
1804;3.507;2.32;15.16;19.32;19.26
1805;3.507;2.32;15.16;19.42;19.26
1806;3.507;2.32;15.16;19.42;19.26
1807;3.506;2.32;15.16;19.42;19.26
1808;3.506;2.32;15.16;19.42;19.57
1809;3.506;2.32;15.26;19.42;19.26
1810;3.505;2.32;15.26;19.42;19.26
1811;3.505;2.32;15.16;19.42;19.26
1812;3.505;2.32;15.16;19.42;19.26
1813;3.505;2.32;15.16;19.42;19.16
1814;3.504;2.32;15.16;19.42;19.26
1815;3.504;2.32;15.16;19.42;19.26
1816;3.504;2.32;15.16;19.42;19.16
1817;3.503;2.32;15.16;19.32;19.16
1818;3.503;2.32;15.16;19.32;19.16
1819;3.503;2.32;15.16;19.42;19.16
1820;3.503;2.32;15.16;19.32;19.26
1821;3.502;2.32;15.16;19.42;19.26
1822;3.502;2.32;15.16;19.32;19.16
1823;3.502;2.32;15.16;19.42;19.26
1824;3.502;2.32;15.16;19.52;19.26
1825;3.501;2.32;15.16;19.42;19.16
1826;3.501;2.32;15.16;19.42;19.26
1827;3.501;2.32;15.16;19.32;19.16
1828;3.5;2.32;15.16;19.42;19.26
1829;3.5;2.32;15.16;19.32;19.26
1830;3.5;2.32;15.16;19.42;19.26
1831;3.5;2.32;15.16;19.42;19.26
1832;3.499;2.32;15.16;19.42;19.26
1833;3.499;2.32;15.16;19.32;19.26
1834;3.499;2.32;15.16;19.32;19.16
1835;3.499;2.32;15.16;19.42;19.26
1836;3.498;2.32;15.16;19.42;19.26
1837;3.498;2.32;15.16;19.42;19.26
1838;3.498;2.32;15.16;19.32;19.26
1839;3.498;2.32;15.16;19.32;19.16
1840;3.497;2.32;15.16;19.42;19.37
1841;3.497;2.32;15.16;19.32;19.26
1842;3.497;2.32;15.16;19.32;19.16
1843;3.497;2.32;15.16;19.42;19.57
1844;3.496;2.32;15.16;19.42;19.26
1845;3.496;2.32;15.16;19.32;19.26
1846;3.496;2.32;15.16;19.42;19.26
1847;3.496;2.32;15.16;19.32;19.26
1848;3.495;2.32;15.16;19.42;19.26
1849;3.495;2.32;15.16;19.42;19.26
1850;3.495;2.32;15.16;19.42;19.26
1851;3.495;2.32;15.16;19.32;19.26
1852;3.494;2.32;15.16;19.32;19.26
1853;3.494;2.32;15.16;19.32;19.37
1854;3.494;2.32;15.16;19.32;19.26
1855;3.494;2.32;15.16;19.42;19.26
1856;3.493;2.32;15.16;19.42;19.26
1857;3.493;2.32;15.16;19.42;19.26
1858;3.493;2.32;15.16;19.42;19.26
1859;3.493;2.32;15.16;19.42;19.26
1860;3.493;2.32;15.16;19.42;19.26
1861;3.492;2.32;15.16;19.42;19.26
1862;3.492;2.32;15.16;19.42;19.26
1863;3.492;2.32;15.16;19.42;19.26
1864;3.492;2.32;15.16;19.32;19.26
1865;3.491;2.32;15.16;19.42;19.26
1866;3.491;2.32;15.16;19.42;19.26
1867;3.491;2.32;15.16;19.42;19.26
1868;3.491;2.32;15.16;19.42;19.26
1869;3.49;2.32;15.16;19.42;19.26
1870;3.49;2.32;15.16;19.42;19.26
1871;3.49;2.32;15.16;19.42;19.26
1872;3.49;2.32;15.16;19.42;19.37
1873;3.489;2.32;15.16;19.42;19.26
1874;3.489;2.32;15.16;19.32;19.26
1875;3.489;2.32;15.16;19.42;19.26
1876;3.489;2.32;15.16;19.42;19.26
1877;3.489;2.32;15.16;19.42;19.16
1878;3.488;2.32;15.16;19.23;19.16
1879;3.488;2.32;15.16;19.42;19.26
1880;3.488;2.32;15.16;19.42;19.16
1881;3.488;2.32;15.16;19.32;19.26
1882;3.487;2.32;15.16;19.32;19.16
1883;3.487;2.32;15.16;19.42;19.26
1884;3.487;2.32;15.16;19.32;19.26
1885;3.487;2.32;15.16;19.32;19.26
1886;3.487;2.32;15.16;19.42;19.16
1887;3.486;2.32;15.16;19.32;19.26
1888;3.486;2.32;15.16;19.42;19.26
1889;3.486;2.32;15.16;19.42;19.26
1890;3.486;2.32;15.16;19.42;19.26
1891;3.485;2.32;15.16;19.42;19.16
1892;3.485;2.32;15.16;19.42;19.16
1893;3.485;2.32;15.16;19.32;19.26
1894;3.485;2.32;15.16;19.42;19.16
1895;3.484;2.32;15.16;19.42;19.26
1896;3.42;3.109;15.16;19.42;19.26
1897;3.415;3.15;15.16;19.42;19.16
1898;3.414;3.151;15.16;19.42;19.16
1899;3.413;3.151;15.16;19.42;19.16
1900;3.412;3.151;15.16;19.62;19.26
1901;3.411;3.151;15.16;19.42;19.26
1902;3.41;3.15;15.16;19.42;19.16
1903;3.41;3.151;15.16;19.32;19.26
1904;3.409;3.151;15.16;19.32;19.26
1905;3.408;3.151;15.16;19.32;19.26
1906;3.408;3.151;15.16;19.42;19.26
1907;3.407;3.151;15.16;19.32;19.26
1908;3.406;3.15;15.16;19.32;19.26
1909;3.406;3.151;15.26;19.32;19.26
1910;3.405;3.151;15.26;19.42;19.26
1911;3.405;3.151;15.16;19.42;19.16
1912;3.404;3.15;15.16;19.42;19.26
1913;3.404;3.151;15.16;19.42;19.26
1914;3.403;3.151;15.16;19.42;19.16
1915;3.403;3.15;15.16;19.32;19.26
1916;3.402;3.151;15.16;19.42;19.26
1917;3.402;3.15;15.16;19.42;19.26
1918;3.401;3.151;15.16;19.52;19.26
1919;3.401;3.151;15.16;19.42;19.26
1920;3.4;3.15;15.16;19.42;19.26
1921;3.4;3.151;15.16;19.52;19.26
1922;3.399;3.151;15.16;19.42;19.26
1923;3.399;3.151;15.16;19.42;19.26
1924;3.398;3.151;15.16;19.42;19.26
1925;3.398;3.151;15.16;19.42;19.26
1926;3.397;3.151;15.26;19.42;19.26
1927;3.397;3.151;15.16;19.52;19.26
1928;3.397;3.15;15.16;19.42;19.37
1929;3.396;3.151;15.16;19.42;19.37
1930;3.396;3.151;15.16;19.42;19.26
1931;3.395;3.151;15.16;19.42;19.26
1932;3.395;3.151;15.16;19.42;19.26
1933;3.395;3.151;15.16;19.42;19.26
1934;3.394;3.151;15.16;19.42;19.26
1935;3.394;3.151;15.16;19.32;19.37
1936;3.393;3.15;15.16;19.42;19.26
1937;3.393;3.151;15.16;19.52;19.26
1938;3.393;3.15;15.16;19.52;19.26
1939;3.392;3.151;15.16;19.42;19.26
1940;3.392;3.151;15.16;19.52;19.26
1941;3.391;3.151;15.26;19.42;19.37
1942;3.391;3.151;15.16;19.52;19.37
1943;3.391;3.151;15.16;19.42;19.37
1944;3.39;3.151;15.16;19.52;19.37
1945;3.39;3.151;15.16;19.52;19.37
1946;3.39;3.15;15.16;19.52;19.37
1947;3.389;3.151;15.16;19.52;19.37
1948;3.389;3.15;15.16;19.52;19.37
1949;3.389;3.151;15.16;19.52;19.37
1950;3.388;3.15;15.16;19.52;19.37
1951;3.388;3.15;15.16;19.62;19.37
1952;3.387;3.151;15.16;19.52;19.37
1953;3.387;3.151;15.16;19.52;19.37
1954;3.387;3.151;15.16;19.52;19.37
1955;3.312;4.081;15.16;19.52;19.37
1956;3.309;4.081;15.16;19.62;19.47
1957;3.308;4.081;15.16;19.52;19.37
1958;3.307;4.081;15.16;19.52;19.37
1959;3.306;4.081;15.16;19.72;19.37
1960;3.305;4.081;15.16;19.52;19.47
1961;3.304;4.081;15.26;19.52;19.37
1962;3.303;4.081;15.16;19.52;19.37
1963;3.302;4.081;15.16;19.62;19.37
1964;3.301;4.081;15.16;19.62;19.37
1965;3.3;4.081;15.16;19.52;19.47
1966;3.299;4.081;15.16;19.62;19.47
1967;3.299;4.081;15.16;19.62;19.47
1968;3.298;4.081;15.16;19.62;19.47
1969;3.297;4.081;15.16;19.62;19.47
1970;3.297;4.081;15.26;19.62;19.47
1971;3.296;4.081;15.16;19.62;19.47
1972;3.295;4.081;15.16;19.72;19.47
1973;3.295;4.081;15.16;19.62;19.47
1974;3.294;4.081;15.16;19.62;19.47
1975;3.293;4.081;15.16;19.62;19.47
1976;3.293;4.081;15.16;19.62;19.47
1977;3.292;4.081;15.16;19.72;19.47
1978;3.291;4.081;15.16;19.72;19.47
1979;3.291;4.081;15.16;19.62;19.47
1980;3.29;4.081;15.26;19.72;19.57
1981;3.29;4.081;15.16;19.72;19.57
1982;3.289;4.081;15.16;19.72;19.57
1983;3.289;4.081;15.16;19.72;19.57
1984;3.288;4.081;15.16;19.82;19.57
1985;3.288;4.081;15.16;19.82;19.57
1986;3.287;4.081;15.16;19.82;19.57
1987;3.286;4.081;15.16;19.82;19.57
1988;3.286;4.081;15.16;19.82;19.57
1989;3.285;4.081;15.16;19.82;19.57
1990;3.285;4.081;15.26;19.82;19.67
1991;3.285;4.081;15.16;19.82;19.67
1992;3.284;4.081;15.16;19.82;19.67
1993;3.284;4.081;15.16;19.92;19.67
1994;3.283;4.081;15.16;19.82;19.67
1995;3.283;4.081;15.16;19.82;19.67
1996;3.282;4.081;15.16;19.92;19.67
1997;3.282;4.081;15.16;19.82;19.67
1998;3.281;4.081;15.16;19.92;19.67
1999;3.281;4.081;15.16;19.92;19.77
2000;3.28;4.081;15.16;19.92;19.67
2001;3.28;4.081;15.16;20.02;19.77
2002;3.28;4.081;15.16;19.92;19.67
2003;3.279;4.081;15.16;19.92;19.77
2004;3.279;4.081;15.16;19.82;19.77
2005;3.278;4.081;15.16;19.92;19.77
2006;3.278;4.081;15.16;19.92;19.77
2007;3.277;4.081;15.16;20.02;19.77
2008;3.277;4.081;15.16;20.02;19.77
2009;3.277;4.081;15.16;20.02;19.77
2010;3.276;4.081;15.16;20.02;19.77
2011;3.276;4.081;15.16;20.02;19.87
2012;3.275;4.081;15.16;20.02;19.87
2013;3.275;4.081;15.16;20.02;19.87
2014;3.275;4.081;15.16;20.12;19.87
2015;3.274;4.081;15.16;20.12;19.87
2016;3.274;4.081;15.16;20.12;19.87
2017;3.273;4.081;15.16;20.12;19.87
2018;3.273;4.081;15.16;20.12;19.87
2019;3.273;4.081;15.16;20.12;19.87
2020;3.272;4.081;15.16;20.22;19.97
2021;3.272;4.081;15.26;20.12;19.87
2022;3.271;4.081;15.16;20.22;19.97
2023;3.271;4.081;15.16;20.22;19.97
2024;3.271;4.081;15.16;20.12;19.97
2025;3.27;4.081;15.16;20.22;19.97
2026;3.27;4.081;15.16;20.22;19.97
2027;3.27;4.081;15.16;20.32;19.97
2028;3.269;4.081;15.16;20.22;19.97
2029;3.269;4.081;15.16;20.32;19.97
2030;3.269;4.081;15.16;20.32;20.07
2031;3.268;4.081;15.16;20.32;20.07
2032;3.268;4.081;15.16;20.22;20.07
2033;3.268;4.081;15.16;20.32;20.07
2034;3.267;4.081;15.16;20.32;20.27
2035;3.267;4.081;15.16;20.32;20.07
2036;3.266;4.081;15.16;20.32;20.07
2037;3.266;4.081;15.16;20.42;20.17
2038;3.266;4.081;15.16;20.42;20.07
2039;3.265;4.081;15.16;20.52;20.17
2040;3.265;4.081;15.16;20.42;20.17
2041;3.265;4.081;15.26;20.42;20.17
2042;3.264;4.081;15.16;20.42;20.17
2043;3.264;4.081;15.16;20.42;20.17
2044;3.264;4.081;15.16;20.42;20.17
2045;3.263;4.081;15.16;20.52;20.17
2046;3.263;4.081;15.16;20.52;20.27
2047;3.263;4.081;15.16;20.52;20.17
2048;3.241;4.361;15.16;20.52;20.17
2049;3.23;4.48;15.16;20.52;20.27
2050;3.229;4.479;15.16;20.72;20.27
2051;3.228;4.48;15.16;20.62;20.27
2052;3.228;4.48;15.16;20.62;20.27
2053;3.227;4.48;15.16;20.22;20.27
2054;3.226;4.48;15.16;20.62;20.27
2055;3.226;4.48;15.16;20.62;20.27
2056;3.225;4.48;15.16;20.62;20.27
2057;3.225;4.479;15.16;20.62;20.37
2058;3.224;4.479;15.16;20.62;20.27
2059;3.224;4.48;15.16;20.62;20.37
2060;3.223;4.479;15.16;20.72;20.37
2061;3.223;4.479;15.16;20.72;20.37
2062;3.222;4.48;15.16;20.72;20.37
2063;3.222;4.479;15.16;20.72;20.37
2064;3.221;4.479;15.16;20.72;20.37
2065;3.221;4.479;15.16;20.72;20.37
2066;3.22;4.48;15.16;20.72;20.47
2067;3.22;4.479;15.16;20.82;20.47
2068;3.219;4.48;15.16;20.82;20.47
2069;3.219;4.48;15.16;20.72;20.47
2070;3.219;4.48;15.16;20.82;20.47
2071;3.218;4.48;15.16;20.82;20.47
2072;3.218;4.479;15.16;20.82;20.57
2073;3.217;4.479;15.16;20.82;20.47
2074;3.217;4.479;15.16;20.92;20.57
2075;3.217;4.48;15.16;20.82;20.57
2076;3.216;4.48;15.16;20.92;20.57
2077;3.216;4.48;15.16;20.92;20.57
2078;3.216;4.479;15.16;21.02;20.57
2079;3.215;4.479;15.16;20.92;20.57
2080;3.215;4.479;15.16;20.92;20.67
2081;3.214;4.48;15.16;21.02;20.67
2082;3.214;4.479;15.26;20.92;20.67
2083;3.214;4.48;15.16;21.02;20.67
2084;3.213;4.479;15.16;21.02;20.67
2085;3.213;4.48;15.16;21.12;20.67
2086;3.213;4.479;15.16;21.12;20.67
2087;3.212;4.48;15.16;21.02;20.77
2088;3.212;4.48;15.16;21.22;20.77
2089;3.212;4.479;15.16;21.12;20.77
2090;3.211;4.479;15.16;21.12;20.77
2091;3.211;4.48;15.16;21.22;20.77
2092;3.211;4.479;15.16;21.12;20.77
2093;3.21;4.479;15.16;21.12;20.77
2094;3.21;4.48;15.16;21.22;20.87
2095;3.21;4.479;15.16;21.12;20.87
2096;3.209;4.48;15.06;21.22;20.87
2097;3.209;4.479;15.16;21.22;20.87
2098;3.209;4.48;15.16;21.22;20.87
2099;3.208;4.479;15.06;21.32;20.87
2100;3.208;4.479;15.06;21.32;20.87
2101;3.208;4.479;15.06;21.32;20.87
2102;3.207;4.479;15.06;21.32;20.87
2103;3.207;4.48;15.16;21.32;20.98
2104;3.207;4.479;15.06;21.32;20.98
2105;3.206;4.479;15.06;21.42;20.98
2106;3.206;4.479;15.06;21.42;20.98
2107;3.206;4.479;15.06;21.42;20.98
2108;3.205;4.479;15.06;21.42;21.08
2109;3.205;4.479;15.06;21.42;21.08
2110;3.205;4.479;15.06;21.42;21.08
2111;3.205;4.479;15.06;21.42;21.08
2112;3.204;4.48;15.06;21.52;21.08
2113;3.204;4.479;15.06;21.62;21.08
2114;3.204;4.479;15.16;21.52;21.18
2115;3.203;4.479;15.06;21.52;21.18
2116;3.203;4.479;15.06;21.62;21.18
2117;3.203;4.479;15.06;21.52;21.18
2118;3.202;4.479;15.06;21.62;21.08
2119;3.202;4.479;15.06;21.62;21.18
2120;3.202;4.479;15.06;21.62;21.28
2121;3.202;4.479;15.06;21.62;21.28
2122;3.201;4.479;15.06;21.73;21.28
2123;3.201;4.479;15.06;21.62;21.28
2124;3.201;4.479;15.06;21.73;21.28
2125;3.2;4.479;15.06;21.73;21.28
2126;3.2;4.48;15.06;21.73;21.28
2127;3.2;4.479;15.06;21.73;21.38
2128;3.2;4.48;15.06;21.73;21.38
2129;3.199;4.48;15.16;21.83;21.38
2130;3.199;4.48;15.06;21.83;21.38
2131;3.199;4.48;15.06;21.83;21.38
2132;3.198;4.48;15.06;21.83;21.38
2133;3.198;4.48;15.06;21.83;21.38
2134;3.198;4.48;15.06;21.93;21.48
2135;3.198;4.48;15.06;21.93;21.48
2136;3.197;4.479;15.06;21.93;21.48
2137;3.197;4.48;15.06;21.93;21.48
2138;3.197;4.479;15.06;21.93;21.48
2139;3.196;4.479;15.06;21.93;21.48
2140;3.196;4.48;15.06;21.93;21.58
2141;3.196;4.48;15.06;22.03;21.58
2142;3.196;4.48;15.06;22.03;21.58
2143;3.195;4.48;15.06;22.03;21.58
2144;3.195;4.479;15.16;22.13;21.58
2145;2.472;0.0;15.06;40.52;40.64
