time;voltage;current;ambient_temperature;surface_temperature_plus;surface_temperature_minus
0;0.003;0.0;20.67;19.67;19.82
1;3.537;4.312;20.67;19.67;19.82
2;3.501;4.62;20.67;19.77;19.82
3;3.507;4.62;20.67;19.67;19.82
4;3.505;4.62;20.67;19.67;19.92
5;3.503;4.62;20.67;19.67;19.82
6;3.504;4.62;20.67;19.67;19.62
7;3.508;4.62;20.67;19.77;19.92
8;3.508;4.62;20.67;19.77;19.82
9;3.509;4.62;20.67;19.67;19.82
10;3.51;4.62;20.67;19.77;19.82
11;3.514;4.62;20.67;19.87;19.92
12;3.516;4.62;20.67;19.77;19.82
13;3.517;4.62;20.87;19.87;20.12
14;3.518;4.62;20.67;19.77;19.92
15;3.518;4.62;20.67;19.77;20.02
16;3.518;4.62;20.67;19.77;20.12
17;3.517;4.62;20.67;19.67;19.92
18;3.517;4.62;20.67;19.97;20.02
19;3.517;4.62;20.67;19.77;20.12
20;3.517;4.62;20.67;19.87;19.92
21;3.516;4.62;20.67;19.87;19.82
22;3.516;4.62;20.67;19.67;20.12
23;3.516;4.62;20.67;19.87;20.02
24;3.516;4.62;20.67;20.27;20.32
25;3.516;4.62;20.67;19.77;20.12
26;3.516;4.62;20.67;19.87;20.12
27;3.515;4.62;20.67;19.97;20.32
28;3.514;4.62;20.67;19.87;20.02
29;3.514;4.62;20.67;19.97;20.02
30;3.513;4.62;20.67;19.87;20.22
31;3.512;4.62;20.77;19.97;20.12
32;3.512;4.62;20.87;19.87;20.12
33;3.511;4.62;20.67;19.87;20.42
34;3.511;4.62;20.67;20.17;20.02
35;3.511;4.62;20.77;20.17;20.22
36;3.51;4.62;20.67;20.07;19.72
37;3.51;4.62;20.77;20.17;20.22
38;3.51;4.62;20.67;20.17;20.22
39;3.51;4.62;20.67;20.07;20.32
40;3.51;4.62;20.67;20.37;20.32
41;3.509;4.62;20.67;19.87;20.42
42;3.509;4.62;20.67;20.07;20.52
43;3.509;4.62;20.67;20.17;20.42
44;3.509;4.62;20.67;20.27;20.42
45;3.508;4.62;20.67;20.17;20.32
46;3.508;4.62;20.67;20.27;20.02
47;3.508;4.62;20.67;20.17;21.22
48;3.507;4.62;20.67;20.27;20.42
49;3.507;4.62;20.77;20.27;20.72
50;3.507;4.62;20.77;20.37;20.42
51;3.506;4.62;20.67;20.47;20.52
52;3.506;4.62;20.67;20.37;20.42
53;3.506;4.62;20.87;20.47;20.52
54;3.506;4.62;20.67;20.47;20.62
55;3.505;4.62;20.67;20.17;20.42
56;3.505;4.62;20.77;20.37;20.62
57;3.505;4.62;20.77;20.47;20.72
58;3.504;4.62;20.77;20.37;20.72
59;3.504;4.62;20.77;20.67;20.72
60;3.504;4.62;20.77;20.57;20.72
61;3.503;4.62;20.87;20.47;20.72
62;3.503;4.62;20.77;20.47;20.62
63;3.503;4.62;20.77;20.57;20.82
64;3.502;4.62;20.87;20.57;20.92
65;3.502;4.62;20.77;20.67;20.72
66;3.502;4.62;20.77;20.47;20.82
67;3.502;4.62;20.77;20.57;20.92
68;3.501;4.62;20.77;20.57;20.82
69;3.501;4.62;20.77;20.67;20.92
70;3.501;4.62;20.67;20.87;20.92
71;3.501;4.62;20.77;20.77;20.82
72;3.5;4.62;20.77;20.67;21.22
73;3.5;4.62;20.77;20.87;21.32
74;3.5;4.62;20.87;20.57;21.12
75;3.5;4.62;20.77;20.77;21.02
76;3.5;4.62;20.77;20.87;21.02
77;3.499;4.62;20.77;20.77;20.92
78;3.499;4.62;20.77;20.77;21.12
79;3.499;4.62;20.77;20.67;21.12
80;3.499;4.62;20.77;20.87;21.22
81;3.499;4.62;20.77;20.87;21.22
82;3.498;4.62;20.77;20.98;21.12
83;3.498;4.62;20.77;20.98;20.92
84;3.498;4.62;20.77;20.77;21.22
85;3.498;4.62;20.77;21.08;21.32
86;3.497;4.62;20.77;21.08;21.32
87;3.497;4.62;20.77;20.98;21.42
88;3.497;4.62;20.77;21.08;21.32
89;3.497;4.62;20.77;21.08;21.32
90;3.497;4.62;20.77;21.18;21.52
91;3.496;4.62;20.77;21.18;21.42
92;3.496;4.62;20.77;21.18;21.52
93;3.496;4.62;20.77;20.98;21.42
94;3.496;4.62;20.77;21.18;21.42
95;3.495;4.62;20.77;21.28;21.73
96;3.495;4.62;20.77;21.28;21.62
97;3.495;4.62;20.77;21.28;21.93
98;3.495;4.62;20.77;21.38;21.52
99;3.495;4.62;20.77;21.38;21.62
100;3.495;4.62;20.77;21.58;21.42
101;3.494;4.62;20.77;21.48;21.73
102;3.494;4.62;20.77;21.38;21.83
103;3.494;4.62;20.77;21.48;21.83
104;3.494;4.62;20.77;21.48;21.62
105;3.493;4.62;20.87;21.48;21.52
106;3.493;4.62;20.77;21.48;21.73
107;3.493;4.62;20.77;21.58;21.73
108;3.493;4.62;20.77;21.58;21.73
109;3.493;4.62;20.77;21.58;21.83
110;3.492;4.62;20.77;21.58;21.83
111;3.492;4.62;20.87;21.58;21.93
112;3.492;4.62;20.77;22.09;21.93
113;3.491;4.62;20.77;21.68;21.83
114;3.491;4.62;20.87;21.68;22.03
115;3.491;4.62;20.77;21.68;22.33
116;3.491;4.62;20.77;21.68;21.93
117;3.491;4.62;20.87;21.78;21.93
118;3.49;4.62;20.77;21.78;22.03
119;3.49;4.62;20.87;21.89;22.03
120;3.49;4.62;20.87;21.78;21.42
121;3.49;4.62;20.87;21.89;21.02
122;3.49;4.62;20.87;21.89;22.74
123;3.49;4.62;20.87;21.89;22.13
124;3.489;4.62;20.87;21.89;22.43
125;3.489;4.62;20.87;21.89;22.03
126;3.489;4.62;21.08;21.89;22.03
127;3.489;4.62;20.77;21.99;22.23
128;3.489;4.62;20.98;22.09;22.23
129;3.489;4.62;20.77;21.99;22.23
130;3.489;4.62;20.77;22.09;22.43
131;3.488;4.62;20.87;22.09;22.84
132;3.488;4.62;20.87;22.09;22.13
133;3.488;4.62;20.87;22.19;22.43
134;3.488;4.62;20.87;22.19;22.43
135;3.488;4.62;20.77;21.99;22.33
136;3.487;4.62;20.87;22.19;22.23
137;3.487;4.62;20.77;22.29;22.43
138;3.487;4.62;20.77;22.09;22.43
139;3.487;4.62;20.98;22.29;22.33
140;3.486;4.62;20.87;22.29;22.43
141;3.486;4.62;20.77;22.39;22.53
142;3.486;4.62;20.87;23.0;22.53
143;3.486;4.62;20.87;22.39;22.64
144;3.485;4.62;20.87;22.29;22.84
145;3.485;4.62;20.87;22.29;22.64
146;3.485;4.62;20.87;21.99;22.64
147;3.485;4.62;20.87;23.21;22.74
148;3.485;4.62;20.87;22.39;22.74
149;3.484;4.62;20.87;22.49;22.64
150;3.484;4.62;20.87;22.49;22.74
151;3.484;4.62;20.87;22.6;22.84
152;3.483;4.62;20.87;22.6;22.74
153;3.483;4.62;20.87;22.6;22.84
154;3.482;4.62;20.87;22.6;22.84
155;3.482;4.62;20.87;22.6;23.04
156;3.482;4.62;20.87;22.7;22.94
157;3.482;4.62;20.87;22.6;22.74
158;3.481;4.62;20.87;22.6;22.64
159;3.481;4.62;20.87;22.7;23.04
160;3.481;4.62;20.87;22.7;22.94
161;3.48;4.62;20.87;22.7;22.94
162;3.48;4.62;20.87;22.7;23.15
163;3.48;4.62;20.87;22.8;23.25
164;3.479;4.62;20.98;22.8;22.33
165;3.479;4.62;20.87;22.8;23.25
166;3.479;4.62;20.87;22.9;22.94
167;3.479;4.62;20.87;22.8;23.25
168;3.479;4.62;20.87;23.31;23.15
169;3.478;4.62;20.87;22.9;23.15
170;3.478;4.62;20.87;22.9;23.25
171;3.478;4.62;20.87;22.9;23.25
172;3.478;4.62;20.77;23.0;23.15
173;3.477;4.62;20.87;22.8;23.25
174;3.477;4.62;20.87;23.1;23.25
175;3.477;4.62;20.87;23.0;23.25
176;3.477;4.62;20.87;22.9;23.25
177;3.477;4.62;20.98;23.1;23.35
178;3.477;4.62;20.87;23.1;23.35
179;3.477;4.62;20.87;23.21;23.35
180;3.476;4.62;20.87;23.1;23.56
181;3.476;4.62;20.87;23.1;23.86
182;3.476;4.62;20.87;23.21;23.45
183;3.476;4.62;20.98;23.21;23.66
184;3.476;4.62;20.77;23.21;23.45
185;3.476;4.62;20.87;23.31;23.45
186;3.475;4.62;20.87;23.31;23.56
187;3.475;4.62;20.87;23.41;23.45
188;3.475;4.62;20.87;23.31;23.56
189;3.475;4.62;20.87;23.41;23.45
190;3.474;4.62;20.87;23.41;23.66
191;3.474;4.62;20.98;23.51;23.25
192;3.474;4.62;20.87;23.72;23.76
193;3.474;4.62;20.87;23.61;24.07
194;3.474;4.62;20.87;23.51;23.86
195;3.473;4.62;20.98;23.51;23.76
196;3.473;4.62;20.87;23.51;23.86
197;3.473;4.62;20.87;23.51;24.07
198;3.473;4.62;20.87;23.51;23.86
199;3.472;4.62;20.87;23.61;23.76
200;3.472;4.62;20.87;23.61;23.86
201;3.472;4.62;20.87;23.51;23.76
202;3.471;4.62;20.87;23.61;23.86
203;3.471;4.62;20.98;23.61;23.97
204;3.471;4.62;20.87;23.72;23.86
205;3.471;4.62;20.87;23.61;23.97
206;3.47;4.62;20.87;23.72;24.07
207;3.47;4.62;20.87;23.72;24.07
208;3.47;4.62;20.87;23.82;23.97
209;3.47;4.62;20.87;23.82;24.17
210;3.469;4.62;20.87;23.82;23.97
211;3.469;4.62;20.87;23.61;24.07
212;3.469;4.62;20.87;23.92;24.17
213;3.468;4.62;20.98;23.92;24.07
214;3.468;4.62;20.98;23.92;24.17
215;3.468;4.62;20.98;23.92;23.66
216;3.468;4.62;20.98;23.92;24.17
217;3.467;4.62;20.87;24.02;24.17
218;3.467;4.62;20.98;24.13;24.69
219;3.467;4.62;20.87;24.13;24.28
220;3.466;4.62;20.98;23.82;23.97
221;3.466;4.62;20.98;24.02;24.28
222;3.466;4.62;20.98;24.13;24.38
223;3.465;4.62;20.98;24.13;24.28
224;3.465;4.62;20.98;24.23;24.38
225;3.465;4.62;20.98;24.23;24.28
226;3.465;4.62;20.98;24.13;24.38
227;3.464;4.62;20.98;24.23;24.48
228;3.464;4.62;20.77;24.23;24.48
229;3.464;4.62;20.98;24.23;24.48
230;3.463;4.62;20.98;24.23;24.17
231;3.463;4.62;20.98;24.33;24.59
232;3.463;4.62;20.98;24.33;24.59
233;3.463;4.62;20.98;24.43;24.59
234;3.462;4.62;20.98;24.33;24.59
235;3.462;4.62;20.98;24.43;24.69
236;3.462;4.62;21.08;24.54;24.69
237;3.462;4.62;20.98;24.43;24.69
238;3.461;4.62;20.98;24.43;24.79
239;3.461;4.62;20.98;24.43;24.48
240;3.461;4.62;20.98;24.64;24.9
241;3.46;4.62;20.98;24.64;24.69
242;3.46;4.62;20.98;24.54;24.69
243;3.46;4.62;20.98;24.54;24.79
244;3.46;4.62;20.98;24.64;25.1
245;3.459;4.62;20.98;24.64;24.9
246;3.459;4.62;20.98;24.64;24.9
247;3.459;4.62;20.98;24.54;24.9
248;3.458;4.62;20.98;24.74;24.9
249;3.458;4.62;20.98;24.74;24.9
250;3.458;4.62;20.98;24.74;25.0
251;3.458;4.62;20.98;24.95;25.0
252;3.457;4.62;20.87;24.95;25.0
253;3.457;4.62;20.98;24.85;25.0
254;3.457;4.62;20.87;24.74;24.79
255;3.456;4.62;20.98;24.85;25.0
256;3.456;4.62;20.98;24.85;25.0
257;3.456;4.62;20.98;24.95;25.1
258;3.456;4.62;20.98;24.95;25.1
259;3.455;4.62;20.98;24.95;25.1
260;3.455;4.62;20.98;25.05;25.1
261;3.455;4.62;20.98;25.26;25.1
262;3.454;4.62;20.98;24.64;25.21
263;3.454;4.62;20.98;24.95;25.21
264;3.454;4.62;20.98;25.05;25.21
265;3.453;4.62;20.98;25.05;25.21
266;3.453;4.62;20.87;25.15;25.31
267;3.453;4.62;21.28;25.05;25.31
268;3.453;4.62;20.98;25.15;25.31
269;3.452;4.62;20.98;25.15;25.31
270;3.452;4.62;21.08;25.15;25.31
271;3.452;4.62;20.98;25.36;25.52
272;3.451;4.62;20.98;25.36;25.31
273;3.451;4.62;20.98;25.26;25.63
274;3.451;4.62;20.87;25.26;25.42
275;3.45;4.62;20.98;25.26;25.42
276;3.45;4.62;20.98;25.26;25.63
277;3.45;4.62;20.98;25.36;25.52
278;3.449;4.62;20.98;25.36;25.42
279;3.449;4.62;20.98;25.36;25.52
280;3.449;4.62;20.87;25.36;25.52
281;3.448;4.62;20.98;25.36;25.63
282;3.448;4.62;20.98;25.36;25.31
283;3.448;4.62;20.98;25.36;25.63
284;3.447;4.62;20.98;25.67;25.52
285;3.447;4.62;20.98;25.36;25.31
286;3.447;4.62;20.98;25.46;25.52
287;3.446;4.62;20.98;25.57;26.04
288;3.446;4.62;20.98;25.26;25.73
289;3.446;4.62;20.98;25.46;25.73
290;3.446;4.62;20.98;25.57;24.69
291;3.445;4.62;20.98;25.57;25.94
292;3.445;4.62;20.98;25.46;25.73
293;3.445;4.62;20.98;25.57;25.84
294;3.444;4.62;20.98;25.57;25.73
295;3.444;4.62;20.98;25.57;25.73
296;3.444;4.62;20.98;25.57;25.73
297;3.444;4.62;20.98;25.46;25.73
298;3.443;4.62;20.98;25.67;25.94
299;3.443;4.62;20.98;25.67;25.84
300;3.443;4.62;20.98;25.67;25.84
301;3.443;4.62;20.98;25.67;25.94
302;3.443;4.62;20.87;25.88;25.84
303;3.442;4.62;20.98;25.78;25.94
304;3.442;4.62;20.98;25.78;26.04
305;3.442;4.62;20.98;25.78;25.94
306;3.442;4.62;20.87;25.78;25.94
307;3.441;4.62;20.98;25.78;26.04
308;3.441;4.62;20.98;25.88;26.04
309;3.441;4.62;20.98;25.88;26.15
310;3.441;4.62;20.98;25.98;26.04
311;3.44;4.62;20.98;25.78;25.94
312;3.44;4.62;20.98;25.88;26.04
313;3.44;4.62;21.08;25.98;26.15
314;3.439;4.62;20.98;25.98;26.15
315;3.439;4.62;20.98;25.88;26.15
316;3.439;4.62;20.98;25.98;26.15
317;3.438;4.62;20.98;25.98;26.04
318;3.438;4.62;21.08;25.98;26.04
319;3.438;4.62;21.08;25.88;26.15
320;3.438;4.62;20.98;25.98;26.15
321;3.437;4.62;21.08;26.29;26.26
322;3.437;4.62;20.98;25.98;26.26
323;3.437;4.62;20.98;26.09;26.36
324;3.437;4.62;20.98;26.09;26.26
325;3.436;4.62;21.08;26.09;26.15
326;3.436;4.62;20.98;25.98;26.36
327;3.436;4.62;20.98;26.19;26.15
328;3.435;4.62;20.98;26.09;26.26
329;3.435;4.62;20.98;26.09;26.36
330;3.435;4.62;20.98;25.98;26.36
331;3.434;4.62;20.98;26.29;26.47
332;3.434;4.62;20.98;26.19;26.36
333;3.434;4.62;20.98;26.19;26.47
334;3.433;4.62;20.98;26.09;26.36
335;3.433;4.62;20.98;26.19;26.47
336;3.433;4.62;20.98;26.5;26.36
337;3.433;4.62;20.98;26.29;26.47
338;3.432;4.62;20.98;26.29;26.47
339;3.432;4.62;20.98;26.4;26.47
340;3.432;4.62;20.98;26.29;26.47
341;3.431;4.62;20.98;26.29;26.57
342;3.431;4.62;20.98;26.29;26.57
343;3.431;4.62;20.98;26.4;26.68
344;3.43;4.62;20.98;26.4;26.68
345;3.43;4.62;20.98;26.5;26.57
346;3.43;4.62;20.98;26.5;26.57
347;3.429;4.62;20.98;26.4;26.78
348;3.429;4.62;20.98;26.4;27.21
349;3.429;4.62;20.98;26.5;26.68
350;3.428;4.62;20.98;26.61;26.68
351;3.428;4.62;20.98;26.82;26.57
352;3.428;4.62;20.98;26.5;26.68
353;3.428;4.62;20.98;26.5;26.57
354;3.427;4.62;20.98;26.5;26.78
355;3.427;4.62;20.98;26.5;26.57
356;3.427;4.62;20.98;26.61;26.78
357;3.426;4.62;20.98;26.5;26.78
358;3.426;4.62;20.98;26.5;26.78
359;3.426;4.62;20.98;26.5;26.78
360;3.425;4.62;20.98;26.61;27.21
361;3.425;4.62;21.08;26.82;26.89
362;3.425;4.62;20.98;26.61;27.0
363;3.424;4.62;20.98;26.61;26.89
364;3.424;4.62;20.98;26.71;26.89
365;3.424;4.62;20.98;26.82;27.1
366;3.423;4.62;20.98;26.71;26.68
367;3.423;4.62;20.87;26.71;26.89
368;3.423;4.62;20.98;26.71;26.89
369;3.422;4.62;20.98;26.82;27.31
370;3.422;4.62;20.87;26.82;27.0
371;3.422;4.62;20.98;26.82;27.1
372;3.421;4.62;21.08;26.71;27.0
373;3.421;4.62;20.98;26.82;26.89
374;3.421;4.62;20.98;26.82;27.0
375;3.42;4.62;20.87;26.82;27.21
376;3.42;4.62;20.98;26.82;27.21
377;3.42;4.62;20.98;27.02;26.57
378;3.419;4.62;20.98;27.02;27.31
379;3.419;4.62;20.98;26.92;27.21
380;3.419;4.619;20.98;26.92;27.42
381;3.418;4.619;20.98;27.02;27.21
382;3.418;4.619;21.08;26.92;27.21
383;3.418;4.619;20.98;27.02;27.31
384;3.417;4.619;20.98;27.13;27.21
385;3.417;4.619;20.98;27.02;27.21
386;3.417;4.619;20.98;27.02;27.42
387;3.416;4.619;20.98;27.02;27.1
388;3.416;4.62;20.98;27.13;27.21
389;3.416;4.619;20.98;27.13;27.21
390;3.415;4.62;20.98;27.13;27.31
391;3.415;4.62;20.98;27.13;27.31
392;3.415;4.619;20.98;27.13;26.89
393;3.414;4.62;20.98;27.34;27.31
394;3.414;4.619;21.08;27.23;27.31
395;3.414;4.62;21.08;27.55;27.42
396;3.413;4.62;20.98;27.23;27.42
397;3.413;4.62;20.98;27.34;27.42
398;3.413;4.62;20.98;27.23;27.42
399;3.412;4.62;20.98;27.34;27.42
400;3.412;4.62;20.98;27.02;27.53
401;3.412;4.62;21.08;27.34;27.42
402;3.411;4.62;20.98;27.23;27.53
403;3.411;4.62;20.98;27.34;27.53
404;3.411;4.62;20.98;27.44;27.42
405;3.41;4.62;20.98;27.55;27.64
406;3.41;4.62;20.98;27.34;27.64
407;3.41;4.62;20.98;27.44;27.53
408;3.409;4.62;21.08;27.44;27.85
409;3.409;4.62;20.98;27.44;27.53
410;3.409;4.62;21.08;27.44;27.85
411;3.408;4.62;20.98;27.44;27.74
412;3.408;4.62;20.98;27.55;27.64
413;3.408;4.62;21.08;27.76;27.64
414;3.407;4.62;21.08;27.44;27.64
415;3.407;4.62;20.98;27.55;27.64
416;3.407;4.62;20.98;27.65;27.64
417;3.406;4.62;21.08;27.55;27.74
418;3.406;4.62;21.08;27.65;27.74
419;3.406;4.62;20.98;27.65;27.74
420;3.405;4.62;20.98;27.76;27.74
421;3.405;4.619;20.98;27.65;27.74
422;3.404;4.62;20.98;27.65;27.85
423;3.404;4.62;20.98;27.55;27.74
424;3.404;4.62;20.98;27.65;27.85
425;3.403;4.62;20.98;27.76;27.96
426;3.403;4.62;20.87;27.76;27.85
427;3.403;4.62;20.98;27.76;28.06
428;3.402;4.62;20.98;27.76;27.96
429;3.402;4.619;20.87;27.86;27.96
430;3.401;4.62;20.98;27.76;27.64
431;3.401;4.62;20.98;27.86;27.85
432;3.401;4.62;20.98;27.86;27.96
433;3.4;4.62;20.87;27.86;27.96
434;3.4;4.62;20.98;27.86;27.96
435;3.4;4.62;20.87;27.97;28.06
436;3.399;4.62;20.98;27.97;28.17
437;3.399;4.62;20.98;27.86;28.06
438;3.399;4.62;20.87;27.97;28.06
439;3.398;4.62;20.87;27.97;28.17
440;3.398;4.62;20.98;27.97;28.17
441;3.397;4.62;20.98;27.97;28.17
442;3.397;4.62;20.98;28.08;28.06
443;3.397;4.62;20.98;28.08;28.39
444;3.396;4.62;20.98;28.18;28.17
445;3.396;4.62;20.98;28.08;28.28
446;3.396;4.62;20.98;28.18;28.17
447;3.395;4.62;20.98;28.18;28.28
448;3.395;4.62;20.98;27.76;28.28
449;3.395;4.62;20.98;28.08;28.28
450;3.394;4.62;20.87;28.18;28.28
451;3.394;4.62;20.98;28.08;28.28
452;3.394;4.62;20.98;28.18;28.39
453;3.393;4.62;20.98;28.18;28.28
454;3.393;4.62;20.98;28.18;28.28
455;3.393;4.62;20.87;27.23;28.39
456;3.392;4.62;21.08;28.29;28.28
457;3.392;4.62;20.98;28.29;28.39
458;3.392;4.62;20.98;28.29;28.39
459;3.391;4.62;20.98;28.29;28.39
460;3.391;4.62;20.98;28.39;28.28
461;3.39;4.62;20.98;28.29;28.28
462;3.39;4.62;20.98;28.29;28.5
463;3.39;4.62;20.98;28.29;28.5
464;3.389;4.62;20.87;28.39;28.39
465;3.389;4.62;20.87;28.39;28.5
466;3.389;4.62;20.98;28.39;28.39
467;3.388;4.62;20.87;28.5;28.39
468;3.388;4.62;20.87;28.6;28.5
469;3.388;4.62;20.87;28.18;28.5
470;3.387;4.62;20.87;28.39;28.5
471;3.387;4.62;20.87;28.5;28.39
472;3.387;4.62;20.98;28.5;28.5
473;3.386;4.62;20.87;28.18;28.39
474;3.386;4.62;20.87;28.5;29.69
475;3.386;4.62;20.87;28.5;28.6
476;3.385;4.62;20.87;28.5;28.6
477;3.385;4.62;20.87;28.5;28.5
478;3.384;4.62;20.87;28.6;28.17
479;3.384;4.62;20.98;28.6;28.6
480;3.384;4.62;20.87;28.92;28.82
481;3.384;4.62;20.87;28.6;28.82
482;3.383;4.62;20.87;28.29;28.71
483;3.383;4.62;20.87;28.6;28.6
484;3.382;4.62;20.87;28.6;28.28
485;3.382;4.62;20.87;28.6;28.6
486;3.382;4.62;21.08;28.6;28.93
487;3.381;4.62;20.87;28.6;28.71
488;3.381;4.62;20.87;28.71;28.71
489;3.381;4.62;20.87;28.71;28.82
490;3.38;4.62;20.87;28.82;28.71
491;3.38;4.62;20.87;28.6;28.82
492;3.38;4.62;20.87;28.71;28.82
493;3.379;4.62;20.87;28.71;28.82
494;3.379;4.62;20.87;28.82;28.71
495;3.379;4.62;20.87;28.82;27.42
496;3.378;4.62;20.87;28.82;28.93
497;3.378;4.62;20.87;28.82;28.82
498;3.378;4.62;20.87;28.82;29.8
499;3.377;4.62;20.87;28.82;28.93
500;3.377;4.62;20.98;28.82;28.93
501;3.377;4.62;20.87;28.71;28.93
502;3.376;4.62;20.87;28.92;29.37
503;3.376;4.62;20.87;28.92;28.93
504;3.376;4.62;20.87;28.92;29.04
505;3.375;4.62;20.87;28.92;29.04
506;3.375;4.62;20.87;28.92;29.04
507;3.375;4.62;20.87;28.82;29.04
508;3.374;4.62;20.87;28.92;28.82
509;3.374;4.62;20.87;29.03;29.15
510;3.374;4.62;20.98;28.92;29.04
511;3.373;4.62;20.87;29.03;29.04
512;3.373;4.62;20.98;29.14;29.15
513;3.373;4.62;20.87;29.03;29.04
514;3.372;4.62;20.87;29.03;29.15
515;3.372;4.62;20.87;29.03;29.15
516;3.371;4.62;20.87;29.14;29.15
517;3.371;4.62;20.87;29.03;29.15
518;3.371;4.62;20.98;29.14;29.15
519;3.37;4.62;20.98;29.14;29.26
520;3.37;4.62;20.98;29.14;29.15
521;3.37;4.62;20.87;29.14;29.26
522;3.369;4.62;20.98;28.29;29.26
523;3.369;4.62;20.87;29.14;27.64
524;3.369;4.62;20.87;29.24;29.15
525;3.368;4.62;20.87;29.24;29.26
526;3.368;4.62;20.87;29.03;29.37
527;3.368;4.62;20.87;28.71;29.47
528;3.367;4.62;20.87;29.24;29.37
529;3.367;4.62;20.87;29.35;29.15
530;3.367;4.62;20.87;29.24;29.47
531;3.366;4.62;20.87;29.35;29.26
532;3.366;4.62;20.87;29.24;29.37
533;3.365;4.62;20.87;29.56;29.15
534;3.365;4.62;20.87;29.35;29.47
535;3.365;4.62;20.87;29.35;29.37
536;3.365;4.62;20.87;29.24;29.47
537;3.364;4.62;20.87;29.35;29.69
538;3.364;4.62;20.87;29.35;29.47
539;3.363;4.62;20.87;29.56;29.69
540;3.363;4.62;20.87;29.35;29.47
541;3.363;4.62;20.87;29.35;29.37
542;3.362;4.62;20.87;29.67;29.47
543;3.362;4.62;20.87;29.35;29.91
544;3.362;4.62;20.87;29.35;29.47
545;3.361;4.62;20.87;29.46;29.58
546;3.361;4.62;20.87;29.24;29.47
547;3.361;4.619;20.98;29.56;29.58
548;3.36;4.62;20.87;29.46;29.15
549;3.36;4.62;20.87;29.56;29.91
550;3.36;4.62;20.87;29.56;29.58
551;3.359;4.62;20.87;29.46;29.58
552;3.359;4.62;20.87;29.46;29.8
553;3.358;4.62;20.87;29.56;29.69
554;3.358;4.62;20.87;29.88;29.58
555;3.358;4.62;20.87;29.56;29.69
556;3.358;4.62;20.87;29.78;29.69
557;3.357;4.62;20.87;29.56;29.58
558;3.357;4.62;20.77;29.67;29.69
559;3.357;4.62;20.87;29.56;29.69
560;3.356;4.62;20.87;29.67;29.69
561;3.356;4.62;20.87;29.67;29.8
562;3.355;4.62;20.77;29.67;29.69
563;3.355;4.62;20.87;29.56;29.69
564;3.355;4.62;20.87;29.78;29.8
565;3.354;4.62;20.77;29.78;29.91
566;3.354;4.62;20.77;29.78;29.8
567;3.354;4.62;20.77;29.67;29.8
568;3.353;4.62;20.87;29.78;29.8
569;3.353;4.62;20.77;29.67;29.91
570;3.353;4.62;20.77;29.88;29.8
571;3.352;4.62;20.77;29.78;29.8
572;3.352;4.62;20.87;29.78;29.91
573;3.352;4.62;20.77;29.78;30.02
574;3.351;4.62;20.87;29.78;29.91
575;3.351;4.62;20.87;29.78;30.13
576;3.35;4.62;20.77;29.88;29.91
577;3.35;4.62;20.87;29.67;29.8
578;3.35;4.62;20.77;29.88;30.02
579;3.35;4.62;20.77;29.99;29.8
580;3.349;4.62;20.77;29.88;29.91
581;3.349;4.62;20.87;29.88;29.91
582;3.349;4.62;20.87;29.78;29.91
583;3.348;4.62;20.87;29.88;30.47
584;3.348;4.62;20.77;29.88;29.58
585;3.348;4.62;20.77;29.99;30.02
586;3.347;4.62;20.57;29.88;29.91
587;3.347;4.62;20.77;29.88;30.13
588;3.347;4.62;20.77;28.71;29.91
589;3.346;4.62;20.77;29.99;30.02
590;3.346;4.62;20.87;29.99;30.02
591;3.346;4.62;20.77;29.99;29.69
592;3.345;4.62;20.77;29.99;30.13
593;3.345;4.62;20.77;30.1;30.24
594;3.345;4.62;20.77;29.99;30.69
595;3.344;4.62;20.77;29.99;30.13
596;3.344;4.62;20.87;30.1;30.02
597;3.343;4.62;20.77;29.99;30.13
598;3.343;4.62;20.87;30.1;30.24
599;3.343;4.62;20.77;28.5;30.13
600;3.342;4.62;20.87;30.1;30.13
601;3.342;4.62;20.87;30.21;30.36
602;3.342;4.62;20.87;30.1;30.24
603;3.341;4.62;20.87;30.1;30.13
604;3.341;4.62;20.87;30.21;30.24
605;3.341;4.62;20.87;30.32;30.36
606;3.34;4.62;20.87;30.21;30.36
607;3.34;4.62;20.87;30.21;30.47
608;3.34;4.62;20.87;30.21;30.47
609;3.339;4.62;20.87;30.32;30.36
610;3.339;4.62;20.77;30.21;30.02
611;3.339;4.62;20.77;30.21;30.24
612;3.338;4.62;20.87;30.21;30.36
613;3.338;4.62;20.87;30.42;30.36
614;3.338;4.62;20.77;30.21;30.36
615;3.337;4.62;20.87;30.32;30.47
616;3.337;4.62;20.87;30.32;30.58
617;3.337;4.62;20.87;30.32;30.58
618;3.336;4.62;20.87;30.21;30.47
619;3.336;4.62;20.87;30.32;30.47
620;3.336;4.62;20.87;30.32;30.36
621;3.335;4.62;20.87;30.32;30.47
622;3.335;4.62;20.87;30.21;30.47
623;3.335;4.62;20.77;30.32;30.47
624;3.334;4.62;20.77;30.42;30.58
625;3.334;4.62;20.77;30.32;30.58
626;3.334;4.62;20.77;30.42;30.47
627;3.333;4.62;20.77;30.53;30.47
628;3.333;4.62;20.77;30.42;30.47
629;3.333;4.62;20.77;30.42;30.47
630;3.332;4.62;20.87;30.32;30.69
631;3.332;4.62;20.87;30.42;31.02
632;3.332;4.62;20.87;30.53;30.8
633;3.331;4.62;20.87;30.53;30.69
634;3.331;4.62;20.87;30.53;30.69
635;3.331;4.62;20.77;30.42;30.58
636;3.33;4.62;20.77;30.42;30.58
637;3.33;4.62;20.77;30.53;30.58
638;3.33;4.62;20.77;30.53;30.58
639;3.329;4.62;20.77;30.53;30.36
640;3.329;4.62;20.77;30.64;30.69
641;3.329;4.62;20.77;30.53;30.58
642;3.328;4.62;20.77;30.53;30.58
643;3.328;4.62;20.77;30.53;30.69
644;3.328;4.62;20.77;30.53;29.26
645;3.327;4.62;20.77;30.64;30.8
646;3.327;4.62;20.87;30.64;30.69
647;3.327;4.62;20.77;30.75;30.69
648;3.326;4.62;20.77;30.64;30.8
649;3.326;4.62;20.77;30.53;30.91
650;3.325;4.62;20.77;30.64;30.69
651;3.325;4.62;20.77;30.75;30.69
652;3.325;4.62;20.77;30.64;30.8
653;3.325;4.62;20.77;30.75;30.69
654;3.324;4.62;20.98;30.75;30.69
655;3.324;4.62;20.77;30.64;31.02
656;3.324;4.62;20.87;30.86;30.8
657;3.323;4.62;20.77;30.86;30.8
658;3.323;4.62;20.87;30.75;30.91
659;3.323;4.62;20.87;30.64;30.8
660;3.322;4.62;20.87;30.53;30.8
661;3.322;4.62;20.87;30.75;30.8
662;3.321;4.62;20.77;30.64;30.8
663;3.321;4.62;20.87;30.86;30.91
664;3.321;4.62;20.87;30.86;30.91
665;3.32;4.62;20.77;30.75;30.91
666;3.32;4.62;20.87;30.75;30.91
667;3.32;4.62;20.87;30.75;31.13
668;3.319;4.62;20.77;30.21;30.8
669;3.319;4.62;20.87;30.86;30.69
670;3.319;4.62;20.87;30.86;30.91
671;3.318;4.62;20.87;30.86;31.02
672;3.318;4.62;20.87;30.86;32.04
673;3.318;4.62;20.87;30.96;30.8
674;3.317;4.62;20.87;30.86;30.91
675;3.317;4.62;20.87;30.75;31.02
676;3.317;4.62;20.87;30.86;31.02
677;3.316;4.62;20.87;30.86;30.8
678;3.316;4.62;20.87;31.07;31.02
679;3.316;4.62;20.87;30.96;31.13
680;3.315;4.62;20.87;30.86;31.25
681;3.315;4.62;20.87;30.86;31.02
682;3.315;4.62;20.87;30.96;31.25
683;3.314;4.62;20.87;30.96;31.02
684;3.314;4.62;20.87;30.96;31.13
685;3.313;4.62;20.87;31.29;31.13
686;3.313;4.62;20.87;31.07;31.13
687;3.313;4.62;20.87;31.07;31.25
688;3.312;4.62;20.87;31.07;31.13
689;3.312;4.62;20.87;30.96;30.91
690;3.312;4.62;20.87;31.07;31.25
691;3.311;4.62;20.87;31.18;31.36
692;3.311;4.62;20.87;30.86;30.58
693;3.311;4.62;20.87;31.29;31.25
694;3.31;4.62;20.87;31.07;31.02
695;3.31;4.62;20.87;31.07;31.13
696;3.31;4.62;20.77;31.07;31.25
697;3.309;4.62;20.98;31.07;31.02
698;3.309;4.62;20.87;31.07;31.13
699;3.309;4.62;20.87;31.18;31.13
700;3.308;4.62;20.87;31.07;31.13
701;3.308;4.62;20.87;31.07;31.25
702;3.307;4.62;20.87;31.07;31.13
703;3.307;4.62;20.87;31.07;31.25
704;3.307;4.62;20.87;31.07;31.25
705;3.306;4.62;20.87;31.18;31.25
706;3.306;4.62;20.87;31.18;31.25
707;3.306;4.62;20.87;31.07;31.36
708;3.305;4.62;20.98;31.18;31.25
709;3.305;4.62;20.98;31.18;31.02
710;3.305;4.62;20.87;31.95;31.25
711;3.304;4.62;20.87;31.29;31.25
712;3.304;4.62;20.87;31.18;31.36
713;3.303;4.62;20.87;31.29;31.25
714;3.303;4.62;20.87;31.29;31.36
715;3.303;4.62;20.87;31.29;31.25
716;3.302;4.62;20.87;31.29;31.25
717;3.302;4.62;20.87;31.29;31.25
718;3.301;4.62;20.87;31.29;31.36
719;3.301;4.62;20.87;31.29;31.36
720;3.301;4.62;20.87;31.18;31.47
721;3.3;4.62;20.87;31.29;31.47
722;3.3;4.62;20.98;31.4;31.58
723;3.3;4.62;20.87;31.29;31.36
724;3.299;4.62;20.87;31.4;31.25
725;3.299;4.62;20.87;31.4;31.36
726;3.299;4.62;20.87;31.18;31.36
727;3.298;4.62;20.87;31.18;31.47
728;3.298;4.62;20.87;31.29;31.58
729;3.298;4.62;20.87;31.4;31.47
730;3.297;4.62;20.87;31.29;31.47
731;3.297;4.62;20.87;31.29;31.47
732;3.296;4.62;20.87;31.4;31.7
733;3.296;4.62;20.87;31.4;31.47
734;3.296;4.62;20.87;31.51;31.58
735;3.295;4.62;20.87;31.62;31.58
736;3.295;4.62;20.87;31.4;31.47
737;3.295;4.62;20.87;31.4;31.58
738;3.294;4.62;20.87;31.51;31.58
739;3.294;4.62;20.87;31.62;31.7
740;3.294;4.62;20.98;31.4;31.47
741;3.293;4.62;20.87;31.51;31.58
742;3.293;4.62;20.87;31.51;31.58
743;3.292;4.62;20.87;31.51;31.25
744;3.292;4.62;20.87;31.73;31.58
745;3.292;4.62;20.87;31.51;31.7
746;3.291;4.62;20.87;31.4;31.58
747;3.291;4.62;20.87;31.62;31.81
748;3.291;4.62;20.87;31.62;31.7
749;3.29;4.62;20.87;31.51;31.7
750;3.29;4.62;20.87;31.62;31.7
751;3.289;4.62;20.87;31.62;31.7
752;3.289;4.62;20.77;31.51;31.7
753;3.289;4.62;20.77;31.51;31.81
754;3.288;4.62;20.87;31.62;31.7
755;3.288;4.62;20.67;31.62;31.7
756;3.287;4.62;20.87;31.73;31.92
757;3.287;4.62;20.87;31.73;31.81
758;3.287;4.619;20.87;31.4;31.7
759;3.286;4.62;20.77;31.62;31.7
760;3.286;4.62;20.77;31.62;31.81
761;3.286;4.62;20.87;31.62;31.58
762;3.285;4.62;20.77;32.61;31.81
763;3.285;4.62;20.87;31.73;31.58
764;3.284;4.62;20.77;31.62;31.81
765;3.284;4.62;20.77;31.62;31.81
766;3.284;4.62;20.77;32.39;31.81
767;3.283;4.62;20.77;31.73;31.7
768;3.283;4.62;20.77;31.73;31.81
769;3.283;4.62;20.87;31.73;31.58
770;3.282;4.62;20.87;31.73;31.92
771;3.282;4.62;20.87;31.84;31.47
772;3.282;4.62;20.87;31.84;31.81
773;3.281;4.62;20.87;31.73;31.81
774;3.281;4.62;20.87;31.84;31.92
775;3.28;4.62;20.77;31.62;31.81
776;3.28;4.62;20.77;31.84;31.81
777;3.28;4.62;20.77;31.73;31.92
778;3.279;4.62;20.77;31.84;31.92
779;3.279;4.62;20.77;31.62;31.92
780;3.279;4.62;20.77;31.84;32.15
781;3.278;4.62;20.87;31.84;32.15
782;3.278;4.62;20.77;31.73;31.92
783;3.277;4.62;20.77;31.84;31.92
784;3.277;4.62;20.77;31.73;32.04
785;3.277;4.62;20.77;31.84;32.04
786;3.276;4.62;20.87;31.84;32.15
787;3.276;4.62;20.77;31.84;32.04
788;3.275;4.62;20.77;31.84;31.92
789;3.275;4.62;20.77;31.84;32.04
790;3.275;4.62;20.77;31.84;32.15
791;3.274;4.62;20.87;31.84;32.04
792;3.274;4.62;20.77;31.95;32.04
793;3.273;4.62;20.87;31.95;32.26
794;3.273;4.62;20.87;31.95;32.04
795;3.273;4.62;20.77;32.17;32.04
796;3.272;4.62;20.87;31.29;32.04
797;3.272;4.62;20.77;31.95;32.04
798;3.271;4.62;20.87;32.06;32.04
799;3.271;4.62;20.87;31.95;32.04
800;3.271;4.62;20.87;31.95;31.7
801;3.27;4.62;20.77;32.06;32.26
802;3.27;4.62;20.87;32.06;32.15
803;3.27;4.62;20.87;32.06;32.15
804;3.269;4.62;20.77;32.06;32.26
805;3.269;4.619;20.87;32.06;32.26
806;3.268;4.62;20.87;32.06;32.15
807;3.268;4.62;20.87;32.06;32.15
808;3.268;4.62;20.87;32.06;32.26
809;3.267;4.62;20.98;32.28;32.15
810;3.267;4.62;20.87;32.06;32.26
811;3.266;4.62;20.87;32.17;32.15
812;3.266;4.62;20.87;32.06;32.26
813;3.266;4.62;20.87;32.17;32.26
814;3.265;4.62;20.87;32.06;32.38
815;3.265;4.62;20.87;32.17;32.26
816;3.265;4.62;20.87;32.17;32.26
817;3.264;4.62;20.87;32.17;32.38
818;3.264;4.62;20.87;31.62;32.15
819;3.263;4.62;20.87;31.95;32.38
820;3.263;4.62;20.87;32.17;32.04
821;3.262;4.62;20.87;32.28;32.38
822;3.262;4.62;20.87;32.17;32.26
823;3.262;4.62;20.77;32.17;32.26
824;3.261;4.62;20.87;32.06;32.49
825;3.261;4.62;20.87;32.28;32.61
826;3.261;4.62;20.87;32.39;32.38
827;3.26;4.62;20.87;32.28;32.38
828;3.26;4.62;20.87;32.28;32.15
829;3.259;4.62;20.87;32.28;32.38
830;3.259;4.62;20.87;32.17;32.38
831;3.259;4.62;20.98;32.28;32.26
832;3.258;4.62;20.87;32.28;32.38
833;3.258;4.62;21.08;32.39;32.26
834;3.257;4.62;20.77;32.39;32.38
835;3.257;4.62;20.87;32.28;32.38
836;3.257;4.62;20.87;32.28;32.38
837;3.256;4.62;20.87;32.28;32.38
838;3.256;4.62;20.77;32.28;32.26
839;3.255;4.62;20.87;32.39;32.49
840;3.255;4.62;20.87;32.28;32.38
841;3.254;4.62;20.77;32.5;32.49
842;3.254;4.62;20.77;32.39;32.49
843;3.254;4.62;20.77;32.39;32.49
844;3.253;4.62;20.77;32.39;32.26
845;3.253;4.62;20.87;32.39;32.38
846;3.252;4.62;20.87;32.5;32.49
847;3.252;4.62;20.77;32.5;32.38
848;3.252;4.62;20.87;32.39;32.49
849;3.251;4.62;20.77;32.5;32.49
850;3.251;4.62;20.77;32.5;32.49
851;3.25;4.62;20.77;32.5;32.49
852;3.25;4.62;20.87;32.5;32.49
853;3.25;4.62;20.77;32.5;32.49
854;3.249;4.62;20.87;32.61;32.49
855;3.249;4.62;21.28;32.39;32.49
856;3.248;4.62;20.77;32.5;32.49
857;3.248;4.62;20.87;32.5;32.72
858;3.248;4.62;20.87;32.5;32.38
859;3.247;4.62;20.77;32.5;32.26
860;3.247;4.62;20.87;32.39;32.49
861;3.246;4.62;20.87;32.83;32.61
862;3.246;4.62;20.77;32.5;32.49
863;3.246;4.62;20.77;32.5;32.49
864;3.245;4.62;20.77;32.5;32.26
865;3.245;4.62;20.77;32.72;32.49
866;3.244;4.62;20.77;32.72;32.61
867;3.244;4.62;20.77;32.61;32.49
868;3.244;4.62;20.77;32.61;32.49
869;3.243;4.62;20.77;32.61;32.61
870;3.243;4.62;20.77;32.61;32.61
871;3.242;4.62;20.87;32.61;32.61
872;3.242;4.62;20.77;32.72;32.49
873;3.242;4.62;20.77;32.61;32.49
874;3.241;4.62;20.77;32.61;32.72
875;3.241;4.62;20.87;32.5;32.26
876;3.24;4.62;20.77;32.72;32.72
877;3.24;4.62;20.77;32.61;32.61
878;3.24;4.62;20.77;32.61;32.61
879;3.239;4.62;20.77;32.61;32.61
880;3.239;4.62;20.87;32.72;32.61
881;3.238;4.62;20.77;32.83;32.61
882;3.238;4.62;20.77;32.72;32.61
883;3.238;4.62;20.77;32.28;32.83
884;3.237;4.62;20.77;32.06;32.61
885;3.237;4.62;20.77;32.72;32.61
886;3.236;4.62;20.77;32.72;32.26
887;3.236;4.62;20.77;32.72;32.83
888;3.236;4.62;20.77;32.72;32.61
889;3.235;4.62;20.77;32.72;32.72
890;3.235;4.62;20.77;32.72;32.49
891;3.234;4.62;20.87;32.94;32.83
892;3.234;4.62;20.87;32.72;32.72
893;3.234;4.62;20.87;32.72;32.15
894;3.233;4.62;20.87;32.83;32.61
895;3.233;4.62;20.87;32.72;32.61
896;3.232;4.62;20.87;32.72;32.61
897;3.232;4.62;20.87;32.72;32.83
898;3.232;4.62;20.87;32.72;32.72
899;3.231;4.62;20.87;32.72;32.61
900;3.231;4.62;20.87;33.05;32.61
901;3.23;4.62;20.87;32.83;32.26
902;3.23;4.62;20.98;32.94;32.49
903;3.23;4.62;20.87;32.83;32.72
904;3.229;4.62;20.87;32.83;32.95
905;3.229;4.62;20.87;32.72;32.61
906;3.228;4.62;20.87;32.83;32.72
907;3.228;4.62;20.87;32.72;32.72
908;3.227;4.62;20.87;32.72;32.83
909;3.227;4.62;20.87;32.72;32.61
910;3.227;4.62;20.87;32.83;32.83
911;3.226;4.62;20.87;32.61;32.83
912;3.226;4.62;20.87;32.72;32.72
913;3.225;4.62;20.98;32.72;32.38
914;3.225;4.62;20.98;32.83;32.83
915;3.225;4.62;20.98;32.83;32.83
916;3.224;4.62;20.98;32.83;32.83
917;3.224;4.62;20.98;32.83;32.83
918;3.223;4.62;20.98;32.94;32.83
919;3.223;4.62;20.98;32.83;32.83
920;3.223;4.62;20.98;32.61;32.83
921;3.222;4.62;20.98;32.83;33.41
922;3.222;4.62;20.98;32.83;32.83
923;3.221;4.62;20.98;32.83;32.61
924;3.221;4.62;20.98;32.72;32.95
925;3.22;4.62;20.87;32.83;32.95
926;3.22;4.62;20.87;33.05;32.83
927;3.22;4.62;20.98;32.83;32.72
928;3.219;4.62;20.98;32.83;32.95
929;3.219;4.62;20.98;32.83;32.95
930;3.218;4.62;20.98;32.83;33.06
931;3.218;4.62;20.87;32.94;33.29
932;3.218;4.62;20.98;32.83;32.72
933;3.217;4.62;20.87;32.94;32.95
934;3.217;4.62;20.87;32.94;32.83
935;3.216;4.62;20.98;32.94;32.95
936;3.216;4.62;20.87;33.05;32.95
937;3.216;4.62;21.18;32.83;32.95
938;3.215;4.62;20.87;32.83;32.95
939;3.215;4.62;20.98;33.16;32.83
940;3.214;4.62;20.87;32.94;32.95
941;3.214;4.62;20.98;32.83;33.06
942;3.213;4.62;20.87;32.83;33.06
943;3.213;4.62;20.87;32.94;33.18
944;3.213;4.62;20.87;32.83;32.95
945;3.212;4.619;20.87;32.94;33.06
946;3.212;4.62;20.87;32.5;33.06
947;3.211;4.62;20.87;32.94;33.06
948;3.211;4.62;20.98;32.94;34.58
949;3.21;4.62;20.87;32.83;33.06
950;3.21;4.62;20.87;32.94;32.72
951;3.21;4.62;20.87;33.05;33.18
952;3.209;4.62;20.87;34.06;33.29
953;3.209;4.62;20.87;33.05;33.06
954;3.208;4.62;20.87;32.94;33.06
955;3.208;4.62;20.98;33.05;32.72
956;3.208;4.62;20.98;32.94;33.29
957;3.207;4.62;20.87;33.05;33.06
958;3.207;4.62;20.98;32.94;33.18
959;3.206;4.62;20.98;33.16;33.18
960;3.206;4.62;20.98;33.27;33.18
961;3.205;4.62;20.98;33.05;33.06
962;3.205;4.62;20.98;33.05;33.29
963;3.205;4.62;20.98;33.05;33.06
964;3.204;4.62;20.98;33.05;32.95
965;3.204;4.62;21.08;33.05;33.06
966;3.203;4.62;20.98;33.16;33.06
967;3.203;4.62;21.08;32.94;33.18
968;3.203;4.62;20.98;33.05;33.06
969;3.202;4.62;21.08;33.05;33.18
970;3.202;4.62;21.08;33.05;33.29
971;3.201;4.62;21.08;33.16;33.06
972;3.201;4.62;21.08;32.61;33.06
973;3.2;4.62;20.98;31.84;33.06
974;3.2;4.62;21.38;33.05;33.06
975;3.2;4.62;21.08;32.94;33.18
976;3.199;4.62;21.08;33.05;33.18
977;3.199;4.62;21.08;33.05;33.06
978;3.198;4.62;21.08;33.05;33.18
979;3.198;4.62;21.08;33.05;33.18
980;3.198;4.62;20.98;33.05;33.18
981;3.197;4.62;21.08;33.05;32.72
982;3.197;4.62;21.08;32.94;33.18
983;3.196;4.62;21.08;32.94;33.18
984;3.196;4.62;21.08;33.05;33.18
985;3.196;4.62;21.18;33.05;33.18
986;3.195;4.62;21.18;33.16;33.18
987;3.195;4.62;21.08;33.05;33.18
988;3.194;4.62;21.18;33.05;33.29
989;3.194;4.62;21.18;33.05;33.29
990;3.193;4.62;21.18;33.27;33.29
991;3.193;4.62;21.18;33.16;33.29
992;3.193;4.62;21.18;33.16;33.29
993;3.192;4.62;21.18;33.16;33.29
994;3.192;4.62;21.18;33.16;33.29
995;3.191;4.62;21.28;33.27;33.18
996;3.191;4.62;21.18;33.05;33.29
997;3.191;4.62;21.18;33.27;33.41
998;3.19;4.62;21.18;33.16;33.29
999;3.19;4.62;21.18;32.94;33.41
1000;3.189;4.62;21.18;33.16;33.41
1001;3.189;4.62;21.18;33.05;33.41
1002;3.188;4.62;21.18;33.27;33.41
1003;3.188;4.62;21.18;33.16;33.41
1004;3.188;4.62;21.18;33.38;33.41
1005;3.187;4.62;21.18;32.94;33.41
1006;3.187;4.62;21.18;33.27;33.29
1007;3.186;4.62;21.18;33.27;33.41
1008;3.186;4.62;21.18;33.27;33.53
1009;3.186;4.62;21.18;33.27;33.41
1010;3.185;4.62;21.18;33.27;33.76
1011;3.185;4.62;21.18;33.27;33.53
1012;3.184;4.62;21.18;33.27;33.87
1013;3.184;4.62;21.18;33.38;33.87
1014;3.184;4.62;21.18;33.72;33.53
1015;3.183;4.62;21.18;33.27;33.53
1016;3.183;4.62;21.18;33.38;33.53
1017;3.182;4.62;21.28;33.16;34.23
1018;3.182;4.62;21.18;33.5;33.53
1019;3.181;4.62;21.18;33.5;33.06
1020;3.181;4.62;21.18;33.38;33.53
1021;3.181;4.62;21.18;33.38;33.41
1022;3.18;4.62;21.18;33.38;33.53
1023;3.18;4.62;21.28;33.38;33.64
1024;3.179;4.62;21.18;33.27;33.53
1025;3.179;4.62;21.18;33.38;33.76
1026;3.179;4.62;21.18;33.61;33.53
1027;3.178;4.62;21.18;33.38;33.76
1028;3.178;4.62;21.18;33.5;33.64
1029;3.177;4.62;21.18;33.5;33.53
1030;3.177;4.62;21.18;33.38;33.41
1031;3.177;4.62;21.18;33.61;33.64
1032;3.176;4.62;21.18;33.5;33.64
1033;3.176;4.62;21.18;33.5;33.64
1034;3.175;4.62;21.18;33.38;33.41
1035;3.175;4.62;21.18;33.5;33.87
1036;3.174;4.62;21.18;33.5;33.64
1037;3.174;4.62;21.18;33.5;33.76
1038;3.174;4.62;21.18;33.5;33.64
1039;3.173;4.62;21.18;33.5;33.76
1040;3.173;4.62;21.18;33.61;33.87
1041;3.172;4.62;21.18;33.83;33.64
1042;3.172;4.62;21.08;33.38;33.76
1043;3.172;4.62;21.18;33.72;33.76
1044;3.171;4.62;21.08;33.72;33.64
1045;3.171;4.62;21.08;33.72;33.76
1046;3.17;4.62;21.08;33.61;33.64
1047;3.17;4.62;21.08;33.61;33.76
1048;3.17;4.62;21.08;33.61;33.76
1049;3.169;4.62;21.08;33.72;33.99
1050;3.169;4.62;21.18;33.83;33.76
1051;3.168;4.62;21.18;33.72;33.76
1052;3.168;4.62;21.08;33.72;33.99
1053;3.167;4.62;21.08;33.72;33.87
1054;3.167;4.62;21.08;33.72;33.87
1055;3.167;4.62;21.08;33.72;33.76
1056;3.166;4.62;21.08;33.61;33.87
1057;3.166;4.62;21.08;33.94;33.87
1058;3.165;4.62;21.08;33.72;33.06
1059;3.165;4.62;21.08;33.72;33.87
1060;3.165;4.62;21.08;33.72;33.76
1061;3.164;4.62;21.08;33.72;33.87
1062;3.164;4.62;21.18;33.94;34.11
1063;3.163;4.62;21.18;33.61;33.99
1064;3.163;4.62;21.28;33.83;33.87
1065;3.162;4.62;21.08;33.83;33.87
1066;3.162;4.62;21.08;33.83;33.87
1067;3.162;4.62;21.08;33.72;33.76
1068;3.161;4.62;21.18;33.83;33.64
1069;3.161;4.62;21.08;33.83;33.64
1070;3.16;4.62;21.18;33.72;33.87
1071;3.16;4.619;21.08;33.72;33.76
1072;3.16;4.62;21.08;34.06;33.87
1073;3.159;4.62;21.08;34.17;33.87
1074;3.159;4.62;21.18;33.83;33.99
1075;3.159;4.62;21.08;33.83;33.99
1076;3.158;4.62;21.08;34.17;33.99
1077;3.158;4.62;21.08;33.83;33.99
1078;3.157;4.62;21.08;33.72;33.99
1079;3.157;4.62;21.08;33.83;33.99
1080;3.156;4.62;21.08;33.94;33.99
1081;3.156;4.62;21.08;33.94;33.99
1082;3.156;4.62;21.08;33.94;34.11
1083;3.155;4.62;21.08;33.94;33.99
1084;3.155;4.62;21.08;33.94;33.76
1085;3.154;4.62;21.08;33.94;34.11
1086;3.154;4.62;20.98;34.06;33.99
1087;3.154;4.62;21.08;34.06;33.87
1088;3.153;4.62;20.98;34.28;34.11
1089;3.153;4.62;21.08;34.06;34.11
1090;3.152;4.62;20.98;33.94;33.87
1091;3.152;4.62;20.98;34.06;34.11
1092;3.152;4.62;20.98;33.94;33.99
1093;3.151;4.62;20.98;34.06;34.11
1094;3.151;4.62;21.08;34.06;34.34
1095;3.15;4.62;21.08;34.17;34.11
1096;3.15;4.62;20.98;34.06;35.05
1097;3.15;4.62;20.98;34.96;34.11
1098;3.149;4.62;20.98;34.06;34.23
1099;3.149;4.62;20.98;34.06;34.23
1100;3.148;4.62;20.98;34.17;34.23
1101;3.148;4.62;20.98;34.06;34.11
1102;3.148;4.62;21.08;34.06;34.11
1103;3.147;4.62;20.98;34.17;34.23
1104;3.147;4.62;20.98;34.17;34.23
1105;3.146;4.62;20.98;34.06;34.46
1106;3.146;4.62;20.98;34.28;35.41
1107;3.146;4.62;20.98;33.94;34.11
1108;3.145;4.62;20.98;34.17;34.23
1109;3.145;4.62;20.98;34.06;35.77
1110;3.145;4.62;20.98;34.17;34.23
1111;3.144;4.62;20.98;34.17;34.46
1112;3.144;4.62;20.98;34.28;34.34
1113;3.143;4.62;20.98;34.17;34.23
1114;3.143;4.62;20.98;34.17;34.34
1115;3.143;4.62;20.98;34.17;34.34
1116;3.142;4.62;20.98;34.17;34.34
1117;3.142;4.62;20.98;34.17;34.34
1118;3.141;4.62;20.98;34.28;34.34
1119;3.141;4.62;20.98;34.17;34.34
1120;3.141;4.62;20.98;34.17;34.34
1121;3.14;4.62;20.98;34.28;32.38
1122;3.14;4.62;20.98;34.17;34.34
1123;3.139;4.62;21.08;34.28;34.34
1124;3.139;4.62;20.98;34.28;34.34
1125;3.139;4.62;20.98;34.17;34.34
1126;3.138;4.62;20.98;34.28;34.46
1127;3.138;4.62;21.08;34.51;34.46
1128;3.138;4.62;20.98;34.28;34.23
1129;3.137;4.62;21.08;34.28;34.34
1130;3.137;4.62;21.08;34.28;36.13
1131;3.136;4.62;21.08;34.28;34.34
1132;3.136;4.62;21.08;34.28;34.34
1133;3.136;4.62;21.08;34.28;34.58
1134;3.135;4.62;21.08;34.17;34.46
1135;3.135;4.62;21.08;34.4;34.46
1136;3.135;4.62;21.08;34.28;34.23
1137;3.134;4.62;21.08;34.4;34.46
1138;3.134;4.62;21.08;34.28;34.46
1139;3.133;4.62;21.08;34.4;34.34
1140;3.133;4.62;21.08;34.4;34.7
1141;3.133;4.62;21.08;34.4;34.46
1142;3.132;4.62;21.08;34.4;34.46
1143;3.132;4.62;21.08;34.4;34.46
1144;3.131;4.62;21.08;34.4;33.18
1145;3.131;4.62;21.08;34.4;34.46
1146;3.131;4.62;21.08;34.4;34.58
1147;3.13;4.62;21.08;34.28;34.7
1148;3.13;4.62;21.18;34.4;34.34
1149;3.13;4.62;21.08;34.4;34.7
1150;3.129;4.62;21.08;34.28;34.46
1151;3.129;4.62;21.18;34.4;34.46
1152;3.128;4.62;21.18;34.4;34.7
1153;3.128;4.62;21.18;34.62;34.46
1154;3.128;4.62;21.18;34.4;34.58
1155;3.127;4.619;21.18;34.96;34.58
1156;3.127;4.62;21.28;34.4;34.46
1157;3.127;4.62;21.18;34.4;34.7
1158;3.126;4.619;21.18;34.4;34.58
1159;3.126;4.62;21.18;34.4;34.7
1160;3.125;4.62;21.18;34.4;34.7
1161;3.125;4.62;21.18;34.4;34.58
1162;3.125;4.62;21.08;34.4;34.46
1163;3.124;4.62;21.18;34.51;34.7
1164;3.124;4.62;21.08;34.4;34.58
1165;3.124;4.62;21.18;34.4;34.46
1166;3.123;4.619;21.18;34.51;34.7
1167;3.123;4.62;21.08;34.51;34.81
1168;3.122;4.62;21.18;34.28;34.7
1169;3.122;4.62;21.08;34.51;35.17
1170;3.122;4.62;21.18;34.51;34.7
1171;3.121;4.62;21.18;34.4;34.7
1172;3.121;4.62;21.18;34.51;34.81
1173;3.121;4.62;21.08;34.62;34.7
1174;3.12;4.62;21.08;34.51;34.58
1175;3.12;4.62;21.08;34.51;34.81
1176;3.119;4.62;21.08;34.62;34.81
1177;3.119;4.62;21.08;34.62;34.7
1178;3.119;4.62;21.08;34.51;34.7
1179;3.118;4.62;21.08;34.62;34.7
1180;3.118;4.62;21.08;34.51;34.7
1181;3.118;4.62;21.18;34.62;34.7
1182;3.117;4.62;21.08;34.62;34.81
1183;3.117;4.62;21.18;34.62;34.58
1184;3.116;4.62;21.08;34.62;34.81
1185;3.116;4.62;21.18;34.62;34.81
1186;3.116;4.62;21.18;34.74;35.05
1187;3.115;4.62;21.18;34.62;34.81
1188;3.115;4.62;21.18;34.62;34.7
1189;3.115;4.62;21.18;34.96;35.05
1190;3.114;4.62;21.28;34.74;34.81
1191;3.114;4.62;21.08;34.62;34.81
1192;3.114;4.62;21.18;34.74;34.81
1193;3.113;4.62;21.18;34.74;34.93
1194;3.113;4.62;21.18;34.74;34.93
1195;3.112;4.62;21.18;34.74;34.81
1196;3.112;4.62;21.18;34.74;34.7
1197;3.112;4.62;21.18;34.85;34.81
1198;3.111;4.62;21.18;35.19;34.93
1199;3.111;4.62;21.08;34.74;35.05
1200;3.111;4.62;21.28;34.74;35.17
1201;3.11;4.62;21.18;34.74;35.05
1202;3.11;4.62;21.08;34.74;34.93
1203;3.109;4.62;21.18;34.17;34.93
1204;3.109;4.62;21.18;34.85;34.93
1205;3.109;4.62;21.18;34.85;34.7
1206;3.108;4.62;21.18;34.74;35.29
1207;3.108;4.62;21.18;34.85;35.05
1208;3.108;4.62;21.18;34.85;35.05
1209;3.107;4.62;21.18;34.85;35.05
1210;3.107;4.62;21.18;34.85;35.05
1211;3.107;4.62;21.08;34.74;35.41
1212;3.106;4.62;21.18;34.85;34.93
1213;3.106;4.62;21.08;34.85;35.17
1214;3.106;4.62;21.08;34.85;35.17
1215;3.105;4.62;21.08;35.08;35.05
1216;3.105;4.62;21.08;35.08;35.05
1217;3.105;4.62;21.08;34.96;34.93
1218;3.104;4.62;21.08;34.96;34.81
1219;3.104;4.62;21.08;34.85;34.93
1220;3.103;4.62;21.08;35.08;35.05
1221;3.103;4.62;21.18;34.96;35.05
1222;3.103;4.62;21.08;34.96;34.81
1223;3.102;4.62;21.18;34.85;35.05
1224;3.102;4.62;21.08;34.96;35.29
1225;3.102;4.62;21.08;35.08;35.05
1226;3.101;4.62;21.08;34.96;35.41
1227;3.101;4.62;21.08;35.08;34.7
1228;3.101;4.62;21.08;35.08;35.05
1229;3.1;4.62;21.08;35.08;35.17
1230;3.1;4.62;21.08;34.96;35.17
1231;3.099;4.62;21.08;35.08;35.41
1232;3.099;4.62;21.08;35.3;34.93
1233;3.099;4.62;21.08;35.08;35.17
1234;3.098;4.62;21.08;35.08;36.25
1235;3.098;4.62;21.08;35.08;35.17
1236;3.098;4.62;21.08;35.08;35.17
1237;3.097;4.62;21.08;35.19;35.17
1238;3.097;4.62;21.18;35.08;35.05
1239;3.097;4.62;21.08;34.96;35.17
1240;3.096;4.62;21.08;35.08;35.29
1241;3.096;4.62;21.18;35.08;35.17
1242;3.096;4.62;21.08;35.19;35.29
1243;3.095;4.62;21.08;34.74;35.17
1244;3.095;4.62;21.18;35.19;35.17
1245;3.095;4.62;21.08;34.96;35.17
1246;3.094;4.62;21.08;35.42;35.89
1247;3.094;4.62;21.08;35.19;35.29
1248;3.094;4.62;21.08;35.3;35.29
1249;3.093;4.62;21.08;35.19;35.41
1250;3.093;4.62;21.08;35.19;35.29
1251;3.093;4.62;20.98;35.19;35.29
1252;3.092;4.62;21.08;35.19;35.29
1253;3.092;4.62;21.08;35.19;35.29
1254;3.092;4.62;21.08;35.42;35.29
1255;3.091;4.62;21.08;35.19;35.41
1256;3.091;4.62;21.18;35.19;35.41
1257;3.091;4.62;21.18;35.19;35.29
1258;3.09;4.62;21.08;35.19;35.29
1259;3.09;4.62;21.08;35.3;35.41
1260;3.089;4.62;21.08;35.19;35.41
1261;3.089;4.62;21.08;35.3;35.29
1262;3.089;4.62;21.08;35.19;35.29
1263;3.088;4.62;21.18;35.3;35.77
1264;3.088;4.62;21.08;35.3;35.41
1265;3.088;4.62;21.08;35.3;35.29
1266;3.087;4.62;21.18;35.3;35.41
1267;3.087;4.62;21.08;35.42;35.17
1268;3.087;4.62;21.08;35.3;35.41
1269;3.086;4.62;21.08;35.53;35.29
1270;3.086;4.62;21.08;35.3;35.29
1271;3.086;4.62;21.08;35.3;34.81
1272;3.085;4.62;21.18;35.3;35.53
1273;3.085;4.62;21.08;35.08;35.29
1274;3.085;4.62;21.08;35.42;35.41
1275;3.084;4.62;21.18;35.42;35.29
1276;3.084;4.62;21.18;35.3;35.41
1277;3.084;4.62;21.08;35.3;35.41
1278;3.083;4.62;21.18;35.3;35.53
1279;3.083;4.62;21.08;35.19;35.41
1280;3.083;4.62;21.08;35.42;35.41
1281;3.082;4.619;21.08;35.42;35.41
1282;3.082;4.619;21.08;35.65;35.41
1283;3.082;4.62;21.18;35.42;35.29
1284;3.081;4.62;21.18;35.42;35.41
1285;3.081;4.62;21.18;35.42;35.41
1286;3.081;4.62;21.18;35.42;35.41
1287;3.081;4.619;21.18;35.53;35.41
1288;3.08;4.62;21.08;35.53;35.41
1289;3.08;4.62;21.18;35.42;35.41
1290;3.08;4.62;21.08;35.42;35.41
1291;3.079;4.62;21.08;35.42;35.53
1292;3.079;4.62;21.18;35.3;35.41
1293;3.078;4.62;21.18;35.53;35.53
1294;3.078;4.62;21.08;35.53;35.29
1295;3.078;4.62;21.18;35.42;35.17
1296;3.078;4.62;21.08;35.42;35.77
1297;3.077;4.62;21.08;35.19;35.65
1298;3.077;4.62;21.08;35.42;35.53
1299;3.077;4.62;21.18;35.42;34.81
1300;3.076;4.62;21.08;35.53;35.29
1301;3.076;4.62;21.18;35.53;35.53
1302;3.076;4.62;21.08;35.42;35.53
1303;3.075;4.62;21.08;35.76;35.17
1304;3.075;4.62;21.08;35.53;35.65
1305;3.075;4.62;21.18;35.53;35.53
1306;3.074;4.62;21.08;35.53;37.23
1307;3.074;4.62;21.08;35.42;35.53
1308;3.074;4.62;21.08;35.65;35.53
1309;3.073;4.62;21.08;35.53;35.53
1310;3.073;4.62;21.08;35.53;35.53
1311;3.073;4.62;21.08;35.53;35.89
1312;3.072;4.62;21.08;35.19;35.65
1313;3.072;4.62;21.08;35.53;35.65
1314;3.072;4.62;21.08;35.53;35.77
1315;3.071;4.62;21.08;35.65;35.65
1316;3.071;4.62;21.18;35.53;35.77
1317;3.071;4.62;21.08;35.53;35.65
1318;3.07;4.62;21.08;35.53;35.65
1319;3.07;4.62;21.08;35.53;35.65
1320;3.07;4.62;21.08;35.76;35.65
1321;3.069;4.62;20.87;35.53;35.65
1322;3.069;4.62;21.18;35.42;35.65
1323;3.069;4.62;21.08;35.65;35.53
1324;3.068;4.62;21.08;35.19;35.29
1325;3.068;4.62;21.08;35.53;35.89
1326;3.068;4.62;21.08;35.53;35.53
1327;3.068;4.62;21.08;36.34;35.65
1328;3.067;4.62;21.08;35.53;35.65
1329;3.067;4.62;21.08;35.53;35.65
1330;3.067;4.62;21.08;35.65;35.89
1331;3.066;4.62;21.08;35.42;36.13
1332;3.066;4.62;21.08;35.65;36.01
1333;3.066;4.62;21.08;35.53;35.53
1334;3.065;4.62;21.08;35.53;35.65
1335;3.065;4.62;21.08;35.76;35.41
1336;3.065;4.62;21.08;35.65;35.65
1337;3.064;4.62;21.08;35.53;35.65
1338;3.064;4.62;21.08;35.65;35.65
1339;3.064;4.62;21.08;35.76;35.65
1340;3.063;4.62;21.08;35.65;35.65
1341;3.063;4.62;21.08;35.65;35.65
1342;3.063;4.62;21.08;35.65;35.65
1343;3.062;4.62;21.08;35.65;35.77
1344;3.062;4.62;21.08;35.65;35.77
1345;3.062;4.62;21.18;35.19;35.77
1346;3.062;4.62;21.18;35.65;35.89
1347;3.061;4.62;21.18;35.65;34.81
1348;3.061;4.62;21.18;35.65;35.41
1349;3.061;4.62;21.18;35.53;35.65
1350;3.06;4.62;21.18;35.65;35.77
1351;3.06;4.62;21.18;35.65;35.77
1352;3.06;4.62;21.18;35.76;35.77
1353;3.059;4.62;21.18;35.65;35.89
1354;3.059;4.62;21.18;35.65;35.77
1355;3.059;4.62;21.18;35.42;35.89
1356;3.058;4.62;21.18;35.65;35.89
1357;3.058;4.62;21.28;35.65;35.89
1358;3.058;4.62;21.18;35.76;35.89
1359;3.058;4.62;21.18;35.65;35.77
1360;3.057;4.62;21.28;35.76;35.89
1361;3.057;4.62;21.28;35.65;35.89
1362;3.057;4.62;21.28;35.65;36.25
1363;3.056;4.62;21.28;35.76;35.89
1364;3.056;4.62;21.28;35.76;35.89
1365;3.056;4.62;21.18;35.76;35.89
1366;3.055;4.62;21.28;35.65;35.65
1367;3.055;4.62;21.28;35.65;36.13
1368;3.055;4.62;21.28;35.76;36.01
1369;3.054;4.62;21.28;35.76;35.89
1370;3.054;4.62;21.28;35.76;35.89
1371;3.054;4.62;21.28;35.65;36.01
1372;3.053;4.62;21.28;35.88;35.89
1373;3.053;4.62;21.28;35.65;35.89
1374;3.053;4.62;21.28;35.88;35.89
1375;3.053;4.62;21.28;35.76;36.01
1376;3.052;4.62;21.28;35.76;35.89
1377;3.052;4.62;21.28;35.76;35.89
1378;3.052;4.62;21.18;35.88;36.13
1379;3.051;4.62;21.28;36.11;35.65
1380;3.051;4.62;21.38;35.88;36.01
1381;3.051;4.62;21.28;35.76;36.01
1382;3.05;4.62;21.28;35.76;35.89
1383;3.05;4.62;21.28;35.88;36.01
1384;3.05;4.62;21.28;35.88;35.77
1385;3.05;4.62;21.28;35.88;36.01
1386;3.049;4.62;21.28;35.88;36.01
1387;3.049;4.62;21.28;35.88;35.89
1388;3.049;4.62;21.38;36.11;36.01
1389;3.048;4.62;21.38;34.28;36.01
1390;3.048;4.62;21.38;35.88;36.01
1391;3.048;4.62;21.89;35.76;35.89
1392;3.047;4.62;21.38;35.88;35.89
1393;3.047;4.62;21.38;35.88;36.01
1394;3.047;4.62;21.38;35.88;36.01
1395;3.047;4.62;21.58;35.88;36.13
1396;3.046;4.62;21.38;35.76;36.49
1397;3.046;4.62;21.38;35.88;36.01
1398;3.046;4.62;21.38;35.88;36.13
1399;3.045;4.62;21.38;36.11;36.01
1400;3.045;4.62;21.38;35.76;36.01
1401;3.045;4.62;21.28;35.88;36.13
1402;3.044;4.62;21.38;35.88;36.25
1403;3.044;4.62;21.38;35.88;36.13
1404;3.044;4.62;21.38;35.88;36.13
1405;3.044;4.62;21.38;35.99;36.49
1406;3.043;4.62;21.38;35.88;36.13
1407;3.043;4.62;21.28;35.76;36.13
1408;3.043;4.62;21.28;35.99;36.37
1409;3.042;4.62;21.28;35.99;36.25
1410;3.042;4.62;21.38;35.99;36.13
1411;3.042;4.62;21.28;35.88;36.25
1412;3.041;4.62;21.28;36.22;36.13
1413;3.041;4.62;21.38;35.99;36.25
1414;3.041;4.62;21.28;35.99;36.25
1415;3.041;4.62;21.28;35.99;36.25
1416;3.04;4.62;21.28;35.99;36.25
1417;3.04;4.62;21.28;36.11;36.61
1418;3.04;4.62;21.28;35.42;36.25
1419;3.039;4.619;21.28;35.99;36.25
1420;3.039;4.62;21.28;35.99;36.25
1421;3.039;4.62;21.28;35.99;36.49
1422;3.038;4.62;21.28;35.99;36.37
1423;3.038;4.62;21.28;36.22;36.25
1424;3.038;4.62;21.28;35.99;36.25
1425;3.038;4.62;21.18;35.88;36.25
1426;3.037;4.62;21.28;36.11;36.25
1427;3.037;4.62;21.28;36.11;36.49
1428;3.037;4.62;21.28;36.11;36.49
1429;3.036;4.62;21.28;35.99;36.25
1430;3.036;4.62;21.18;36.22;36.25
1431;3.036;4.62;21.28;36.11;36.25
1432;3.035;4.62;21.18;36.11;36.37
1433;3.035;4.62;21.18;36.11;36.37
1434;3.035;4.62;21.18;36.22;36.49
1435;3.035;4.62;21.18;36.11;36.25
1436;3.034;4.62;21.18;36.11;36.37
1437;3.034;4.62;21.18;36.11;36.37
1438;3.034;4.62;21.18;36.22;36.37
1439;3.033;4.62;21.08;36.22;36.61
1440;3.033;4.62;21.18;36.22;36.49
1441;3.033;4.62;21.18;36.22;36.49
1442;3.032;4.62;21.18;36.22;36.37
1443;3.032;4.62;21.18;36.22;36.37
1444;3.032;4.62;21.18;36.22;36.37
1445;3.032;4.62;21.18;36.34;36.49
1446;3.031;4.62;21.18;36.34;36.49
1447;3.031;4.62;21.18;36.11;36.37
1448;3.031;4.62;21.18;36.22;36.25
1449;3.03;4.62;21.18;36.22;36.61
1450;3.03;4.62;21.18;36.22;35.89
1451;3.03;4.62;21.18;36.22;36.49
1452;3.029;4.62;21.18;36.22;36.37
1453;3.029;4.62;21.18;36.22;36.49
1454;3.029;4.62;21.18;36.22;36.37
1455;3.029;4.62;21.18;36.34;36.49
1456;3.028;4.62;21.18;36.57;36.49
1457;3.028;4.62;21.08;36.34;36.49
1458;3.028;4.62;21.08;36.11;36.49
1459;3.027;4.62;21.18;36.34;36.49
1460;3.027;4.62;21.08;36.34;36.37
1461;3.027;4.62;21.08;36.34;36.61
1462;3.027;4.62;21.08;36.34;36.61
1463;3.026;4.62;21.08;36.34;36.49
1464;3.026;4.62;21.08;36.22;36.49
1465;3.026;4.62;21.08;36.34;36.49
1466;3.025;4.62;21.08;36.34;36.37
1467;3.025;4.62;21.08;36.34;36.49
1468;3.025;4.62;21.08;35.3;36.49
1469;3.024;4.62;21.08;36.34;36.61
1470;3.024;4.62;21.08;36.46;36.49
1471;3.024;4.62;21.08;36.34;36.37
1472;3.024;4.62;21.08;36.34;36.61
1473;3.023;4.62;21.08;36.46;36.61
1474;3.023;4.62;21.08;36.46;36.49
1475;3.023;4.62;21.08;36.46;36.61
1476;3.022;4.62;21.08;36.46;36.61
1477;3.022;4.62;21.08;36.46;36.86
1478;3.022;4.62;21.08;36.34;36.86
1479;3.021;4.62;21.08;36.46;36.61
1480;3.021;4.62;20.98;36.57;36.61
1481;3.021;4.62;20.98;36.46;36.49
1482;3.021;4.62;20.98;36.46;36.74
1483;3.02;4.62;20.98;36.46;36.61
1484;3.02;4.62;21.28;36.57;36.61
1485;3.02;4.62;20.98;36.46;36.61
1486;3.019;4.62;21.08;36.46;36.37
1487;3.019;4.62;21.08;36.34;36.61
1488;3.019;4.62;20.98;36.57;36.61
1489;3.018;4.62;20.98;36.46;36.74
1490;3.018;4.62;20.98;36.57;36.61
1491;3.018;4.62;20.98;36.57;36.61
1492;3.018;4.62;20.98;36.57;36.61
1493;3.017;4.62;20.98;36.46;36.86
1494;3.017;4.62;20.98;36.69;36.61
1495;3.017;4.62;21.08;36.57;36.61
1496;3.016;4.62;20.98;36.46;36.74
1497;3.016;4.62;20.98;36.57;36.86
1498;3.016;4.62;20.98;36.69;36.61
1499;3.015;4.62;20.98;36.81;36.61
1500;3.015;4.62;20.98;36.69;36.74
1501;3.015;4.62;20.98;36.57;36.61
1502;3.015;4.62;20.98;36.57;36.61
1503;3.014;4.62;20.98;36.69;36.74
1504;3.014;4.62;20.98;36.57;36.86
1505;3.014;4.62;21.08;36.57;36.86
1506;3.013;4.62;20.98;36.57;36.61
1507;3.013;4.62;20.98;36.69;36.74
1508;3.013;4.62;20.98;36.69;36.74
1509;3.012;4.62;20.98;36.69;36.98
1510;3.012;4.62;20.98;36.69;36.98
1511;3.012;4.62;20.98;36.57;36.74
1512;3.012;4.62;20.98;36.57;36.74
1513;3.011;4.62;20.98;36.81;36.61
1514;3.011;4.62;20.98;36.57;36.86
1515;3.011;4.62;20.98;36.57;36.86
1516;3.01;4.62;20.98;36.69;36.74
1517;3.01;4.62;20.98;36.69;36.74
1518;3.01;4.62;20.98;36.57;36.74
1519;3.009;4.62;20.98;36.69;36.86
1520;3.009;4.62;20.87;36.69;36.86
1521;3.009;4.62;20.98;36.69;36.98
1522;3.008;4.62;20.98;36.81;36.86
1523;3.008;4.62;20.87;36.69;36.61
1524;3.008;4.62;20.87;36.69;36.86
1525;3.008;4.62;20.87;36.69;36.98
1526;3.007;4.62;20.98;36.69;36.74
1527;3.007;4.62;20.98;36.69;36.86
1528;3.007;4.62;20.98;36.81;36.86
1529;3.006;4.62;20.87;36.69;36.74
1530;3.006;4.62;20.98;36.81;36.86
1531;3.006;4.62;20.87;36.69;36.74
1532;3.005;4.62;20.98;36.81;36.86
1533;3.005;4.62;20.98;36.81;36.86
1534;3.005;4.62;20.98;36.81;36.86
1535;3.004;4.62;20.98;36.81;36.98
1536;3.004;4.62;20.98;36.81;36.86
1537;3.004;4.62;20.98;36.81;36.86
1538;3.004;4.62;20.98;36.57;36.86
1539;3.003;4.62;20.98;36.81;36.86
1540;3.003;4.62;20.98;36.81;36.86
1541;3.003;4.62;20.98;36.81;36.98
1542;3.002;4.62;20.98;36.92;36.98
1543;3.002;4.62;20.98;36.92;36.98
1544;3.002;4.62;20.98;36.81;36.61
1545;3.001;4.62;20.98;36.92;36.98
1546;3.001;4.62;20.98;36.81;36.98
1547;3.001;4.62;20.98;36.81;36.98
1548;3.0;4.62;20.98;36.92;36.98
1549;3.0;4.62;20.98;36.81;36.98
1550;3.0;4.62;20.98;36.92;37.1
1551;2.999;4.62;20.98;37.04;36.98
1552;2.999;4.62;20.87;36.92;36.98
1553;2.999;4.62;20.98;36.92;37.1
1554;2.999;4.62;20.98;36.92;37.23
1555;2.998;4.62;20.98;37.04;36.98
1556;2.998;4.62;20.98;36.92;36.98
1557;2.998;4.62;21.08;36.92;36.98
1558;2.997;4.62;20.98;37.04;37.47
1559;2.997;4.62;20.98;37.16;37.1
1560;2.997;4.62;20.98;36.92;37.1
1561;2.996;4.62;20.98;37.04;37.1
1562;2.996;4.62;21.08;37.04;37.1
1563;2.996;4.62;20.98;37.04;37.1
1564;2.995;4.62;20.98;37.04;37.1
1565;2.995;4.62;20.98;37.04;37.23
1566;2.995;4.62;20.98;37.27;37.23
1567;2.994;4.62;20.87;37.04;37.23
1568;2.994;4.62;20.87;37.16;37.23
1569;2.994;4.62;20.87;37.04;37.1
1570;2.993;4.62;20.98;37.63;37.23
1571;2.993;4.62;20.87;37.16;37.47
1572;2.993;4.62;20.87;36.92;37.35
1573;2.992;4.62;21.18;37.16;37.23
1574;2.992;4.62;20.87;37.39;37.1
1575;2.992;4.62;20.37;36.92;37.23
1576;2.991;4.62;20.87;37.16;37.23
1577;2.991;4.62;20.87;37.16;37.35
1578;2.991;4.62;20.77;37.16;37.35
1579;2.99;4.62;20.87;37.16;37.35
1580;2.99;4.62;20.87;37.16;37.1
1581;2.99;4.62;20.87;37.16;37.35
1582;2.989;4.62;20.77;37.27;37.23
1583;2.989;4.62;20.87;37.04;37.23
1584;2.989;4.62;20.77;37.27;37.35
1585;2.988;4.62;20.87;37.16;37.35
1586;2.988;4.62;20.87;37.27;37.23
1587;2.988;4.62;20.87;37.27;37.35
1588;2.987;4.62;20.87;37.27;37.35
1589;2.987;4.62;20.77;37.16;37.1
1590;2.987;4.62;20.87;37.16;37.35
1591;2.986;4.62;20.87;37.16;37.35
1592;2.986;4.62;20.87;37.39;37.23
1593;2.986;4.62;20.87;37.16;37.35
1594;2.985;4.62;20.87;37.27;37.35
1595;2.985;4.62;20.87;37.27;37.23
1596;2.985;4.62;20.87;37.27;37.35
1597;2.984;4.62;20.87;37.16;37.35
1598;2.984;4.62;20.87;37.39;37.23
1599;2.984;4.62;20.87;37.16;37.23
1600;2.983;4.62;20.87;37.27;37.35
1601;2.983;4.62;20.87;37.27;37.35
1602;2.983;4.62;20.87;37.39;37.1
1603;2.982;4.62;20.87;37.27;37.35
1604;2.982;4.62;20.98;37.16;37.47
1605;2.982;4.62;20.87;37.16;37.23
1606;2.981;4.62;20.87;37.27;37.6
1607;2.981;4.62;20.87;37.39;37.23
1608;2.981;4.62;20.87;37.39;37.35
1609;2.98;4.62;20.87;37.39;37.35
1610;2.98;4.62;20.98;37.39;37.35
1611;2.98;4.62;20.87;37.27;37.35
1612;2.979;4.62;20.87;37.27;37.35
1613;2.979;4.62;20.87;37.27;37.1
1614;2.979;4.62;20.87;37.39;37.35
1615;2.978;4.62;20.87;37.27;37.35
1616;2.978;4.62;20.98;37.51;37.47
1617;2.978;4.62;20.98;37.39;37.47
1618;2.977;4.62;20.87;37.39;37.35
1619;2.977;4.62;20.98;37.39;37.23
1620;2.977;4.62;20.98;37.39;37.35
1621;2.976;4.62;20.98;37.27;37.1
1622;2.976;4.62;20.98;37.27;37.35
1623;2.976;4.62;20.98;37.27;37.35
1624;2.975;4.62;20.98;37.39;37.23
1625;2.975;4.62;21.08;37.39;36.98
1626;2.975;4.62;20.98;37.39;37.35
1627;2.974;4.62;20.98;37.27;37.35
1628;2.974;4.62;20.98;37.39;37.35
1629;2.974;4.62;20.98;37.51;37.35
1630;2.973;4.62;20.98;37.27;37.35
1631;2.973;4.62;20.98;37.39;37.35
1632;2.973;4.62;20.98;37.51;37.6
1633;2.972;4.62;20.98;37.51;37.1
1634;2.972;4.62;20.98;37.39;37.35
1635;2.972;4.62;20.98;37.63;37.35
1636;2.971;4.62;20.98;37.39;37.35
1637;2.971;4.62;20.98;37.27;36.98
1638;2.971;4.62;20.98;37.51;39.23
1639;2.97;4.62;20.98;37.39;37.35
1640;2.97;4.62;20.98;37.27;37.35
1641;2.97;4.62;20.98;37.39;36.74
1642;2.969;4.62;20.98;37.51;37.35
1643;2.969;4.62;20.98;37.51;37.23
1644;2.969;4.62;20.98;37.51;37.1
1645;2.968;4.62;20.98;37.51;37.23
1646;2.968;4.62;20.98;37.63;37.23
1647;2.968;4.62;20.98;37.39;37.35
1648;2.967;4.62;20.98;37.51;37.23
1649;2.967;4.62;20.98;37.51;37.23
1650;2.966;4.62;20.98;37.51;37.35
1651;2.966;4.62;20.98;37.51;37.23
1652;2.966;4.62;20.98;37.51;37.35
1653;2.965;4.62;20.98;37.39;37.35
1654;2.965;4.62;20.98;37.51;37.35
1655;2.965;4.62;20.98;37.51;37.35
1656;2.964;4.62;20.98;37.51;39.23
1657;2.964;4.62;20.87;37.51;37.35
1658;2.964;4.62;20.98;37.63;37.35
1659;2.963;4.62;20.77;37.39;37.35
1660;2.963;4.62;20.98;37.51;37.35
1661;2.963;4.62;21.08;37.51;37.72
1662;2.962;4.62;20.98;37.51;37.47
1663;2.962;4.62;20.98;37.51;37.35
1664;2.962;4.62;21.08;37.27;36.98
1665;2.961;4.62;20.98;37.63;37.47
1666;2.961;4.62;21.08;37.63;37.35
1667;2.961;4.62;20.98;37.39;37.6
1668;2.96;4.62;21.08;37.63;37.35
1669;2.96;4.62;21.08;37.63;37.23
1670;2.959;4.62;21.08;37.51;37.35
1671;2.959;4.62;21.08;37.16;37.6
1672;2.959;4.62;21.08;37.63;37.6
1673;2.958;4.62;21.08;37.63;37.47
1674;2.958;4.62;20.98;37.51;37.47
1675;2.958;4.62;21.08;37.63;37.35
1676;2.957;4.62;21.08;37.63;37.47
1677;2.957;4.62;21.08;37.63;37.6
1678;2.957;4.62;21.08;37.74;37.35
1679;2.956;4.62;20.98;37.74;37.47
1680;2.956;4.62;21.08;37.51;37.47
1681;2.955;4.62;21.08;37.63;37.35
1682;2.955;4.62;20.98;37.63;37.72
1683;2.955;4.62;20.98;37.63;37.72
1684;2.954;4.62;21.08;37.63;37.97
1685;2.954;4.62;21.08;37.74;37.35
1686;2.954;4.62;21.08;37.63;37.72
1687;2.953;4.62;21.08;37.63;37.47
1688;2.953;4.62;21.08;37.63;37.47
1689;2.952;4.62;21.08;37.63;37.6
1690;2.952;4.62;21.08;37.98;37.6
1691;2.952;4.62;21.18;37.74;37.47
1692;2.951;4.62;21.08;37.74;37.47
1693;2.951;4.62;21.08;37.74;37.6
1694;2.951;4.62;21.08;37.51;37.6
1695;2.95;4.62;21.08;37.63;37.47
1696;2.95;4.62;21.08;37.74;37.35
1697;2.95;4.62;21.08;37.51;37.6
1698;2.949;4.62;21.08;37.74;37.6
1699;2.949;4.62;21.08;37.74;37.47
1700;2.948;4.62;21.08;37.74;37.6
1701;2.948;4.62;21.18;37.74;37.6
1702;2.948;4.62;21.08;37.74;37.6
1703;2.947;4.62;21.08;37.74;37.72
1704;2.947;4.62;21.08;37.74;37.6
1705;2.947;4.62;21.18;37.63;37.72
1706;2.946;4.62;21.08;37.74;37.6
1707;2.946;4.62;21.08;37.51;37.84
1708;2.945;4.62;21.08;37.86;37.6
1709;2.945;4.62;21.08;37.86;37.6
1710;2.945;4.62;21.08;37.98;37.84
1711;2.944;4.62;21.08;37.86;37.84
1712;2.944;4.62;21.08;37.86;37.6
1713;2.944;4.62;21.08;37.86;37.6
1714;2.943;4.62;21.08;37.86;37.84
1715;2.943;4.62;21.08;37.98;37.47
1716;2.942;4.62;21.08;37.86;37.72
1717;2.942;4.62;21.08;37.74;37.72
1718;2.942;4.62;20.98;37.86;37.72
1719;2.941;4.62;21.08;37.98;37.72
1720;2.941;4.62;21.18;37.86;37.72
1721;2.94;4.62;21.08;37.74;37.72
1722;2.94;4.62;21.08;37.86;37.72
1723;2.94;4.62;21.08;36.92;37.72
1724;2.939;4.62;21.08;37.98;38.22
1725;2.939;4.62;21.08;37.86;37.72
1726;2.938;4.62;21.08;37.98;37.84
1727;2.938;4.62;21.18;37.86;37.72
1728;2.938;4.62;21.18;37.74;37.72
1729;2.937;4.62;21.18;37.86;37.72
1730;2.937;4.62;21.08;37.86;37.72
1731;2.937;4.62;21.18;37.86;37.72
1732;2.936;4.62;21.08;38.1;38.09
1733;2.936;4.62;21.18;37.86;37.6
1734;2.935;4.62;21.18;37.74;37.84
1735;2.935;4.62;21.18;37.98;37.97
1736;2.935;4.62;21.18;37.98;37.84
1737;2.934;4.62;20.98;37.98;37.84
1738;2.934;4.62;21.18;37.98;38.22
1739;2.933;4.62;21.18;37.98;37.6
1740;2.933;4.62;21.28;37.98;37.72
1741;2.933;4.62;21.18;37.74;38.09
1742;2.932;4.62;21.18;37.86;38.47
1743;2.932;4.62;21.18;38.1;37.84
1744;2.931;4.62;21.18;38.1;37.97
1745;2.931;4.62;21.18;38.1;37.84
1746;2.931;4.62;21.18;37.98;38.09
1747;2.93;4.62;21.18;37.98;37.97
1748;2.93;4.62;21.18;37.98;37.97
1749;2.929;4.62;21.18;37.98;37.97
1750;2.929;4.62;21.18;37.98;37.84
1751;2.929;4.62;21.18;38.1;37.97
1752;2.928;4.62;21.08;38.1;38.09
1753;2.928;4.62;21.18;38.1;37.97
1754;2.927;4.62;21.08;38.1;38.22
1755;2.927;4.62;21.18;38.1;37.97
1756;2.927;4.62;21.08;38.58;37.47
1757;2.926;4.62;21.08;38.1;37.72
1758;2.926;4.62;21.08;38.1;38.09
1759;2.925;4.62;21.08;38.1;37.97
1760;2.925;4.62;21.08;38.22;38.09
1761;2.924;4.62;21.08;38.1;37.84
1762;2.924;4.62;21.18;38.1;37.97
1763;2.924;4.62;21.08;38.1;37.97
1764;2.923;4.62;21.08;38.1;38.09
1765;2.923;4.62;21.08;38.1;38.09
1766;2.922;4.62;21.08;38.1;38.09
1767;2.922;4.62;21.08;38.1;38.34
1768;2.922;4.62;21.08;39.78;38.09
1769;2.921;4.62;21.08;38.1;38.22
1770;2.921;4.62;21.18;38.34;37.97
1771;2.92;4.62;21.08;38.1;38.22
1772;2.92;4.62;21.08;38.1;38.22
1773;2.919;4.62;21.08;38.46;38.34
1774;2.919;4.62;21.08;38.1;38.34
1775;2.919;4.62;21.08;38.34;38.22
1776;2.918;4.62;21.08;38.22;38.22
1777;2.918;4.62;21.08;38.22;38.22
1778;2.917;4.62;21.08;38.22;38.09
1779;2.917;4.62;21.08;38.22;37.97
1780;2.917;4.62;21.08;38.34;38.22
1781;2.916;4.62;21.08;38.22;38.22
1782;2.916;4.62;21.08;38.1;38.09
1783;2.915;4.62;21.08;38.22;38.09
1784;2.915;4.62;21.08;38.22;38.47
1785;2.914;4.62;20.98;38.34;38.34
1786;2.914;4.62;21.08;38.1;37.84
1787;2.914;4.62;21.08;38.34;38.72
1788;2.913;4.62;21.08;38.22;38.22
1789;2.913;4.62;21.08;38.46;38.09
1790;2.912;4.62;21.08;38.1;38.09
1791;2.912;4.62;21.08;38.34;38.09
1792;2.911;4.62;21.08;38.22;38.22
1793;2.911;4.62;21.18;38.34;38.22
1794;2.91;4.62;21.18;38.1;38.09
1795;2.91;4.62;21.18;38.22;38.09
1796;2.91;4.62;21.08;38.22;38.09
1797;2.909;4.62;21.18;38.22;38.22
1798;2.909;4.62;21.18;38.1;37.84
1799;2.908;4.62;21.18;38.22;37.97
1800;2.908;4.62;21.18;38.22;38.22
1801;2.907;4.62;21.18;38.34;38.09
1802;2.907;4.62;21.18;38.22;38.22
1803;2.906;4.62;21.28;38.1;38.22
1804;2.906;4.62;21.18;38.22;38.22
1805;2.906;4.62;21.28;38.22;38.09
1806;2.905;4.62;21.28;38.22;38.09
1807;2.905;4.62;21.28;38.1;38.22
1808;2.904;4.62;21.28;38.1;38.22
1809;2.904;4.62;21.18;38.22;38.22
1810;2.903;4.62;21.28;38.22;38.22
1811;2.903;4.62;21.38;38.22;38.22
1812;2.902;4.62;21.28;38.22;38.22
1813;2.902;4.62;21.28;38.22;38.22
1814;2.902;4.62;21.28;38.22;38.22
1815;2.901;4.62;21.28;38.22;38.34
1816;2.901;4.62;21.28;38.22;38.22
1817;2.9;4.62;21.28;38.22;38.09
1818;2.9;4.62;21.28;38.34;38.34
1819;2.899;4.62;21.28;38.22;38.22
1820;2.899;4.62;21.28;38.22;38.22
1821;2.898;4.62;21.18;38.22;38.22
1822;2.898;4.62;21.28;39.78;38.09
1823;2.898;4.62;21.28;38.34;38.22
1824;2.897;4.62;21.28;38.1;38.34
1825;2.897;4.62;21.28;37.98;38.34
1826;2.896;4.62;21.28;38.1;38.22
1827;2.896;4.62;21.28;38.22;38.34
1828;2.895;4.62;21.28;38.22;38.34
1829;2.895;4.62;21.28;38.22;38.34
1830;2.894;4.62;21.28;38.1;38.34
1831;2.894;4.62;21.28;38.22;38.22
1832;2.893;4.62;21.28;38.22;38.34
1833;2.893;4.62;21.28;38.34;38.34
1834;2.893;4.62;21.28;38.22;38.34
1835;2.892;4.62;21.28;37.51;38.34
1836;2.892;4.62;21.18;38.46;38.34
1837;2.891;4.62;21.28;38.34;38.47
1838;2.891;4.62;21.28;38.34;38.34
1839;2.89;4.62;21.28;38.34;38.34
1840;2.89;4.62;21.18;38.46;38.22
1841;2.889;4.62;21.18;38.34;38.47
1842;2.889;4.62;21.18;38.46;38.22
1843;2.888;4.62;21.18;38.34;38.34
1844;2.888;4.62;21.18;38.34;38.34
1845;2.887;4.62;21.18;38.34;38.47
1846;2.887;4.62;21.18;38.34;38.47
1847;2.887;4.62;21.18;38.34;38.34
1848;2.886;4.62;21.18;38.34;38.47
1849;2.886;4.62;21.18;38.34;38.72
1850;2.885;4.62;21.18;38.46;38.47
1851;2.885;4.62;21.08;38.46;38.47
1852;2.884;4.62;21.18;38.46;38.72
1853;2.884;4.62;21.18;38.34;38.47
1854;2.883;4.62;21.68;38.58;38.6
1855;2.883;4.62;21.08;38.46;38.09
1856;2.882;4.62;21.08;38.46;38.47
1857;2.882;4.62;21.08;38.58;38.6
1858;2.881;4.62;21.08;38.46;38.47
1859;2.881;4.62;21.08;38.58;38.22
1860;2.88;4.62;21.08;38.46;38.6
1861;2.88;4.62;21.08;38.46;38.6
1862;2.879;4.62;21.08;38.58;38.47
1863;2.879;4.62;21.08;38.58;38.47
1864;2.878;4.62;21.08;38.46;38.6
1865;2.878;4.62;21.08;38.46;38.6
1866;2.878;4.62;21.18;38.46;38.6
1867;2.877;4.62;21.08;38.58;38.6
1868;2.877;4.62;21.08;38.58;38.47
1869;2.876;4.62;21.18;38.7;38.6
1870;2.876;4.62;21.08;38.58;38.6
1871;2.875;4.62;21.08;38.34;38.47
1872;2.875;4.62;21.08;38.46;38.47
1873;2.874;4.62;21.08;38.58;38.6
1874;2.874;4.62;21.18;38.58;38.47
1875;2.873;4.62;21.18;38.58;38.6
1876;2.873;4.62;21.18;38.82;38.6
1877;2.872;4.62;21.18;38.46;38.47
1878;2.872;4.62;21.18;38.82;38.47
1879;2.871;4.62;21.18;38.58;38.47
1880;2.871;4.62;21.18;38.34;38.72
1881;2.87;4.62;21.18;38.58;38.6
1882;2.87;4.62;21.18;38.46;38.34
1883;2.869;4.62;21.18;38.58;38.6
1884;2.869;4.62;21.18;38.46;38.34
1885;2.868;4.62;21.18;38.82;38.22
1886;2.868;4.62;21.18;38.34;38.6
1887;2.867;4.62;21.18;38.58;38.47
1888;2.867;4.62;21.18;38.58;38.47
1889;2.866;4.62;21.18;38.58;38.6
1890;2.866;4.62;21.18;38.46;38.22
1891;2.865;4.62;21.18;38.82;38.47
1892;2.865;4.62;21.18;38.34;38.6
1893;2.864;4.619;21.28;38.58;38.47
1894;2.864;4.62;21.28;38.58;38.47
1895;2.863;4.62;21.28;38.58;38.6
1896;2.863;4.62;21.28;38.46;38.6
1897;2.862;4.62;21.18;38.7;38.47
1898;2.862;4.62;21.28;38.58;38.22
1899;2.861;4.62;21.28;38.58;38.6
1900;2.861;4.62;21.18;38.58;38.6
1901;2.86;4.62;21.28;38.58;38.6
1902;2.86;4.62;21.18;38.58;38.6
1903;2.859;4.62;21.28;38.34;38.47
1904;2.859;4.62;21.28;38.58;38.47
1905;2.858;4.62;21.18;38.46;38.47
1906;2.858;4.62;21.28;38.58;38.6
1907;2.857;4.62;21.28;38.58;38.6
1908;2.857;4.62;21.28;38.58;37.97
1909;2.856;4.62;21.28;38.58;37.6
1910;2.855;4.62;21.18;38.58;38.47
1911;2.855;4.62;21.28;38.58;38.47
1912;2.854;4.62;21.28;38.58;38.6
1913;2.854;4.62;21.28;38.58;38.6
1914;2.853;4.62;21.18;38.58;38.72
1915;2.853;4.62;21.28;38.7;38.6
1916;2.852;4.62;21.28;38.46;38.6
1917;2.852;4.62;21.28;38.58;38.6
1918;2.851;4.62;21.18;38.58;38.6
1919;2.851;4.62;21.28;38.58;38.6
1920;2.85;4.62;21.18;38.58;38.72
1921;2.85;4.62;21.08;38.82;38.72
1922;2.849;4.62;21.18;38.58;38.72
1923;2.849;4.62;21.18;37.86;38.6
1924;2.848;4.62;21.28;38.58;38.6
1925;2.848;4.62;21.18;38.58;38.6
1926;2.847;4.62;21.18;38.58;38.6
1927;2.847;4.62;21.18;38.58;38.6
1928;2.846;4.62;21.18;38.7;38.6
1929;2.845;4.62;21.18;38.58;38.6
1930;2.845;4.62;21.18;38.58;38.6
1931;2.844;4.62;21.18;38.58;38.6
1932;2.844;4.62;21.18;38.58;38.6
1933;2.843;4.62;21.28;38.7;38.6
1934;2.843;4.619;21.38;38.7;38.72
1935;2.842;4.62;21.18;38.58;38.47
1936;2.842;4.62;21.18;38.58;38.6
1937;2.841;4.62;21.28;38.7;38.72
1938;2.841;4.62;21.28;38.58;38.6
1939;2.84;4.62;21.18;38.58;38.72
1940;2.84;4.62;21.28;38.58;38.85
1941;2.839;4.62;21.28;38.7;38.72
1942;2.839;4.62;21.28;38.58;38.72
1943;2.838;4.62;21.28;38.7;38.85
1944;2.837;4.62;21.28;38.7;38.72
1945;2.837;4.62;21.28;38.7;38.85
1946;2.836;4.62;21.28;38.7;38.85
1947;2.836;4.62;21.28;38.58;39.49
1948;2.835;4.62;21.28;38.7;36.86
1949;2.835;4.62;21.28;38.7;38.72
1950;2.834;4.62;21.18;38.58;38.72
1951;2.834;4.62;21.28;38.7;38.85
1952;2.833;4.62;21.18;38.58;38.72
1953;2.832;4.62;21.18;38.58;38.72
1954;2.832;4.62;21.28;38.7;38.72
1955;2.831;4.62;21.28;38.58;38.6
1956;2.831;4.62;21.28;38.46;38.47
1957;2.83;4.62;21.28;38.7;38.85
1958;2.83;4.62;21.28;38.7;38.98
1959;2.829;4.62;21.28;38.58;38.85
1960;2.829;4.62;21.28;38.82;38.85
1961;2.828;4.62;21.28;38.7;38.85
1962;2.828;4.62;21.28;38.7;38.85
1963;2.827;4.62;21.28;38.7;38.85
1964;2.826;4.62;21.28;38.7;38.85
1965;2.826;4.62;21.28;38.7;39.1
1966;2.825;4.62;21.28;38.58;38.98
1967;2.825;4.62;21.28;38.7;38.85
1968;2.824;4.62;21.28;38.7;38.98
1969;2.824;4.62;21.38;38.7;38.98
1970;2.823;4.62;21.28;38.94;38.85
1971;2.823;4.62;21.28;38.82;38.98
1972;2.822;4.62;21.38;38.7;37.72
1973;2.821;4.62;21.38;38.7;38.98
1974;2.821;4.62;21.28;38.58;38.98
1975;2.82;4.62;21.38;38.82;38.98
1976;2.82;4.62;21.38;38.7;39.1
1977;2.819;4.62;21.38;38.7;38.6
1978;2.819;4.62;21.28;38.7;38.72
1979;2.818;4.62;21.28;38.82;39.23
1980;2.817;4.62;21.38;38.82;39.1
1981;2.817;4.62;21.28;38.82;38.98
1982;2.816;4.62;21.28;38.82;38.98
1983;2.816;4.62;21.28;38.82;39.1
1984;2.815;4.62;21.28;38.82;38.85
1985;2.815;4.62;21.28;38.94;39.1
1986;2.814;4.62;21.28;38.7;40.13
1987;2.813;4.62;21.28;38.82;38.98
1988;2.813;4.62;21.18;39.3;39.1
1989;2.812;4.62;21.28;38.82;39.1
1990;2.812;4.62;21.28;38.82;39.1
1991;2.811;4.62;21.28;38.82;39.1
1992;2.81;4.62;21.28;38.94;39.23
1993;2.81;4.62;21.38;38.7;38.98
1994;2.809;4.62;21.28;39.06;39.1
1995;2.809;4.62;21.28;38.82;38.98
1996;2.808;4.62;21.28;38.94;39.1
1997;2.808;4.62;21.38;38.94;39.1
1998;2.807;4.62;21.28;38.82;39.1
1999;2.806;4.62;21.28;38.82;39.1
2000;2.806;4.62;21.28;39.18;39.49
2001;2.805;4.62;21.28;38.94;40.26
2002;2.805;4.62;21.38;38.94;39.23
2003;2.804;4.62;21.28;38.94;39.23
2004;2.803;4.62;21.28;38.94;39.23
2005;2.803;4.62;21.28;38.94;39.23
2006;2.802;4.62;21.28;38.94;39.23
2007;2.802;4.62;21.28;39.06;36.98
2008;2.801;4.62;21.18;39.06;39.1
2009;2.8;4.62;21.28;39.06;39.23
2010;2.8;4.62;21.28;39.06;39.23
2011;2.799;4.62;21.28;38.94;39.1
2012;2.799;4.62;21.18;39.06;39.23
2013;2.798;4.62;21.18;39.78;39.49
2014;2.797;4.62;21.18;39.06;39.36
2015;2.797;4.62;21.18;39.06;39.23
2016;2.796;4.62;21.18;39.18;39.36
2017;2.796;4.62;21.18;39.18;39.23
2018;2.795;4.62;21.18;39.18;38.98
2019;2.794;4.62;21.08;39.3;39.36
2020;2.794;4.62;21.18;39.3;39.61
2021;2.793;4.62;21.18;39.18;39.36
2022;2.792;4.62;21.28;39.18;39.23
2023;2.792;4.62;21.18;39.3;39.36
2024;2.791;4.62;21.28;39.54;39.49
2025;2.791;4.62;21.28;39.18;39.36
2026;2.79;4.62;21.18;39.3;39.36
2027;2.789;4.62;21.18;39.3;39.49
2028;2.789;4.62;21.18;39.3;39.49
2029;2.788;4.62;21.18;39.3;38.72
2030;2.787;4.62;21.18;39.42;39.49
2031;2.787;4.62;21.18;39.54;39.36
2032;2.786;4.62;21.18;39.42;39.61
2033;2.785;4.62;21.18;39.42;39.49
2034;2.785;4.62;21.18;39.42;39.1
2035;2.784;4.62;21.18;39.42;39.61
2036;2.784;4.62;21.08;39.42;39.49
2037;2.783;4.62;21.28;39.42;39.1
2038;2.782;4.62;21.18;39.42;39.36
2039;2.782;4.62;21.18;39.42;39.49
2040;2.781;4.62;21.18;39.54;39.49
2041;2.78;4.62;21.18;39.54;39.36
2042;2.78;4.62;21.18;39.54;39.61
2043;2.779;4.62;21.08;39.54;39.49
2044;2.778;4.62;21.18;39.42;39.61
2045;2.778;4.62;21.18;39.54;39.74
2046;2.777;4.62;21.18;39.42;39.61
2047;2.776;4.62;21.08;39.54;39.61
2048;2.776;4.62;21.18;39.66;39.74
2049;2.775;4.62;21.18;39.54;40.52
2050;2.774;4.62;21.18;39.54;39.61
2051;2.774;4.62;21.18;39.66;39.61
2052;2.773;4.62;21.08;39.66;39.74
2053;2.772;4.62;21.18;39.54;39.87
2054;2.772;4.62;21.18;39.54;39.61
2055;2.771;4.62;21.18;39.66;39.74
2056;2.77;4.62;21.18;39.78;39.61
2057;2.77;4.62;21.18;39.54;39.74
2058;2.769;4.62;21.18;39.66;39.61
2059;2.768;4.62;21.08;39.66;39.87
2060;2.768;4.62;21.08;39.91;39.61
2061;2.767;4.62;21.08;39.54;39.61
2062;2.766;4.62;21.18;39.78;39.74
2063;2.766;4.62;21.08;39.66;39.87
2064;2.765;4.62;21.18;39.78;39.74
2065;2.764;4.62;21.08;39.78;39.74
2066;2.763;4.62;21.18;39.78;39.74
2067;2.763;4.62;21.08;39.78;39.74
2068;2.762;4.62;21.08;39.78;39.61
2069;2.761;4.62;21.08;39.66;39.74
2070;2.761;4.62;21.18;39.78;39.74
2071;2.76;4.62;21.08;39.78;39.74
2072;2.759;4.62;21.08;39.3;39.74
2073;2.758;4.62;21.08;39.78;39.87
2074;2.758;4.62;21.08;39.66;39.87
2075;2.757;4.62;20.57;39.91;39.87
2076;2.756;4.62;21.08;39.66;39.74
2077;2.755;4.62;21.08;39.91;39.87
2078;2.755;4.62;20.98;39.91;39.87
2079;2.754;4.62;21.08;39.91;39.74
2080;2.753;4.62;21.08;39.91;39.87
2081;2.753;4.62;21.08;39.91;39.87
2082;2.752;4.62;21.08;39.91;39.74
2083;2.751;4.62;21.08;39.91;40.13
2084;2.75;4.62;20.98;39.91;39.87
2085;2.75;4.62;21.08;40.4;39.87
2086;2.749;4.62;21.08;40.52;39.87
2087;2.748;4.62;21.08;40.15;39.87
2088;2.747;4.62;21.08;39.91;39.74
2089;2.747;4.62;21.08;40.03;40.0
2090;2.746;4.62;21.08;40.03;40.0
2091;2.745;4.62;21.08;40.03;39.61
2092;2.744;4.62;21.08;40.03;40.0
2093;2.744;4.62;21.08;40.03;40.0
2094;2.743;4.62;21.08;40.03;39.74
2095;2.742;4.62;21.08;40.03;40.0
2096;2.741;4.62;21.08;40.03;39.23
2097;2.741;4.62;21.08;40.03;39.87
2098;2.74;4.62;21.08;40.15;40.13
2099;2.739;4.62;21.08;40.27;40.0
2100;2.738;4.62;21.08;40.03;40.0
2101;2.738;4.62;21.08;40.15;39.61
2102;2.737;4.62;21.08;40.15;40.0
2103;2.736;4.62;21.08;40.15;40.0
2104;2.735;4.62;21.18;40.03;40.0
2105;2.734;4.62;21.08;40.27;40.0
2106;2.734;4.62;21.08;40.15;39.74
2107;2.733;4.62;21.08;40.15;40.13
2108;2.732;4.62;21.08;40.03;40.13
2109;2.731;4.62;21.08;40.15;39.74
2110;2.731;4.62;20.87;40.15;40.0
2111;2.73;4.62;21.18;40.15;40.0
2112;2.729;4.62;21.08;40.15;40.0
2113;2.728;4.62;21.08;40.27;40.13
2114;2.727;4.62;21.18;40.15;40.13
2115;2.726;4.62;21.18;40.03;40.13
2116;2.726;4.62;21.18;40.15;40.0
2117;2.725;4.62;21.18;40.15;38.85
2118;2.724;4.62;21.08;40.27;40.13
2119;2.723;4.62;21.08;40.15;40.13
2120;2.722;4.62;21.08;40.15;40.52
2121;2.721;4.62;21.08;40.27;40.0
2122;2.72;4.62;21.38;40.27;40.13
2123;2.72;4.62;21.18;40.27;40.52
2124;2.719;4.62;21.18;40.27;40.26
2125;2.718;4.62;21.18;40.27;40.52
2126;2.717;4.62;21.18;40.27;40.13
2127;2.716;4.62;21.18;40.4;40.0
2128;2.715;4.62;21.28;40.15;40.26
2129;2.715;4.62;21.18;40.27;40.13
2130;2.714;4.62;21.18;40.27;40.26
2131;2.713;4.62;21.28;40.27;40.26
2132;2.712;4.62;21.28;40.27;40.39
2133;2.711;4.62;21.28;40.27;40.26
2134;2.71;4.62;21.18;40.4;40.26
2135;2.709;4.62;21.18;40.15;40.26
2136;2.708;4.62;21.18;40.27;40.13
2137;2.707;4.62;21.18;40.27;40.26
2138;2.706;4.62;21.28;40.27;40.52
2139;2.705;4.62;21.18;40.27;40.0
2140;2.704;4.62;21.18;40.27;40.52
2141;2.704;4.62;21.18;40.4;40.26
2142;2.703;4.62;21.18;40.27;40.26
2143;2.702;4.62;21.18;40.27;40.26
2144;2.701;4.62;21.18;40.4;40.13
2145;2.7;4.62;21.18;40.4;40.39
2146;2.699;4.62;21.28;40.4;40.26
2147;2.698;4.62;21.18;40.4;40.39
2148;2.697;4.62;21.18;40.4;40.39
2149;2.696;4.62;21.18;40.4;40.13
2150;2.695;4.62;21.18;40.4;40.26
2151;2.694;4.62;21.18;40.77;40.39
2152;2.693;4.62;21.18;40.52;40.39
2153;2.692;4.62;21.18;40.27;40.52
2154;2.691;4.62;21.18;41.14;40.65
2155;2.69;4.62;21.18;40.4;40.52
2156;2.688;4.62;21.18;40.4;40.78
2157;2.687;4.62;21.18;40.64;40.52
2158;2.686;4.62;21.18;40.64;40.39
2159;2.685;4.62;21.18;40.52;40.26
2160;2.684;4.62;21.18;40.52;40.52
2161;2.683;4.62;21.18;40.52;40.52
2162;2.682;4.62;21.18;40.52;40.52
2163;2.681;4.62;21.08;40.52;41.44
2164;2.68;4.62;21.18;40.64;40.52
2165;2.679;4.62;21.18;40.64;40.65
2166;2.678;4.62;21.18;40.52;40.65
2167;2.677;4.62;21.18;40.64;40.78
2168;2.675;4.62;21.18;40.52;40.65
2169;2.674;4.62;21.18;40.4;40.52
2170;2.673;4.62;21.18;40.64;40.65
2171;2.672;4.62;21.08;40.52;40.65
2172;2.671;4.62;21.08;40.64;40.65
2173;2.67;4.62;21.18;40.52;40.65
2174;2.669;4.62;21.08;40.64;40.78
2175;2.668;4.62;20.87;40.64;40.65
2176;2.666;4.62;21.08;40.64;40.91
2177;2.665;4.62;21.08;40.64;40.78
2178;2.664;4.62;21.08;40.77;40.78
2179;2.663;4.62;21.08;40.77;40.78
2180;2.662;4.62;21.08;40.77;40.78
2181;2.661;4.62;21.18;40.64;40.78
2182;2.659;4.62;21.08;40.89;40.78
2183;2.658;4.62;21.18;40.77;40.78
2184;2.657;4.62;21.18;40.89;40.78
2185;2.656;4.62;21.08;40.77;40.91
2186;2.654;4.62;21.08;40.77;40.91
2187;2.653;4.62;21.08;40.77;40.91
2188;2.652;4.62;21.08;40.89;40.78
2189;2.651;4.62;21.08;40.89;40.78
2190;2.649;4.62;21.08;40.89;41.18
2191;2.648;4.62;21.08;40.77;40.91
2192;2.647;4.62;21.08;40.89;41.04
2193;2.646;4.62;21.08;40.89;41.04
2194;2.644;4.62;21.08;41.01;41.04
2195;2.643;4.62;21.08;41.01;41.57
2196;2.641;4.62;21.08;41.01;40.91
2197;2.64;4.62;21.08;41.26;41.04
2198;2.639;4.62;21.08;41.01;41.04
2199;2.637;4.62;21.08;41.01;40.91
2200;2.636;4.62;21.08;41.01;41.18
2201;2.635;4.62;21.08;41.01;41.57
2202;2.633;4.62;21.08;41.14;41.04
2203;2.632;4.62;20.98;41.14;41.18
2204;2.63;4.62;21.08;41.01;41.31
2205;2.629;4.62;20.98;41.14;41.18
2206;2.628;4.62;20.98;41.39;41.18
2207;2.626;4.62;21.08;41.14;41.31
2208;2.625;4.62;20.98;41.14;41.31
2209;2.623;4.62;20.98;41.14;41.31
2210;2.622;4.62;20.98;41.14;41.31
2211;2.62;4.62;20.98;41.39;41.18
2212;2.618;4.62;20.98;41.26;41.31
2213;2.617;4.62;20.98;41.26;41.71
2214;2.616;4.62;20.87;41.14;41.44
2215;2.614;4.62;20.98;41.26;41.44
2216;2.612;4.62;20.98;41.01;41.57
2217;2.611;4.62;20.87;41.26;42.11
2218;2.609;4.62;20.98;41.26;41.57
2219;2.608;4.62;20.87;41.26;41.44
2220;2.606;4.62;20.87;41.26;41.71
2221;2.604;4.62;20.98;41.26;41.44
2222;2.603;4.62;20.87;41.26;41.57
2223;2.601;4.62;20.87;41.51;41.57
2224;2.599;4.62;20.87;41.26;41.97
2225;2.598;4.62;20.87;41.51;41.44
2226;2.596;4.62;20.87;41.39;41.71
2227;2.594;4.62;20.87;41.39;41.31
2228;2.592;4.62;20.87;41.39;41.57
2229;2.591;4.62;20.87;41.39;41.57
2230;2.589;4.62;20.87;41.39;41.97
2231;2.587;4.62;20.87;41.39;41.71
2232;2.585;4.62;20.87;40.77;41.71
2233;2.584;4.62;20.87;41.51;41.71
2234;2.582;4.62;20.98;41.51;41.44
2235;2.58;4.62;20.98;41.51;41.71
2236;2.578;4.62;20.98;41.51;41.84
2237;2.576;4.62;20.87;41.14;41.71
2238;2.574;4.62;20.87;41.51;41.71
2239;2.572;4.62;20.87;41.51;41.84
2240;2.57;4.62;20.87;41.64;41.84
2241;2.568;4.62;20.87;41.64;41.84
2242;2.566;4.62;20.87;41.64;41.84
2243;2.564;4.62;20.87;41.64;41.97
2244;2.562;4.62;20.87;40.64;41.84
2245;2.56;4.62;20.87;41.64;41.97
2246;2.557;4.62;20.87;41.64;41.84
2247;2.555;4.62;20.87;41.64;41.84
2248;2.553;4.62;20.87;41.64;41.97
2249;2.551;4.62;20.77;41.76;41.84
2250;2.548;4.62;20.87;41.64;41.97
2251;2.546;4.62;20.87;41.64;41.97
2252;2.544;4.62;20.87;41.76;43.89
2253;2.542;4.62;20.87;41.89;41.97
2254;2.539;4.62;20.87;41.64;41.97
2255;2.537;4.62;20.87;41.76;41.97
2256;2.535;4.62;20.87;41.89;42.92
2257;2.532;4.62;20.77;41.89;42.38
2258;2.53;4.62;20.87;41.76;42.11
2259;2.527;4.62;20.87;41.76;42.11
2260;2.525;4.62;20.87;41.64;41.97
2261;2.522;4.62;20.98;41.89;42.11
2262;2.52;4.62;20.98;41.89;42.24
2263;2.517;4.62;20.87;41.89;41.84
2264;2.514;4.62;20.87;42.02;41.97
2265;2.511;4.62;20.87;41.89;42.11
2266;2.509;4.62;20.87;41.89;42.11
2267;2.506;4.62;20.87;41.89;42.38
2268;2.503;4.62;20.87;42.02;42.24
2269;2.5;4.62;20.67;41.89;42.24
