time;voltage;current;ambient_temperature;surface_temperature_plus;surface_temperature_minus
0;0.004;0.0;21.28;20.17;20.42
1;3.363;5.798;21.38;20.17;20.42
2;3.312;6.16;21.28;20.17;20.32
3;3.314;6.16;21.38;19.87;20.42
4;3.312;6.16;21.38;20.17;20.42
5;3.308;6.16;21.38;20.17;20.52
6;3.306;6.16;21.38;20.27;20.42
7;3.308;6.16;21.38;20.17;20.52
8;3.309;6.16;21.38;20.27;20.32
9;3.306;6.16;21.38;19.97;20.52
10;3.307;6.16;21.38;20.17;20.72
11;3.307;6.16;21.28;20.37;20.22
12;3.308;6.16;21.38;20.17;20.32
13;3.308;6.16;21.38;20.37;20.52
14;3.308;6.16;21.38;20.27;20.42
15;3.308;6.16;21.38;20.47;20.42
16;3.307;6.16;21.38;20.37;20.62
17;3.307;6.16;21.38;20.27;20.62
18;3.307;6.16;21.38;20.37;20.62
19;3.307;6.16;21.38;20.37;20.72
20;3.307;6.16;21.38;20.47;20.42
21;3.307;6.16;21.38;20.47;20.32
22;3.306;6.16;21.38;20.47;20.52
23;3.306;6.16;21.38;20.27;20.72
24;3.305;6.16;21.38;20.67;20.72
25;3.304;6.16;21.38;20.47;20.72
26;3.304;6.16;21.38;20.47;20.92
27;3.304;6.16;21.38;20.57;20.82
28;3.303;6.16;21.38;20.57;20.92
29;3.302;6.16;21.38;20.67;20.82
30;3.302;6.16;21.38;20.57;20.92
31;3.301;6.16;21.38;20.57;20.92
32;3.301;6.16;21.28;20.77;20.92
33;3.301;6.16;21.48;20.77;21.02
34;3.3;6.16;21.38;20.87;20.92
35;3.3;6.16;21.38;21.38;21.02
36;3.299;6.16;21.38;20.77;21.02
37;3.299;6.16;21.38;20.87;21.12
38;3.299;6.16;21.38;20.87;21.22
39;3.298;6.16;21.38;20.87;21.12
40;3.298;6.16;21.38;21.18;21.22
41;3.297;6.16;21.28;20.98;21.22
42;3.297;6.16;21.38;20.98;21.32
43;3.296;6.16;21.28;21.08;21.22
44;3.295;6.16;21.38;21.08;21.32
45;3.295;6.16;21.38;21.38;21.42
46;3.295;6.16;21.38;21.18;21.52
47;3.295;6.16;21.48;21.28;21.42
48;3.294;6.16;21.48;21.28;21.02
49;3.294;6.16;21.38;21.28;21.73
50;3.294;6.16;21.38;21.28;21.52
51;3.294;6.16;21.38;21.38;21.42
52;3.293;6.16;21.38;21.48;21.62
53;3.293;6.16;21.38;21.38;21.62
54;3.292;6.16;21.38;21.48;21.42
55;3.292;6.16;21.38;21.48;21.42
56;3.292;6.16;21.38;21.58;21.73
57;3.292;6.16;21.38;21.48;21.52
58;3.292;6.16;21.28;21.68;21.83
59;3.291;6.16;21.38;21.58;21.73
60;3.291;6.16;21.38;21.68;21.93
61;3.291;6.16;21.38;21.08;21.93
62;3.291;6.16;21.38;21.68;22.13
63;3.291;6.16;21.38;21.68;22.03
64;3.29;6.16;21.38;21.78;21.93
65;3.29;6.16;21.38;21.89;22.03
66;3.29;6.16;21.48;21.78;22.13
67;3.29;6.16;21.48;21.89;22.03
68;3.29;6.16;21.58;21.89;22.13
69;3.29;6.16;21.48;21.89;22.03
70;3.289;6.16;21.48;22.19;22.23
71;3.289;6.16;21.48;21.99;22.03
72;3.289;6.16;21.48;22.19;22.43
73;3.289;6.16;21.48;22.09;22.33
74;3.288;6.16;21.48;22.19;22.43
75;3.288;6.16;21.48;22.19;22.43
76;3.289;6.16;21.48;22.19;22.53
77;3.289;6.16;21.48;21.78;22.43
78;3.289;6.16;21.48;22.19;22.53
79;3.289;6.16;21.48;22.29;22.84
80;3.289;6.16;21.48;22.39;22.53
81;3.288;6.16;21.48;22.29;22.64
82;3.288;6.16;21.48;22.6;22.53
83;3.288;6.16;21.48;22.49;22.74
84;3.288;6.16;21.48;22.49;22.53
85;3.288;6.16;21.38;22.6;22.74
86;3.288;6.16;21.48;22.49;22.94
87;3.288;6.16;21.48;22.7;22.94
88;3.288;6.16;21.48;22.7;22.94
89;3.288;6.16;21.48;22.7;23.15
90;3.288;6.16;21.48;22.8;23.97
91;3.288;6.16;21.38;22.6;23.04
92;3.288;6.16;21.48;23.0;23.35
93;3.287;6.16;21.48;22.9;23.25
94;3.288;6.16;21.48;22.9;23.15
95;3.288;6.16;21.48;23.0;23.35
96;3.288;6.16;21.48;22.9;23.35
97;3.288;6.16;21.48;23.0;23.25
98;3.288;6.16;21.48;23.1;23.35
99;3.288;6.16;21.38;23.21;23.45
100;3.287;6.16;21.48;23.1;23.56
101;3.287;6.16;21.48;23.41;23.56
102;3.287;6.16;21.48;23.31;23.56
103;3.287;6.16;21.38;23.31;23.66
104;3.287;6.16;21.48;23.31;23.66
105;3.287;6.16;21.38;23.41;23.76
106;3.287;6.16;21.48;23.41;23.86
107;3.287;6.16;21.38;23.0;23.97
108;3.287;6.16;21.38;23.61;23.76
109;3.287;6.16;21.38;23.51;23.97
110;3.286;6.16;21.38;23.61;23.97
111;3.286;6.16;21.08;23.61;24.07
112;3.286;6.16;21.38;23.61;24.07
113;3.286;6.16;21.38;23.82;24.17
114;3.286;6.16;21.38;23.61;24.07
115;3.285;6.16;21.38;24.02;24.28
116;3.285;6.16;21.38;23.82;24.17
117;3.285;6.16;21.48;23.92;24.07
118;3.285;6.16;21.48;23.72;24.38
119;3.285;6.16;21.38;23.82;24.28
120;3.285;6.16;21.38;24.02;24.17
121;3.285;6.16;21.38;24.02;24.38
122;3.285;6.16;21.38;24.13;24.38
123;3.284;6.16;21.38;23.82;24.48
124;3.284;6.16;21.38;24.13;24.59
125;3.284;6.16;21.38;24.23;24.48
126;3.284;6.16;21.38;24.33;24.69
127;3.284;6.16;21.38;24.33;24.79
128;3.284;6.16;21.38;24.33;24.69
129;3.284;6.16;21.38;24.43;24.48
130;3.284;6.16;21.48;24.43;24.9
131;3.284;6.16;21.38;24.43;24.38
132;3.283;6.16;21.38;24.23;24.9
133;3.283;6.16;21.38;24.64;24.9
134;3.283;6.16;21.38;24.64;24.79
135;3.283;6.16;21.38;24.74;24.69
136;3.283;6.16;21.48;24.85;25.0
137;3.283;6.16;21.38;24.74;25.1
138;3.283;6.16;21.38;24.74;25.21
139;3.283;6.16;21.28;24.95;25.1
140;3.283;6.16;21.38;24.74;25.42
141;3.283;6.16;21.38;24.85;25.1
142;3.283;6.16;21.38;24.95;25.21
143;3.282;6.16;21.38;24.95;25.21
144;3.282;6.16;21.38;24.95;25.1
145;3.282;6.16;21.38;25.15;25.31
146;3.282;6.16;21.38;25.36;25.42
147;3.282;6.16;21.38;24.95;25.42
148;3.282;6.16;21.38;25.15;25.42
149;3.281;6.16;21.48;25.15;25.73
150;3.281;6.16;21.28;25.26;25.52
151;3.281;6.16;21.38;25.26;25.52
152;3.281;6.16;21.38;25.46;26.04
153;3.281;6.16;21.38;25.26;25.63
154;3.28;6.16;21.48;25.26;25.63
155;3.28;6.16;21.38;25.36;25.73
156;3.28;6.16;21.38;25.46;25.63
157;3.28;6.16;21.38;25.57;25.63
158;3.279;6.16;21.38;25.78;25.73
159;3.279;6.16;21.38;25.57;25.63
160;3.279;6.16;21.38;25.67;25.94
161;3.279;6.16;21.38;25.67;25.73
162;3.278;6.16;21.38;25.67;26.04
163;3.278;6.16;21.38;25.67;25.94
164;3.278;6.16;21.38;25.78;26.04
165;3.278;6.16;21.38;25.78;26.15
166;3.278;6.16;21.38;25.88;26.15
167;3.278;6.16;21.48;25.67;26.15
168;3.278;6.16;21.38;25.98;26.26
169;3.277;6.16;21.38;25.98;25.84
170;3.277;6.16;21.38;25.98;26.26
171;3.277;6.16;21.38;26.09;26.15
172;3.277;6.16;21.38;26.29;26.47
173;3.276;6.16;21.48;26.19;26.36
174;3.276;6.16;21.38;26.29;26.47
175;3.276;6.16;21.38;26.19;26.47
176;3.275;6.16;21.38;26.29;26.78
177;3.275;6.16;21.38;26.19;26.57
178;3.275;6.16;21.38;26.4;27.0
179;3.275;6.16;21.38;26.29;26.78
180;3.274;6.16;21.38;26.4;27.1
181;3.274;6.16;21.38;26.5;26.57
182;3.274;6.16;21.38;26.5;26.68
183;3.273;6.16;21.28;26.5;26.78
184;3.273;6.16;21.38;26.61;27.1
185;3.273;6.16;21.38;26.61;26.89
186;3.272;6.16;21.38;26.5;26.89
187;3.272;6.16;21.38;26.82;26.89
188;3.272;6.16;21.38;26.71;27.0
189;3.272;6.16;21.28;26.82;27.0
190;3.271;6.16;21.38;26.71;27.1
191;3.271;6.16;21.48;27.02;27.1
192;3.27;6.16;21.38;26.82;27.31
193;3.27;6.16;21.38;26.92;27.1
194;3.27;6.16;21.28;26.92;27.31
195;3.27;6.16;21.38;27.02;27.0
196;3.269;6.16;21.38;27.23;27.42
197;3.269;6.16;21.38;27.02;27.21
198;3.268;6.16;21.38;27.23;27.31
199;3.268;6.16;21.38;28.39;27.42
200;3.268;6.16;21.38;27.13;27.31
201;3.267;6.16;21.38;27.34;27.42
202;3.267;6.16;21.48;27.13;27.42
203;3.267;6.16;21.38;27.23;27.53
204;3.266;6.16;21.48;27.23;27.53
205;3.266;6.16;21.38;27.34;27.64
206;3.266;6.16;21.38;27.34;27.53
207;3.265;6.16;21.38;27.34;27.64
208;3.265;6.16;21.38;27.55;27.64
209;3.265;6.16;21.38;27.55;28.06
210;3.265;6.16;21.38;27.55;27.64
211;3.264;6.16;21.38;27.55;27.85
212;3.264;6.16;21.38;27.55;28.5
213;3.264;6.16;21.38;27.55;27.85
214;3.263;6.16;21.48;27.65;27.85
215;3.263;6.16;21.38;27.65;27.96
216;3.263;6.16;21.38;27.76;28.06
217;3.262;6.16;21.38;27.44;28.06
218;3.262;6.16;21.38;27.76;28.06
219;3.262;6.16;21.48;27.65;28.28
220;3.262;6.16;21.48;26.71;28.17
221;3.261;6.16;21.38;27.86;28.06
222;3.261;6.16;21.38;27.86;28.28
223;3.261;6.16;21.38;27.97;28.17
224;3.261;6.16;21.38;28.08;28.28
225;3.261;6.16;21.38;28.08;28.28
226;3.261;6.16;21.48;28.39;28.39
227;3.26;6.16;21.38;28.08;28.06
228;3.26;6.16;21.38;28.18;28.39
229;3.26;6.16;21.38;28.18;28.5
230;3.259;6.16;21.48;28.18;28.5
231;3.259;6.16;21.38;28.29;28.6
232;3.259;6.16;21.38;28.29;28.71
233;3.259;6.16;21.38;28.39;28.5
234;3.258;6.16;21.48;28.29;28.6
235;3.258;6.16;21.38;28.18;28.6
236;3.258;6.16;21.38;28.5;28.71
237;3.258;6.16;21.38;28.5;28.71
238;3.257;6.16;21.38;28.6;28.6
239;3.257;6.16;21.38;28.5;28.93
240;3.257;6.16;21.38;28.5;29.37
241;3.257;6.16;21.38;28.6;28.71
242;3.256;6.16;21.38;28.6;28.82
243;3.256;6.16;21.38;28.71;28.82
244;3.256;6.16;21.38;28.71;28.82
245;3.255;6.16;21.38;28.82;29.04
246;3.255;6.16;21.38;28.71;28.93
247;3.255;6.16;21.38;28.71;28.82
248;3.254;6.16;21.38;28.92;28.06
249;3.254;6.16;21.38;28.92;29.26
250;3.253;6.16;21.38;28.92;29.15
251;3.253;6.16;21.38;28.92;29.15
252;3.253;6.16;21.38;29.03;29.26
253;3.252;6.16;21.38;29.03;29.26
254;3.252;6.16;21.48;29.03;29.26
255;3.251;6.16;21.38;27.34;29.37
256;3.251;6.16;21.38;29.14;29.15
257;3.251;6.16;21.38;29.46;29.37
258;3.251;6.16;21.38;29.14;29.37
259;3.25;6.16;21.38;29.24;29.58
260;3.25;6.16;21.38;29.35;29.47
261;3.25;6.16;21.38;29.24;29.15
262;3.249;6.16;21.38;29.35;29.58
263;3.249;6.16;21.38;29.35;29.58
264;3.249;6.16;21.38;29.46;29.69
265;3.248;6.16;21.38;29.46;29.58
266;3.248;6.16;21.38;29.46;29.58
267;3.248;6.16;21.38;29.46;29.47
268;3.247;6.16;21.38;29.56;29.8
269;3.247;6.16;21.38;29.56;29.69
270;3.246;6.16;21.38;29.56;30.13
271;3.246;6.16;21.28;29.67;29.8
272;3.245;6.16;21.38;29.56;29.91
273;3.245;6.16;21.38;29.67;29.8
274;3.245;6.16;21.38;29.67;29.91
275;3.244;6.16;21.38;29.88;29.91
276;3.244;6.16;21.38;29.78;30.13
277;3.244;6.16;21.38;29.88;30.02
278;3.243;6.16;21.38;29.88;30.13
279;3.243;6.16;21.38;29.78;30.13
280;3.243;6.16;21.38;29.88;30.13
281;3.242;6.16;21.38;29.88;30.24
282;3.242;6.16;21.38;30.1;30.24
283;3.242;6.16;21.38;29.99;30.24
284;3.241;6.16;21.48;29.99;30.24
285;3.241;6.16;21.38;30.1;30.36
286;3.241;6.16;21.48;29.99;30.47
287;3.24;6.16;21.28;30.21;30.36
288;3.24;6.16;21.38;30.1;30.24
289;3.24;6.16;21.38;30.1;30.47
290;3.239;6.16;21.38;30.21;30.47
291;3.239;6.16;21.48;30.21;30.47
292;3.238;6.16;21.38;30.21;30.69
293;3.238;6.16;21.38;30.32;30.47
294;3.237;6.16;21.38;30.32;30.58
295;3.237;6.16;21.38;30.32;30.69
296;3.237;6.16;21.38;30.21;30.36
297;3.236;6.16;21.38;30.42;30.69
298;3.236;6.16;21.38;30.42;30.69
299;3.236;6.16;21.38;30.53;30.69
300;3.235;6.16;21.38;30.53;30.8
301;3.235;6.16;21.38;30.64;30.91
302;3.234;6.16;21.38;30.53;30.8
303;3.234;6.16;21.38;30.64;30.69
304;3.234;6.16;21.38;30.75;30.91
305;3.233;6.16;21.28;30.64;30.91
306;3.233;6.16;21.38;30.75;30.91
307;3.232;6.16;21.38;30.96;31.02
308;3.232;6.16;21.38;30.75;30.13
309;3.232;6.16;21.38;30.86;31.02
310;3.231;6.16;21.38;30.86;31.02
311;3.231;6.16;21.38;30.75;30.91
312;3.23;6.16;21.38;30.86;31.02
313;3.23;6.16;21.38;30.96;31.13
314;3.229;6.16;21.38;30.96;31.36
315;3.229;6.16;21.38;30.86;30.8
316;3.228;6.16;21.38;31.07;31.25
317;3.228;6.16;21.38;30.96;31.25
318;3.228;6.16;21.38;30.75;31.47
319;3.227;6.16;21.38;31.07;31.36
320;3.227;6.16;21.38;30.75;31.25
321;3.226;6.16;21.38;31.18;31.36
322;3.226;6.16;21.38;31.29;31.47
323;3.226;6.16;21.38;31.18;31.36
324;3.225;6.16;21.38;31.18;31.47
325;3.225;6.16;21.38;31.29;31.92
326;3.224;6.16;21.38;31.4;31.47
327;3.224;6.16;21.38;31.29;31.47
328;3.224;6.16;21.38;31.29;31.58
329;3.223;6.16;21.38;29.46;31.47
330;3.223;6.16;21.38;31.4;31.7
331;3.222;6.16;21.28;31.51;31.7
332;3.222;6.16;21.38;31.62;31.47
333;3.221;6.16;21.38;31.51;31.7
334;3.221;6.16;21.38;31.51;31.7
335;3.221;6.16;21.38;31.51;31.7
336;3.22;6.16;21.48;31.51;31.7
337;3.22;6.16;21.38;31.62;31.81
338;3.22;6.16;21.38;31.73;31.81
339;3.219;6.16;21.38;31.62;31.92
340;3.219;6.16;21.38;31.62;31.81
341;3.218;6.16;21.38;31.51;31.92
342;3.218;6.16;21.38;32.28;31.92
343;3.217;6.16;21.38;31.84;31.81
344;3.217;6.16;21.38;31.73;32.26
345;3.216;6.16;21.38;31.84;32.04
346;3.216;6.16;21.38;31.62;32.15
347;3.216;6.16;21.38;31.95;32.15
348;3.215;6.16;21.38;31.84;32.04
349;3.215;6.16;21.38;31.95;32.04
350;3.215;6.16;21.38;32.06;32.49
351;3.214;6.16;21.28;31.95;32.38
352;3.214;6.16;21.38;32.06;32.26
353;3.213;6.16;21.48;32.06;32.26
354;3.213;6.16;21.38;32.06;32.26
355;3.212;6.16;21.38;32.06;31.81
356;3.212;6.16;21.38;32.06;32.26
357;3.212;6.16;21.48;31.95;32.61
358;3.211;6.16;21.38;32.17;32.38
359;3.211;6.16;21.38;32.28;32.49
360;3.21;6.16;21.38;32.17;32.38
361;3.21;6.16;21.48;32.06;32.38
362;3.209;6.16;21.38;32.28;32.38
363;3.209;6.16;21.48;32.28;32.61
364;3.209;6.16;21.68;32.28;32.49
365;3.208;6.16;21.38;32.28;32.49
366;3.208;6.16;21.38;32.39;32.38
367;3.207;6.16;21.38;32.39;32.38
368;3.207;6.16;21.38;32.39;32.49
369;3.207;6.16;21.38;32.5;32.61
370;3.206;6.16;21.48;32.5;32.49
371;3.206;6.16;21.38;32.39;32.72
372;3.206;6.16;21.38;32.5;32.72
373;3.205;6.16;21.38;32.39;32.72
374;3.205;6.16;21.38;32.61;32.72
375;3.204;6.16;21.38;32.61;32.61
376;3.204;6.16;21.38;32.61;32.83
377;3.203;6.16;21.38;32.72;32.83
378;3.203;6.16;21.38;32.72;32.72
379;3.203;6.16;21.38;32.83;33.06
380;3.202;6.16;21.38;32.61;32.95
381;3.202;6.16;21.48;32.83;32.83
382;3.201;6.16;21.48;32.83;32.83
383;3.201;6.16;21.38;32.83;32.83
384;3.201;6.16;21.38;32.83;32.95
385;3.201;6.16;21.48;32.83;33.06
386;3.2;6.16;21.38;32.83;33.41
387;3.2;6.16;21.48;32.94;33.06
388;3.199;6.16;21.48;33.05;33.06
389;3.199;6.16;21.48;32.94;32.83
390;3.199;6.16;21.38;32.94;33.29
391;3.199;6.16;21.48;33.05;33.06
392;3.198;6.16;21.38;33.05;33.29
393;3.197;6.16;21.38;33.05;32.95
394;3.197;6.16;21.48;33.16;33.18
395;3.197;6.16;21.48;33.05;33.53
396;3.196;6.16;21.48;32.94;33.29
397;3.196;6.16;21.48;33.16;33.76
398;3.196;6.16;21.48;33.38;33.41
399;3.195;6.16;21.48;33.27;33.29
400;3.195;6.16;21.48;33.27;33.53
401;3.194;6.16;21.48;33.27;33.29
402;3.194;6.16;21.48;33.38;33.41
403;3.193;6.16;21.48;33.38;33.53
404;3.193;6.16;21.48;33.27;33.53
405;3.193;6.16;21.48;33.38;33.41
406;3.192;6.16;21.48;33.38;33.41
407;3.192;6.16;21.28;33.38;33.53
408;3.191;6.16;21.48;33.38;33.64
409;3.191;6.16;21.48;33.38;33.53
410;3.191;6.16;21.48;33.5;33.53
411;3.19;6.16;21.48;33.5;33.53
412;3.189;6.16;21.48;33.5;33.64
413;3.189;6.16;21.48;33.61;33.99
414;3.188;6.16;21.58;33.61;33.64
415;3.188;6.16;21.58;33.61;33.64
416;3.188;6.16;21.48;33.94;33.64
417;3.187;6.16;21.48;33.61;33.76
418;3.187;6.16;21.48;33.61;34.11
419;3.186;6.16;21.58;33.83;33.76
420;3.186;6.16;21.48;33.72;33.64
421;3.185;6.16;21.48;33.94;33.87
422;3.185;6.16;21.48;33.72;33.87
423;3.184;6.16;21.48;33.72;33.99
424;3.184;6.161;21.48;33.83;33.76
425;3.184;6.16;21.48;34.96;33.99
426;3.183;6.16;21.48;33.83;33.87
427;3.183;6.16;22.09;33.83;33.99
428;3.182;6.16;21.48;33.83;34.11
429;3.182;6.16;21.58;33.94;34.34
430;3.182;6.16;21.58;34.06;33.99
431;3.181;6.16;21.48;33.94;34.11
432;3.181;6.16;21.58;33.94;33.99
433;3.18;6.16;21.58;33.94;34.11
434;3.18;6.16;21.68;33.94;34.11
435;3.18;6.16;21.58;34.06;33.99
436;3.179;6.16;21.58;33.94;34.11
437;3.179;6.16;21.58;33.94;34.23
438;3.178;6.16;21.68;34.06;34.23
439;3.178;6.16;21.58;34.06;34.23
440;3.177;6.16;21.58;34.06;34.23
441;3.176;6.16;21.68;34.06;34.11
442;3.176;6.16;21.58;34.17;34.11
443;3.176;6.16;21.58;34.06;34.11
444;3.175;6.16;21.58;34.06;33.99
445;3.175;6.16;21.68;34.17;34.34
446;3.174;6.16;21.58;34.17;34.23
447;3.174;6.16;21.58;34.06;34.23
448;3.173;6.16;21.58;34.28;34.46
449;3.173;6.16;21.58;34.17;33.41
450;3.172;6.16;21.68;33.94;34.11
451;3.172;6.16;21.68;34.28;34.34
452;3.171;6.16;21.68;34.28;34.34
453;3.171;6.16;21.68;34.28;34.34
454;3.17;6.16;21.68;34.28;34.34
455;3.17;6.16;21.68;34.28;34.46
456;3.169;6.16;21.58;34.28;34.46
457;3.169;6.16;21.68;34.4;34.58
458;3.168;6.16;21.68;34.4;34.46
459;3.168;6.16;21.68;34.4;34.23
460;3.168;6.16;21.68;34.62;34.46
461;3.167;6.16;21.58;34.62;34.58
462;3.167;6.16;21.68;34.51;34.58
463;3.166;6.16;21.68;34.28;34.46
464;3.166;6.16;21.68;34.62;34.58
465;3.165;6.16;21.68;34.51;34.34
466;3.165;6.16;21.68;34.62;34.7
467;3.164;6.16;21.68;34.62;34.81
468;3.164;6.16;21.58;34.62;35.65
469;3.163;6.16;21.58;34.62;34.7
470;3.163;6.16;21.58;34.62;34.81
471;3.162;6.16;21.68;34.85;34.81
472;3.162;6.16;21.58;34.85;34.93
473;3.161;6.16;21.58;34.85;34.81
474;3.161;6.16;21.68;34.74;36.49
475;3.16;6.16;21.58;34.74;34.93
476;3.16;6.16;21.58;34.85;34.93
477;3.159;6.16;21.58;34.85;34.7
478;3.159;6.16;21.68;34.96;35.05
479;3.158;6.16;21.58;35.19;35.17
480;3.158;6.16;21.58;34.96;35.05
481;3.157;6.16;21.58;35.08;34.81
482;3.157;6.16;21.58;34.96;35.05
483;3.156;6.16;21.48;34.96;34.81
484;3.156;6.16;21.68;35.08;35.05
485;3.155;6.16;21.58;35.08;35.05
486;3.155;6.16;21.68;35.08;35.29
487;3.154;6.16;21.58;34.74;35.17
488;3.154;6.16;21.58;35.08;35.05
489;3.153;6.16;21.58;35.3;35.41
490;3.153;6.16;21.58;35.19;35.17
491;3.152;6.16;21.58;34.96;35.29
492;3.152;6.16;21.58;35.19;35.29
493;3.151;6.16;21.58;35.3;35.29
494;3.151;6.16;21.58;35.3;35.29
495;3.15;6.16;21.58;35.42;35.05
496;3.15;6.16;21.58;35.3;35.29
497;3.149;6.16;21.58;35.42;35.41
498;3.149;6.16;21.58;35.42;35.41
499;3.149;6.16;21.58;35.42;35.29
500;3.148;6.16;21.58;35.53;35.53
501;3.148;6.16;21.58;35.3;35.41
502;3.147;6.16;21.58;34.17;35.41
503;3.146;6.16;21.58;35.53;35.53
504;3.146;6.16;21.58;35.42;35.53
505;3.145;6.16;21.68;35.53;35.41
506;3.145;6.16;21.68;35.53;35.53
507;3.144;6.16;21.58;35.53;35.65
508;3.144;6.16;21.58;35.53;35.65
509;3.143;6.16;21.58;35.65;35.65
510;3.143;6.16;21.58;35.65;35.65
511;3.142;6.16;21.58;35.65;33.41
512;3.142;6.16;21.58;35.76;35.77
513;3.141;6.16;21.58;35.76;35.77
514;3.141;6.16;21.28;35.65;35.89
515;3.14;6.16;21.58;35.65;35.77
516;3.14;6.16;21.58;35.76;35.77
517;3.139;6.16;21.58;35.76;36.01
518;3.139;6.16;21.78;35.76;35.77
519;3.138;6.16;21.68;35.76;35.89
520;3.138;6.16;21.58;35.76;35.77
521;3.137;6.16;21.68;35.65;35.89
522;3.137;6.16;21.68;35.99;35.77
523;3.136;6.16;21.68;35.88;35.89
524;3.135;6.16;21.58;35.88;35.89
525;3.135;6.16;21.58;35.88;36.01
526;3.134;6.16;21.58;35.88;35.29
527;3.134;6.16;21.58;35.99;36.01
528;3.133;6.16;21.58;35.76;36.13
529;3.133;6.16;21.58;36.11;35.89
530;3.132;6.16;21.58;36.11;35.89
531;3.132;6.16;21.58;35.99;35.89
532;3.131;6.16;21.58;36.11;36.13
533;3.131;6.16;21.58;36.11;35.89
534;3.13;6.16;21.58;36.11;36.25
535;3.13;6.16;21.58;36.11;36.13
536;3.129;6.16;21.58;36.22;36.01
537;3.129;6.16;21.58;36.11;36.13
538;3.128;6.16;21.58;36.22;36.25
539;3.128;6.16;21.58;36.22;36.13
540;3.127;6.16;21.58;36.81;36.13
541;3.126;6.16;21.58;36.22;36.25
542;3.126;6.16;21.48;36.34;36.25
543;3.125;6.16;21.58;36.34;36.37
544;3.125;6.16;21.58;36.22;36.49
545;3.124;6.16;21.58;36.57;36.49
546;3.124;6.16;21.68;36.34;36.37
547;3.123;6.16;21.48;36.34;36.37
548;3.123;6.16;21.48;36.46;36.49
549;3.122;6.16;21.48;36.34;36.37
550;3.122;6.16;21.58;36.22;36.49
551;3.121;6.16;21.58;36.46;35.41
552;3.121;6.16;21.48;36.46;36.37
553;3.12;6.16;21.48;36.46;36.49
554;3.12;6.16;21.48;36.46;36.49
555;3.119;6.16;21.48;36.57;36.61
556;3.119;6.16;21.48;36.57;36.74
557;3.118;6.16;21.48;36.11;36.37
558;3.118;6.16;21.58;36.81;36.61
559;3.117;6.16;21.58;36.81;36.61
560;3.117;6.16;21.48;36.69;36.25
561;3.116;6.16;21.48;36.69;36.61
562;3.115;6.16;21.58;36.46;37.1
563;3.115;6.16;21.48;36.81;36.61
564;3.114;6.16;21.58;36.69;36.61
565;3.114;6.16;21.48;36.81;36.61
566;3.113;6.16;21.48;36.81;36.74
567;3.113;6.16;21.48;36.69;36.74
568;3.112;6.16;21.48;37.27;36.86
569;3.111;6.16;21.48;36.92;36.74
570;3.111;6.16;21.48;36.92;36.74
571;3.11;6.16;21.58;37.27;36.74
572;3.11;6.16;21.48;36.69;36.74
573;3.109;6.16;21.48;36.81;37.1
574;3.109;6.16;21.48;36.92;36.74
575;3.108;6.16;21.48;36.92;36.86
576;3.107;6.16;21.48;37.04;36.61
577;3.107;6.16;21.48;37.04;36.86
578;3.106;6.16;21.48;36.92;36.98
579;3.106;6.16;21.48;37.04;36.98
580;3.105;6.16;21.48;37.04;36.98
581;3.105;6.16;21.48;36.92;37.1
582;3.104;6.16;21.58;37.04;36.98
583;3.104;6.16;21.48;37.04;37.1
584;3.103;6.16;21.48;37.27;36.86
585;3.103;6.16;21.48;37.16;37.1
586;3.102;6.16;21.48;37.16;37.1
587;3.101;6.16;21.48;36.92;36.98
588;3.101;6.16;21.38;37.27;37.23
589;3.1;6.16;21.48;37.39;37.1
590;3.1;6.16;21.48;37.27;37.1
591;3.099;6.16;21.48;37.27;37.1
592;3.099;6.16;21.48;37.27;37.23
593;3.098;6.16;21.38;37.27;37.23
594;3.098;6.16;21.48;37.86;37.23
595;3.097;6.16;21.38;37.51;37.35
596;3.097;6.16;21.48;37.39;37.35
597;3.096;6.16;21.38;37.27;37.35
598;3.096;6.16;21.38;37.51;37.72
599;3.095;6.16;21.48;37.39;37.35
600;3.095;6.16;21.48;37.39;37.47
601;3.094;6.16;21.48;37.51;37.47
602;3.093;6.16;21.48;37.51;37.47
603;3.093;6.16;21.48;37.51;37.47
604;3.092;6.16;21.48;37.51;37.47
605;3.091;6.16;21.48;37.74;37.6
606;3.091;6.16;21.38;37.51;37.47
607;3.09;6.16;21.58;37.63;37.47
608;3.09;6.16;21.28;37.63;37.6
609;3.089;6.16;21.48;37.63;37.6
610;3.089;6.16;21.38;37.74;37.35
611;3.088;6.16;21.38;38.1;37.6
612;3.088;6.16;21.48;37.98;37.6
613;3.087;6.16;21.48;37.74;37.72
614;3.086;6.16;21.38;37.74;37.72
615;3.086;6.16;21.38;37.86;37.97
616;3.085;6.16;21.28;37.86;37.47
617;3.085;6.16;21.38;37.74;37.47
618;3.084;6.16;21.38;38.1;37.97
619;3.083;6.16;21.38;37.86;37.72
620;3.083;6.16;21.38;37.86;37.72
621;3.082;6.16;21.38;37.98;38.22
622;3.082;6.16;21.38;37.98;37.84
623;3.081;6.16;21.38;37.98;37.72
624;3.081;6.16;21.38;37.98;37.97
625;3.08;6.16;21.38;38.1;37.84
626;3.08;6.16;21.38;37.98;37.97
627;3.079;6.16;21.28;37.98;37.97
628;3.078;6.16;21.38;38.1;38.09
629;3.078;6.16;21.38;38.1;38.09
630;3.077;6.16;21.38;38.1;38.09
631;3.077;6.16;21.28;38.1;38.09
632;3.076;6.16;21.28;37.63;37.97
633;3.076;6.16;21.28;38.1;38.09
634;3.075;6.16;21.28;38.22;37.97
635;3.075;6.16;21.28;38.22;38.09
636;3.074;6.16;21.28;37.98;38.22
637;3.074;6.16;21.28;38.34;38.09
638;3.073;6.16;21.28;38.22;38.22
639;3.072;6.16;21.28;38.22;38.22
640;3.072;6.16;21.28;38.22;38.34
641;3.071;6.16;21.28;38.22;38.22
642;3.07;6.16;21.28;38.22;38.22
643;3.07;6.16;21.28;38.22;37.72
644;3.069;6.16;21.28;38.34;38.34
645;3.069;6.16;21.28;38.34;38.98
646;3.068;6.16;21.28;38.34;38.34
647;3.068;6.16;21.28;38.34;38.22
648;3.067;6.16;21.28;38.34;38.34
649;3.067;6.16;21.28;38.22;38.34
650;3.066;6.16;21.28;38.46;38.34
651;3.066;6.16;21.28;38.46;38.47
652;3.065;6.16;21.28;38.46;38.34
653;3.065;6.16;21.28;38.46;38.22
654;3.064;6.16;21.28;38.1;38.47
655;3.063;6.16;21.28;38.58;38.47
656;3.063;6.16;21.28;38.46;39.49
657;3.062;6.16;21.28;38.58;38.22
658;3.062;6.16;21.28;38.22;38.47
659;3.061;6.16;21.18;38.7;38.47
660;3.06;6.16;21.28;38.58;38.47
661;3.06;6.16;21.18;38.58;38.6
662;3.059;6.16;21.08;38.58;38.6
663;3.059;6.16;21.28;38.58;38.6
664;3.058;6.16;21.28;38.7;37.97
665;3.058;6.16;21.28;38.7;38.6
666;3.057;6.16;21.18;38.82;38.85
667;3.057;6.16;21.28;38.7;38.72
668;3.056;6.16;21.28;38.7;38.72
669;3.055;6.16;21.18;38.7;38.6
670;3.055;6.16;21.58;38.82;38.72
671;3.054;6.16;21.18;38.82;38.72
672;3.054;6.16;21.28;38.82;38.85
673;3.053;6.16;21.18;38.82;38.72
674;3.052;6.16;21.28;38.94;38.47
675;3.052;6.16;21.18;38.94;38.72
676;3.051;6.16;21.18;38.94;38.85
677;3.051;6.16;21.18;38.7;38.98
678;3.05;6.16;21.68;39.06;38.85
679;3.05;6.16;21.18;38.94;38.72
680;3.049;6.16;21.18;38.82;38.85
681;3.049;6.16;21.18;38.94;38.85
682;3.048;6.16;21.18;38.94;38.98
683;3.047;6.16;21.18;39.3;38.98
684;3.047;6.16;21.18;38.94;38.98
685;3.046;6.16;21.18;39.3;38.98
686;3.046;6.16;21.28;39.06;38.98
687;3.045;6.16;21.18;39.18;38.85
688;3.044;6.16;21.08;39.06;38.85
689;3.044;6.16;21.08;39.06;39.1
690;3.043;6.16;21.18;39.66;39.1
691;3.043;6.16;21.18;38.94;38.98
692;3.042;6.16;21.28;39.18;38.98
693;3.042;6.16;21.18;39.18;39.23
694;3.041;6.16;21.18;39.66;38.6
695;3.041;6.16;21.18;39.18;38.72
696;3.04;6.16;21.18;38.82;39.23
697;3.039;6.16;21.18;39.3;39.23
698;3.039;6.16;21.18;39.18;39.1
699;3.038;6.16;21.18;39.3;39.36
700;3.038;6.16;21.08;39.3;39.23
701;3.037;6.16;21.18;39.18;39.49
702;3.037;6.16;21.18;39.18;39.1
703;3.036;6.16;21.18;39.3;39.36
704;3.035;6.16;21.18;39.42;39.36
705;3.035;6.16;21.18;39.66;39.36
706;3.034;6.16;21.08;39.06;39.49
707;3.034;6.16;21.08;39.42;39.49
708;3.033;6.16;21.18;39.42;39.36
709;3.033;6.16;21.18;39.3;39.49
710;3.032;6.16;21.08;39.54;39.49
711;3.032;6.16;21.08;39.42;41.31
712;3.031;6.16;21.18;39.78;39.49
713;3.03;6.16;21.18;39.54;39.49
714;3.03;6.16;21.08;39.42;39.49
715;3.029;6.16;21.08;39.54;39.49
716;3.029;6.16;21.08;39.42;39.49
717;3.028;6.16;21.18;39.3;39.49
718;3.028;6.16;21.08;39.54;39.74
719;3.027;6.16;21.18;39.54;39.61
720;3.027;6.16;21.18;39.54;39.61
721;3.026;6.16;21.18;39.66;39.61
722;3.026;6.16;21.08;39.54;39.87
723;3.025;6.16;21.18;39.66;39.74
724;3.025;6.16;21.08;39.66;39.74
725;3.024;6.16;21.18;39.66;39.1
726;3.023;6.16;21.18;39.54;39.74
727;3.023;6.16;21.08;39.78;39.87
728;3.022;6.16;21.08;39.66;39.74
729;3.022;6.16;21.08;39.66;39.87
730;3.021;6.16;21.08;39.66;39.87
731;3.021;6.16;21.08;39.78;39.74
732;3.02;6.16;21.08;39.66;39.87
733;3.02;6.16;21.08;39.78;39.87
734;3.019;6.16;21.18;39.78;39.87
735;3.018;6.16;21.08;39.66;39.74
736;3.018;6.16;21.08;39.78;39.87
737;3.017;6.16;21.08;39.78;39.61
738;3.017;6.16;21.08;39.78;40.26
739;3.016;6.16;21.08;40.03;41.57
740;3.016;6.16;21.08;39.66;40.0
741;3.015;6.16;21.18;40.03;40.0
742;3.014;6.16;21.08;39.91;40.26
743;3.014;6.16;21.08;39.91;40.0
744;3.013;6.16;21.08;39.91;40.0
745;3.013;6.16;21.08;40.03;40.0
746;3.012;6.16;21.18;39.91;40.26
747;3.011;6.16;21.08;39.91;39.87
748;3.011;6.16;21.08;39.78;40.13
749;3.01;6.16;21.08;40.03;39.36
750;3.01;6.16;21.08;40.03;39.87
751;3.009;6.16;21.08;40.03;40.13
752;3.009;6.16;21.18;40.03;40.26
753;3.008;6.16;21.08;40.03;40.13
754;3.008;6.16;21.08;40.03;40.13
755;3.007;6.16;21.08;39.91;40.13
756;3.006;6.16;21.08;40.03;40.39
757;3.006;6.16;21.08;40.15;40.52
758;3.005;6.16;21.08;40.15;40.26
759;3.005;6.16;21.08;40.15;40.39
760;3.004;6.16;21.08;40.15;40.13
761;3.004;6.16;21.08;40.15;40.39
762;3.003;6.16;21.08;40.27;40.13
763;3.003;6.16;21.08;40.15;40.26
764;3.002;6.16;21.08;40.27;40.26
765;3.001;6.16;21.08;40.27;40.13
766;3.001;6.16;21.08;40.27;40.26
767;3.0;6.16;21.08;40.4;40.39
768;3.0;6.16;21.08;40.64;40.39
769;2.999;6.16;21.08;40.27;40.39
770;2.999;6.16;20.98;40.27;40.52
771;2.998;6.16;21.08;40.27;40.39
772;2.998;6.16;21.08;40.27;40.52
773;2.997;6.16;21.08;40.27;40.52
774;2.996;6.16;21.08;40.52;40.65
775;2.996;6.16;21.08;40.64;40.52
776;2.995;6.16;21.08;40.4;40.39
777;2.995;6.16;21.08;40.4;40.0
778;2.994;6.16;21.08;40.15;40.65
779;2.994;6.16;21.08;40.15;40.26
780;2.993;6.16;20.98;40.27;40.65
781;2.993;6.16;21.08;40.4;40.65
782;2.992;6.16;21.08;40.64;40.78
783;2.991;6.16;21.08;40.64;40.65
784;2.991;6.16;21.08;40.52;40.65
785;2.99;6.16;21.18;40.52;40.65
786;2.99;6.16;21.08;40.64;40.78
787;2.989;6.16;21.08;40.52;40.78
788;2.989;6.16;21.08;40.52;40.65
789;2.988;6.16;21.08;40.52;40.78
790;2.987;6.16;21.08;40.64;41.04
791;2.987;6.16;21.08;40.64;40.78
792;2.986;6.16;21.08;40.64;40.78
793;2.986;6.16;20.98;40.52;40.78
794;2.985;6.16;21.08;40.77;40.78
795;2.985;6.16;21.08;40.77;40.65
796;2.984;6.16;21.08;40.77;40.91
797;2.984;6.16;21.08;40.77;40.91
798;2.983;6.16;20.98;40.64;40.91
799;2.983;6.16;21.08;40.77;41.31
800;2.982;6.16;20.98;40.77;40.78
801;2.982;6.16;21.08;40.77;40.91
802;2.981;6.16;21.08;40.77;41.04
803;2.98;6.16;21.08;40.77;40.91
804;2.98;6.16;21.08;40.77;41.71
805;2.979;6.16;20.98;40.89;41.18
806;2.979;6.16;20.98;40.89;41.18
807;2.978;6.16;20.87;40.89;40.91
808;2.978;6.16;20.98;40.89;41.18
809;2.977;6.16;20.98;40.77;40.91
810;2.977;6.16;20.98;40.89;41.18
811;2.976;6.16;20.98;41.01;41.18
812;2.975;6.16;20.98;40.89;41.04
813;2.975;6.16;20.98;40.77;41.04
814;2.974;6.16;20.98;40.89;41.18
815;2.974;6.16;20.98;41.01;41.18
816;2.973;6.16;20.98;41.01;41.18
817;2.973;6.16;20.98;40.89;41.18
818;2.972;6.16;20.98;41.01;41.18
819;2.972;6.16;20.98;41.01;41.18
820;2.971;6.16;20.98;41.01;41.31
821;2.971;6.16;20.98;41.01;41.31
822;2.97;6.16;20.98;41.01;41.31
823;2.969;6.16;20.98;41.01;41.44
824;2.969;6.16;20.98;41.26;41.31
825;2.968;6.16;20.98;41.26;41.31
826;2.968;6.16;20.98;41.01;41.44
827;2.967;6.16;20.98;41.14;41.31
828;2.967;6.16;20.98;41.01;40.91
829;2.966;6.16;20.98;40.89;41.31
830;2.966;6.16;20.98;41.14;41.71
831;2.965;6.16;20.98;41.14;41.31
832;2.965;6.16;20.98;41.14;41.44
833;2.964;6.16;20.98;41.14;41.31
834;2.963;6.16;20.98;41.14;41.44
835;2.963;6.16;20.87;41.14;41.71
836;2.962;6.16;20.98;41.39;41.44
837;2.962;6.16;20.98;41.14;41.44
838;2.961;6.16;20.98;41.64;41.71
839;2.961;6.16;20.98;41.26;41.57
840;2.96;6.16;20.98;41.26;41.57
841;2.96;6.16;20.98;40.77;41.57
842;2.959;6.16;20.98;41.39;41.57
843;2.959;6.16;20.98;41.26;41.57
844;2.958;6.16;20.98;41.39;41.57
845;2.958;6.16;21.08;41.39;41.57
846;2.957;6.16;20.98;41.39;42.11
847;2.957;6.16;20.98;41.39;41.84
848;2.956;6.16;20.98;41.26;41.71
849;2.956;6.16;20.98;41.51;41.71
850;2.955;6.16;20.98;41.39;41.71
851;2.955;6.16;20.98;41.39;41.44
852;2.954;6.16;20.98;41.39;41.71
853;2.954;6.16;20.98;41.51;41.44
854;2.953;6.16;20.98;41.51;41.71
855;2.953;6.16;20.98;41.51;41.84
856;2.952;6.16;20.98;41.14;41.71
857;2.952;6.16;21.08;41.64;41.84
858;2.951;6.16;20.98;41.51;41.44
859;2.951;6.16;20.98;41.51;41.84
860;2.95;6.16;20.98;41.76;41.84
861;2.949;6.16;20.98;41.64;41.84
862;2.949;6.16;20.98;41.64;41.71
863;2.948;6.16;21.08;41.64;41.71
864;2.948;6.16;20.98;41.64;41.84
865;2.947;6.16;20.98;41.64;41.97
866;2.947;6.16;20.98;41.64;41.97
867;2.946;6.16;20.98;41.64;41.97
868;2.946;6.16;20.98;41.64;41.84
869;2.945;6.16;20.98;41.64;41.97
870;2.945;6.16;20.87;41.76;41.97
871;2.944;6.16;20.98;41.76;41.97
872;2.944;6.16;20.87;41.64;41.97
873;2.943;6.16;20.87;41.76;42.11
874;2.943;6.16;20.98;41.76;42.11
875;2.942;6.16;20.87;41.89;41.97
876;2.942;6.16;20.87;41.76;42.11
877;2.941;6.16;20.98;41.89;42.11
878;2.941;6.16;20.98;41.76;42.11
879;2.941;6.16;20.98;41.89;42.24
880;2.94;6.16;20.98;41.89;42.11
881;2.94;6.16;20.98;41.89;42.11
882;2.939;6.16;20.87;41.89;42.11
883;2.939;6.16;20.98;41.76;42.38
884;2.938;6.16;20.98;41.89;42.24
885;2.938;6.16;20.87;42.02;42.24
886;2.937;6.16;20.87;42.02;42.11
887;2.936;6.16;20.87;41.89;42.24
888;2.936;6.16;20.98;41.89;41.97
889;2.935;6.16;20.87;42.02;42.24
890;2.935;6.16;20.98;42.02;42.24
891;2.935;6.16;20.87;42.02;42.24
892;2.934;6.16;20.87;42.02;42.38
893;2.934;6.16;20.87;42.02;42.38
894;2.933;6.16;20.87;42.02;42.24
895;2.933;6.16;20.98;42.27;42.51
896;2.932;6.16;20.87;42.27;42.24
897;2.932;6.16;20.87;42.14;42.38
898;2.931;6.16;20.87;42.14;42.38
899;2.931;6.16;20.87;42.14;42.38
900;2.93;6.16;20.87;42.02;42.51
901;2.93;6.16;20.98;42.14;42.11
902;2.929;6.16;20.87;42.14;42.38
903;2.929;6.16;20.87;42.4;42.11
904;2.928;6.16;20.98;42.14;42.38
905;2.928;6.16;20.98;42.14;42.51
906;2.927;6.16;20.98;42.14;42.51
907;2.927;6.16;20.98;42.27;42.38
908;2.926;6.16;20.87;42.27;42.51
909;2.926;6.16;20.98;42.27;42.65
910;2.925;6.16;20.98;42.14;41.44
911;2.925;6.16;20.98;42.4;42.65
912;2.924;6.16;20.98;42.52;42.51
913;2.924;6.16;20.98;42.27;42.65
914;2.923;6.16;20.87;42.4;42.51
915;2.923;6.16;20.98;42.4;42.65
916;2.922;6.16;20.98;42.27;42.51
917;2.922;6.16;20.98;42.14;42.65
918;2.921;6.16;20.98;41.89;42.65
919;2.921;6.16;21.08;42.4;42.92
920;2.921;6.16;20.98;42.4;42.51
921;2.92;6.16;20.98;42.4;42.65
922;2.92;6.16;20.98;42.4;42.65
923;2.919;6.16;20.98;42.4;42.79
924;2.919;6.16;20.98;42.78;42.65
925;2.918;6.16;20.98;42.14;42.65
926;2.918;6.16;20.87;42.52;42.65
927;2.917;6.16;20.87;42.78;42.79
928;2.917;6.16;20.98;42.65;42.65
929;2.916;6.16;20.98;42.52;42.51
930;2.916;6.16;20.87;42.65;42.79
931;2.915;6.16;20.98;42.52;42.79
932;2.915;6.16;20.98;42.65;42.79
933;2.914;6.16;20.98;42.52;42.79
934;2.914;6.16;20.87;42.52;42.79
935;2.914;6.16;20.98;42.52;42.79
936;2.913;6.16;20.98;42.52;42.79
937;2.913;6.16;20.87;42.52;42.79
938;2.912;6.16;20.87;42.78;42.79
939;2.912;6.16;20.87;42.52;42.92
940;2.911;6.16;20.98;42.78;42.79
941;2.911;6.16;20.87;42.52;42.92
942;2.91;6.16;20.87;42.91;42.79
943;2.91;6.16;20.87;42.52;42.92
944;2.91;6.16;20.87;42.91;43.33
945;2.909;6.16;20.87;42.91;42.92
946;2.909;6.16;20.87;42.52;43.06
947;2.908;6.16;20.87;42.65;42.92
948;2.908;6.16;20.87;42.52;42.92
949;2.907;6.16;20.87;42.91;43.06
950;2.907;6.16;20.98;42.78;43.06
951;2.907;6.16;20.98;42.91;43.06
952;2.906;6.16;20.98;42.78;43.06
953;2.906;6.16;20.87;42.78;43.2
954;2.905;6.16;20.87;42.91;43.2
955;2.905;6.16;20.98;43.03;43.06
956;2.904;6.16;20.87;42.78;43.2
957;2.904;6.16;20.87;42.78;43.06
958;2.904;6.16;20.98;42.91;43.2
959;2.903;6.16;20.87;43.16;43.06
960;2.903;6.16;20.98;42.91;43.06
961;2.902;6.16;20.98;42.91;43.06
962;2.902;6.16;20.98;42.91;43.2
963;2.901;6.16;20.98;42.91;43.2
964;2.901;6.16;21.08;42.91;43.33
965;2.9;6.16;20.98;43.03;43.2
966;2.9;6.16;20.98;43.03;43.2
967;2.9;6.16;20.87;43.03;43.33
968;2.899;6.16;20.98;43.03;42.92
969;2.899;6.16;20.98;43.03;43.33
970;2.898;6.16;20.98;43.03;43.33
971;2.898;6.16;20.87;43.03;43.61
972;2.898;6.16;20.98;43.03;43.47
973;2.897;6.16;20.98;43.03;43.33
974;2.897;6.16;20.98;43.16;43.47
975;2.896;6.16;20.98;43.16;43.33
976;2.896;6.16;20.87;43.68;43.47
977;2.895;6.16;20.87;43.16;43.47
978;2.895;6.16;20.87;43.03;43.33
979;2.895;6.16;20.98;43.16;43.33
980;2.894;6.16;20.98;43.16;43.47
981;2.894;6.16;20.98;43.16;43.47
982;2.893;6.16;20.98;43.16;43.47
983;2.893;6.16;20.98;43.16;43.47
984;2.892;6.16;21.08;43.16;43.47
985;2.892;6.16;20.98;43.16;43.75
986;2.892;6.16;20.98;43.16;43.2
987;2.891;6.16;21.08;43.16;43.61
988;2.891;6.16;20.98;43.16;43.75
989;2.89;6.16;20.98;43.29;43.61
990;2.89;6.16;20.98;43.29;43.75
991;2.889;6.16;20.98;43.29;43.89
992;2.889;6.16;20.98;43.42;43.47
993;2.888;6.16;20.98;43.29;43.61
994;2.888;6.16;20.98;43.16;43.75
995;2.887;6.16;20.98;43.29;43.61
996;2.887;6.16;21.08;43.42;43.75
997;2.887;6.16;20.98;43.42;43.61
998;2.886;6.16;20.98;43.42;43.75
999;2.886;6.16;20.98;43.55;43.47
1000;2.885;6.16;20.98;43.42;43.75
1001;2.885;6.16;20.98;43.42;43.33
1002;2.884;6.16;20.98;43.42;44.03
1003;2.884;6.16;20.98;42.52;43.75
1004;2.884;6.16;20.98;43.42;43.61
1005;2.883;6.16;20.98;43.55;43.75
1006;2.883;6.16;20.98;43.55;43.75
1007;2.882;6.16;20.87;43.55;43.75
1008;2.882;6.16;20.98;43.42;43.89
1009;2.881;6.16;20.98;43.55;43.75
1010;2.881;6.16;20.98;43.55;43.89
1011;2.881;6.16;20.98;43.42;43.75
1012;2.88;6.16;20.98;43.55;43.33
1013;2.88;6.16;20.87;43.81;43.61
1014;2.879;6.16;20.98;43.55;43.89
1015;2.879;6.16;20.98;43.55;43.89
1016;2.879;6.16;20.98;43.55;43.61
1017;2.878;6.16;20.98;43.55;43.75
1018;2.878;6.16;20.98;43.55;43.75
1019;2.877;6.16;20.87;43.55;43.75
1020;2.877;6.16;20.87;43.81;43.89
1021;2.877;6.16;20.98;43.68;43.89
1022;2.876;6.16;20.98;43.68;43.89
1023;2.876;6.16;20.98;43.68;43.89
1024;2.875;6.16;20.98;43.68;43.89
1025;2.875;6.16;20.87;43.68;43.89
1026;2.875;6.16;20.98;43.81;43.89
1027;2.874;6.16;20.98;43.81;44.03
1028;2.874;6.16;20.87;43.81;44.03
1029;2.873;6.16;20.87;43.81;44.03
1030;2.873;6.16;20.87;43.81;43.75
1031;2.872;6.16;21.08;43.81;44.03
1032;2.872;6.16;20.87;44.2;44.03
1033;2.872;6.16;20.98;43.81;44.03
1034;2.871;6.16;20.98;43.81;44.03
1035;2.871;6.16;20.98;43.81;44.31
1036;2.87;6.16;20.87;43.81;44.03
1037;2.87;6.16;20.98;43.81;44.17
1038;2.87;6.16;20.87;43.94;44.45
1039;2.869;6.16;20.98;43.81;44.03
1040;2.869;6.16;20.98;43.94;44.17
1041;2.868;6.16;20.98;43.94;44.45
1042;2.868;6.16;20.87;43.94;44.31
1043;2.867;6.16;20.87;43.94;44.31
1044;2.867;6.16;20.98;44.2;44.31
1045;2.867;6.16;20.98;43.94;44.03
1046;2.866;6.16;20.98;43.94;44.31
1047;2.866;6.16;20.98;44.07;43.89
1048;2.865;6.16;20.98;43.94;44.03
1049;2.865;6.16;20.98;44.07;44.31
1050;2.864;6.16;20.87;43.94;44.17
1051;2.864;6.16;20.87;44.2;44.31
1052;2.863;6.16;20.98;44.07;44.31
1053;2.863;6.16;20.98;44.07;44.03
1054;2.862;6.16;20.98;44.07;44.31
1055;2.862;6.16;20.87;43.94;44.31
1056;2.861;6.16;20.87;44.2;44.45
1057;2.861;6.16;20.87;44.2;44.31
1058;2.86;6.16;20.57;44.33;44.31
1059;2.86;6.16;20.87;44.33;44.31
1060;2.86;6.16;20.98;44.2;44.31
1061;2.859;6.16;20.87;44.2;44.31
1062;2.859;6.16;20.87;44.2;44.45
1063;2.858;6.16;20.87;44.2;44.45
1064;2.858;6.16;20.87;44.33;44.45
1065;2.857;6.16;20.87;44.2;44.45
1066;2.857;6.16;20.87;44.2;44.45
1067;2.857;6.16;20.87;44.07;44.31
1068;2.856;6.16;20.87;44.2;44.59
1069;2.856;6.16;20.87;44.2;44.31
1070;2.855;6.16;20.87;44.33;44.59
1071;2.855;6.16;20.87;44.46;44.31
1072;2.854;6.16;20.87;44.33;44.59
1073;2.854;6.16;20.87;44.33;44.59
1074;2.853;6.16;20.87;44.33;44.73
1075;2.853;6.16;20.98;44.6;44.59
1076;2.853;6.16;20.87;44.33;44.59
1077;2.852;6.16;20.87;44.73;44.73
1078;2.852;6.16;20.87;44.6;44.59
1079;2.851;6.16;20.87;44.6;44.73
1080;2.851;6.16;20.98;44.33;44.59
1081;2.85;6.16;20.87;44.46;44.59
1082;2.85;6.16;20.87;44.46;44.59
1083;2.85;6.16;20.87;44.46;44.87
1084;2.849;6.16;20.87;44.46;45.01
1085;2.849;6.16;20.98;44.6;44.87
1086;2.848;6.16;20.87;44.46;44.73
1087;2.848;6.16;20.87;44.46;44.73
1088;2.847;6.16;20.87;44.46;44.73
1089;2.847;6.16;20.87;44.46;44.87
1090;2.846;6.16;20.87;44.46;45.16
1091;2.846;6.16;20.87;44.6;44.73
1092;2.846;6.16;20.98;44.6;44.87
1093;2.845;6.16;20.87;44.6;44.87
1094;2.845;6.16;20.87;44.6;45.16
1095;2.844;6.16;20.87;44.73;44.87
1096;2.844;6.16;20.87;44.6;44.87
1097;2.843;6.16;20.87;44.73;44.73
1098;2.843;6.16;20.87;44.73;44.87
1099;2.842;6.16;20.87;44.6;45.01
1100;2.842;6.16;20.87;44.73;44.87
1101;2.842;6.16;20.87;44.86;44.87
1102;2.841;6.16;20.87;44.73;45.01
1103;2.841;6.16;20.87;44.6;45.01
1104;2.84;6.16;20.87;44.73;44.87
1105;2.84;6.16;20.87;44.73;45.01
1106;2.839;6.16;20.87;44.86;45.01
1107;2.839;6.16;20.98;44.86;45.01
1108;2.838;6.16;20.87;44.73;45.01
1109;2.838;6.16;20.87;44.86;45.01
1110;2.837;6.16;20.87;44.86;44.87
1111;2.837;6.16;20.87;44.86;45.01
1112;2.837;6.16;20.87;44.86;45.16
1113;2.836;6.16;20.87;44.86;45.16
1114;2.836;6.16;20.87;44.86;45.3
1115;2.835;6.16;20.87;44.99;45.01
1116;2.835;6.16;20.87;45.26;44.45
1117;2.834;6.16;20.87;45.26;45.16
1118;2.834;6.16;20.87;44.86;45.16
1119;2.834;6.16;20.87;44.86;45.3
1120;2.833;6.16;20.87;44.99;45.16
1121;2.833;6.16;20.87;44.99;45.16
1122;2.832;6.16;20.87;44.99;45.16
1123;2.832;6.16;20.77;44.99;45.01
1124;2.832;6.16;20.87;44.99;45.16
1125;2.831;6.16;20.67;44.99;45.16
1126;2.831;6.16;20.87;45.13;45.3
1127;2.83;6.16;20.77;45.13;45.3
1128;2.83;6.16;20.87;44.99;45.16
1129;2.83;6.16;20.77;44.99;45.3
1130;2.829;6.16;20.77;44.99;45.3
1131;2.829;6.16;20.87;44.99;45.3
1132;2.828;6.16;20.77;45.13;45.3
1133;2.828;6.16;20.87;45.13;45.73
1134;2.828;6.16;20.77;44.99;45.3
1135;2.827;6.16;20.77;44.6;45.3
1136;2.827;6.16;20.77;44.99;45.59
1137;2.826;6.16;20.87;45.13;45.16
1138;2.826;6.16;20.77;45.13;45.3
1139;2.825;6.16;20.87;45.13;45.44
1140;2.825;6.16;20.77;45.13;45.3
1141;2.825;6.16;20.77;45.13;45.44
1142;2.824;6.16;20.77;45.13;45.44
1143;2.824;6.16;20.87;45.39;45.3
1144;2.823;6.16;20.77;45.13;45.3
1145;2.823;6.16;20.77;45.53;45.44
1146;2.823;6.16;20.77;45.26;45.44
1147;2.822;6.16;21.08;45.13;45.44
1148;2.822;6.16;20.77;45.26;45.16
1149;2.821;6.16;20.77;45.26;45.59
1150;2.821;6.16;20.77;45.39;45.44
1151;2.82;6.16;20.77;45.13;45.44
1152;2.82;6.16;20.87;45.13;45.3
1153;2.819;6.16;20.77;45.26;45.44
1154;2.819;6.16;20.77;45.13;45.59
1155;2.819;6.16;20.87;45.53;45.59
1156;2.818;6.16;20.77;45.13;45.59
1157;2.818;6.16;20.77;45.26;45.59
1158;2.817;6.16;20.77;45.26;45.59
1159;2.817;6.16;20.77;45.26;45.16
1160;2.817;6.16;20.77;45.26;45.73
1161;2.816;6.16;20.77;45.53;45.59
1162;2.816;6.16;20.77;45.26;45.73
1163;2.815;6.16;20.77;45.39;45.59
1164;2.815;6.16;20.77;45.39;45.59
1165;2.815;6.16;20.77;45.39;45.44
1166;2.814;6.16;20.77;45.26;46.17
1167;2.814;6.16;20.77;45.39;45.73
1168;2.813;6.16;20.77;45.39;45.73
1169;2.813;6.16;20.87;45.39;45.73
1170;2.813;6.16;20.87;45.39;45.73
1171;2.812;6.16;20.87;45.53;45.88
1172;2.812;6.16;20.77;45.53;45.73
1173;2.811;6.16;20.87;45.53;45.73
1174;2.811;6.16;20.87;45.53;45.88
1175;2.81;6.16;20.77;45.53;45.73
1176;2.81;6.16;20.77;45.53;46.02
1177;2.809;6.16;20.77;45.53;45.73
1178;2.809;6.16;20.77;45.53;45.73
1179;2.809;6.16;20.77;45.66;45.59
1180;2.808;6.16;20.87;45.53;45.88
1181;2.808;6.16;20.77;45.53;45.73
1182;2.807;6.16;20.67;45.66;46.17
1183;2.807;6.16;20.77;45.66;45.88
1184;2.807;6.16;20.87;45.66;45.59
1185;2.806;6.16;20.77;45.53;46.17
1186;2.806;6.16;20.77;45.66;45.88
1187;2.805;6.16;20.77;45.53;45.88
1188;2.805;6.16;20.77;45.66;45.88
1189;2.804;6.16;20.77;45.8;45.88
1190;2.804;6.16;20.77;45.66;46.02
1191;2.804;6.16;20.77;45.53;45.73
1192;2.803;6.16;20.77;45.8;46.02
1193;2.803;6.16;20.77;45.93;46.31
1194;2.802;6.16;20.77;46.07;46.02
1195;2.802;6.16;20.77;45.53;46.02
1196;2.801;6.16;20.77;45.8;46.02
1197;2.801;6.16;20.77;45.8;46.02
1198;2.801;6.16;20.77;45.66;46.02
1199;2.8;6.16;20.77;45.66;45.88
1200;2.8;6.16;20.77;45.8;46.17
1201;2.799;6.16;20.87;45.8;46.02
1202;2.799;6.16;20.77;45.8;46.02
1203;2.798;6.16;20.77;45.8;45.88
1204;2.798;6.16;20.77;45.8;46.02
1205;2.798;6.16;20.77;45.8;46.31
1206;2.797;6.16;20.77;45.93;46.02
1207;2.797;6.16;20.77;45.8;46.02
1208;2.796;6.16;20.77;45.8;45.88
1209;2.796;6.16;20.77;45.8;46.31
1210;2.795;6.16;20.87;45.93;46.17
1211;2.795;6.16;20.87;45.93;46.17
1212;2.794;6.16;20.77;45.93;45.88
1213;2.794;6.16;20.77;45.93;46.17
1214;2.794;6.16;20.77;45.8;46.31
1215;2.793;6.16;20.77;45.8;46.17
1216;2.793;6.16;20.77;45.93;46.31
1217;2.792;6.16;20.77;45.8;46.46
1218;2.792;6.16;20.67;45.93;46.31
1219;2.791;6.16;20.77;45.53;46.17
1220;2.791;6.16;20.87;45.93;46.31
1221;2.79;6.16;20.77;45.93;46.31
1222;2.79;6.16;20.67;45.93;46.31
1223;2.789;6.16;20.77;45.93;46.31
1224;2.789;6.16;20.77;45.93;46.31
1225;2.789;6.16;20.77;46.07;46.31
1226;2.788;6.16;20.77;45.93;46.31
1227;2.788;6.16;20.77;46.07;46.31
1228;2.787;6.16;20.87;46.07;46.46
1229;2.787;6.16;20.77;46.07;46.31
1230;2.786;6.16;20.77;46.07;46.46
1231;2.786;6.16;20.77;46.2;46.46
1232;2.786;6.16;20.77;46.07;46.46
1233;2.785;6.16;20.77;46.07;46.02
1234;2.785;6.16;20.77;46.07;46.46
1235;2.784;6.16;20.77;46.07;46.46
1236;2.784;6.16;20.77;46.07;46.46
1237;2.783;6.16;20.77;46.2;46.46
1238;2.783;6.16;20.77;46.2;46.75
1239;2.782;6.16;20.77;46.07;46.46
1240;2.782;6.16;20.77;46.2;46.46
1241;2.781;6.16;20.77;46.07;46.46
1242;2.781;6.16;20.77;46.2;46.46
1243;2.781;6.16;20.77;46.2;46.61
1244;2.78;6.16;20.77;46.2;46.61
1245;2.78;6.16;20.77;46.2;46.75
1246;2.779;6.16;20.77;45.66;46.9
1247;2.779;6.16;20.77;46.2;46.46
1248;2.778;6.16;20.77;46.34;46.61
1249;2.778;6.16;20.77;46.2;46.61
1250;2.777;6.16;20.77;46.2;46.61
1251;2.777;6.16;20.77;46.2;46.9
1252;2.777;6.16;20.67;46.2;46.46
1253;2.776;6.16;20.77;46.34;46.61
1254;2.776;6.16;20.87;46.34;46.02
1255;2.775;6.16;20.77;46.34;46.9
1256;2.775;6.16;20.77;46.34;46.75
1257;2.774;6.16;20.77;46.47;46.61
1258;2.774;6.16;20.77;46.34;47.05
1259;2.773;6.16;20.77;46.34;46.75
1260;2.773;6.16;20.77;46.47;46.9
1261;2.772;6.16;20.77;46.61;46.9
1262;2.772;6.16;20.77;46.34;46.75
1263;2.771;6.16;20.77;46.34;46.9
1264;2.771;6.16;20.77;46.34;46.75
1265;2.77;6.16;20.77;46.47;46.75
1266;2.77;6.16;20.77;46.47;46.75
1267;2.769;6.16;20.77;46.34;46.9
1268;2.769;6.16;20.77;46.47;46.75
1269;2.768;6.16;20.77;46.34;46.75
1270;2.768;6.16;20.77;46.34;46.75
1271;2.767;6.16;20.77;46.47;46.9
1272;2.767;6.16;20.87;46.61;46.75
1273;2.766;6.16;20.77;46.47;46.9
1274;2.766;6.16;20.77;46.75;46.9
1275;2.765;6.16;20.77;46.61;46.9
1276;2.765;6.16;20.77;46.47;46.9
1277;2.764;6.16;20.77;46.61;47.05
1278;2.764;6.16;20.77;47.16;47.2
1279;2.763;6.16;20.87;46.75;47.05
1280;2.763;6.16;20.37;46.61;47.05
1281;2.762;6.16;20.77;46.61;46.9
1282;2.762;6.16;20.77;46.61;46.9
1283;2.761;6.16;20.77;47.02;47.05
1284;2.761;6.16;20.77;46.75;46.9
1285;2.76;6.16;20.77;46.61;47.35
1286;2.76;6.16;20.87;46.75;47.2
1287;2.759;6.16;21.28;46.75;46.9
1288;2.759;6.16;20.77;46.75;47.05
1289;2.758;6.16;20.77;46.75;47.05
1290;2.758;6.16;20.87;46.75;47.35
1291;2.757;6.16;20.77;46.61;47.05
1292;2.757;6.16;21.08;46.88;47.2
1293;2.756;6.16;20.67;46.75;47.05
1294;2.756;6.16;20.77;46.75;47.35
1295;2.755;6.16;20.77;46.88;47.05
1296;2.755;6.16;20.87;46.75;47.2
1297;2.755;6.16;20.77;46.75;47.05
1298;2.754;6.16;20.77;46.88;47.2
1299;2.754;6.16;20.77;46.75;47.2
1300;2.753;6.16;20.77;46.75;47.05
1301;2.753;6.16;20.77;46.88;47.35
1302;2.752;6.16;20.77;46.88;47.2
1303;2.751;6.16;20.87;46.88;47.35
1304;2.751;6.16;20.87;46.88;47.2
1305;2.75;6.16;20.77;46.88;47.35
1306;2.75;6.16;20.87;47.02;47.5
1307;2.749;6.16;20.77;47.3;47.2
1308;2.748;6.16;20.77;47.02;47.2
1309;2.748;6.16;20.77;46.88;47.35
1310;2.747;6.16;20.77;47.02;47.35
1311;2.747;6.16;20.77;47.02;47.5
1312;2.746;6.16;20.77;46.88;47.35
1313;2.746;6.16;20.87;47.02;47.35
1314;2.745;6.16;20.87;47.02;47.35
1315;2.745;6.16;20.87;46.88;47.5
1316;2.744;6.161;20.87;47.02;47.5
1317;2.743;6.16;20.87;46.88;47.35
1318;2.743;6.16;20.87;47.16;47.35
1319;2.742;6.16;20.77;47.16;47.35
1320;2.742;6.16;20.87;47.16;47.35
1321;2.741;6.16;20.77;47.16;47.5
1322;2.741;6.16;20.77;47.16;47.65
1323;2.74;6.16;20.87;47.02;47.5
1324;2.739;6.16;20.87;47.16;47.35
1325;2.739;6.16;20.87;47.16;47.5
1326;2.738;6.16;20.77;47.16;47.5
1327;2.738;6.16;20.87;47.57;47.35
1328;2.737;6.16;20.87;47.3;47.65
1329;2.737;6.16;20.87;47.3;47.5
1330;2.736;6.16;20.77;47.3;47.35
1331;2.735;6.16;20.87;47.3;47.35
1332;2.735;6.16;20.77;47.16;47.5
1333;2.734;6.16;20.87;47.3;47.5
1334;2.734;6.16;20.77;47.16;47.5
1335;2.733;6.16;20.87;47.16;46.75
1336;2.733;6.16;20.87;47.3;47.5
1337;2.732;6.16;20.98;47.3;47.5
1338;2.732;6.16;20.87;47.3;47.35
1339;2.731;6.16;20.77;47.16;47.35
1340;2.731;6.16;20.77;47.3;47.65
1341;2.73;6.16;20.87;47.44;47.8
1342;2.729;6.16;20.77;47.3;47.5
1343;2.729;6.16;20.87;47.44;47.65
1344;2.728;6.16;20.87;47.44;47.65
1345;2.728;6.16;20.87;47.71;47.65
1346;2.727;6.16;20.87;47.44;47.95
1347;2.727;6.16;20.87;47.44;47.95
1348;2.726;6.16;20.27;47.44;47.65
1349;2.726;6.16;20.77;47.44;47.8
1350;2.725;6.16;20.77;47.57;47.8
1351;2.724;6.16;20.87;47.44;47.8
1352;2.724;6.16;20.77;47.57;47.65
1353;2.723;6.16;20.77;47.57;47.65
1354;2.722;6.16;20.77;47.57;47.65
1355;2.722;6.16;20.77;47.57;47.65
1356;2.721;6.16;20.77;47.57;47.8
1357;2.721;6.16;20.77;47.71;47.5
1358;2.72;6.16;20.77;47.57;47.65
1359;2.719;6.16;20.77;47.57;47.8
1360;2.719;6.16;20.77;47.44;47.8
1361;2.718;6.16;20.77;47.57;47.8
1362;2.718;6.16;20.77;47.57;47.8
1363;2.717;6.16;20.77;47.71;47.65
1364;2.716;6.16;20.77;47.57;48.4
1365;2.716;6.16;20.77;47.57;47.8
1366;2.715;6.16;20.77;47.71;47.95
1367;2.715;6.16;20.77;47.71;47.95
1368;2.714;6.16;20.77;47.71;47.95
1369;2.713;6.16;20.77;47.71;47.95
1370;2.713;6.16;20.77;47.71;47.95
1371;2.712;6.16;20.77;47.71;47.8
1372;2.712;6.16;20.77;47.71;47.8
1373;2.711;6.16;20.77;47.99;47.95
1374;2.711;6.16;20.77;47.85;47.95
1375;2.71;6.16;20.77;47.57;48.25
1376;2.709;6.16;20.77;47.85;47.95
1377;2.709;6.16;20.77;47.85;48.1
1378;2.708;6.16;20.77;47.3;48.1
1379;2.708;6.16;20.77;47.85;47.8
1380;2.707;6.16;20.77;47.85;47.95
1381;2.707;6.16;20.77;47.85;48.4
1382;2.706;6.16;20.77;47.85;48.1
1383;2.705;6.16;20.77;47.85;47.95
1384;2.705;6.16;20.77;47.85;48.25
1385;2.704;6.16;20.77;47.85;47.65
1386;2.704;6.16;20.77;47.99;48.25
1387;2.703;6.16;20.77;47.85;48.1
1388;2.703;6.16;20.77;47.85;48.1
1389;2.702;6.16;20.77;47.85;48.25
1390;2.701;6.16;20.77;47.85;48.25
1391;2.701;6.16;20.67;47.99;48.25
1392;2.7;6.16;20.77;47.85;48.25
1393;2.7;6.16;20.77;47.85;48.25
1394;2.699;6.16;20.77;47.99;48.25
1395;2.699;6.16;20.77;47.99;48.25
1396;2.698;6.16;20.67;47.99;48.4
1397;2.697;6.16;20.77;48.42;48.1
1398;2.697;6.16;20.77;47.99;48.25
1399;2.696;6.16;20.77;47.99;48.4
1400;2.695;6.16;20.77;48.13;48.25
1401;2.695;6.16;20.77;48.13;48.25
1402;2.694;6.16;20.77;47.85;48.25
1403;2.693;6.16;20.77;48.13;48.56
1404;2.693;6.16;20.77;48.13;48.4
1405;2.692;6.16;20.77;48.13;48.4
1406;2.692;6.16;20.77;47.99;48.4
1407;2.691;6.16;20.77;48.13;48.4
1408;2.69;6.16;20.77;47.99;48.4
1409;2.69;6.16;20.77;48.13;48.4
1410;2.689;6.16;20.67;48.13;48.56
1411;2.688;6.16;20.77;47.99;48.4
1412;2.688;6.16;20.67;48.13;48.71
1413;2.687;6.16;20.77;47.99;48.4
1414;2.686;6.16;20.67;48.28;48.4
1415;2.686;6.16;20.77;48.13;48.25
1416;2.685;6.16;20.77;48.13;48.4
1417;2.684;6.16;20.67;48.13;48.4
1418;2.684;6.16;20.67;47.85;48.56
1419;2.683;6.16;20.77;48.13;48.1
1420;2.682;6.16;20.87;48.13;48.56
1421;2.682;6.16;20.77;48.42;48.71
1422;2.681;6.16;20.67;48.28;48.71
1423;2.68;6.16;20.77;48.28;48.56
1424;2.68;6.16;20.77;48.13;48.56
1425;2.679;6.16;20.77;48.28;48.71
1426;2.678;6.16;20.67;48.28;48.4
1427;2.678;6.16;20.77;48.56;48.56
1428;2.677;6.16;20.67;48.13;48.71
1429;2.676;6.16;20.67;48.28;48.56
1430;2.676;6.16;20.77;48.28;48.56
1431;2.675;6.16;20.77;48.28;48.4
1432;2.675;6.16;20.77;48.28;48.56
1433;2.674;6.16;20.77;48.42;48.71
1434;2.673;6.16;20.77;48.42;48.71
1435;2.673;6.16;20.77;48.42;48.71
1436;2.672;6.16;20.77;48.42;48.56
1437;2.671;6.16;20.77;48.42;49.02
1438;2.671;6.16;20.77;48.42;48.71
1439;2.67;6.16;20.67;48.42;48.71
1440;2.67;6.16;20.77;48.28;48.87
1441;2.669;6.16;20.77;48.42;48.71
1442;2.668;6.16;20.77;48.42;48.56
1443;2.668;6.16;20.77;48.13;49.02
1444;2.667;6.16;20.77;48.56;49.02
1445;2.666;6.16;20.77;48.42;48.71
1446;2.666;6.16;20.77;48.42;48.71
1447;2.665;6.16;20.77;48.42;48.71
1448;2.664;6.16;20.77;48.42;48.4
1449;2.664;6.16;20.77;48.56;48.71
1450;2.663;6.16;20.77;48.42;49.02
1451;2.663;6.16;20.67;48.56;49.02
1452;2.662;6.16;20.77;48.56;48.71
1453;2.661;6.16;20.67;48.56;49.02
1454;2.661;6.16;20.77;48.7;48.87
1455;2.66;6.16;20.77;48.7;48.71
1456;2.659;6.16;20.77;48.56;48.87
1457;2.659;6.16;20.77;48.56;48.71
1458;2.658;6.16;20.77;48.7;48.87
1459;2.658;6.16;20.77;48.56;49.02
1460;2.657;6.16;20.67;48.56;48.87
1461;2.656;6.16;20.67;48.56;49.02
1462;2.656;6.16;20.77;48.56;49.02
1463;2.655;6.16;20.77;48.7;49.02
1464;2.654;6.16;20.77;48.7;49.02
1465;2.654;6.16;20.77;48.7;48.87
1466;2.653;6.16;20.67;48.56;48.87
1467;2.652;6.16;20.87;48.7;49.02
1468;2.652;6.16;20.77;48.56;49.02
1469;2.651;6.16;20.77;48.7;49.02
1470;2.65;6.16;20.77;48.7;49.02
1471;2.65;6.16;20.77;48.7;49.18
1472;2.649;6.16;20.77;48.99;48.71
1473;2.648;6.16;20.77;48.7;49.02
1474;2.648;6.16;20.77;48.84;49.02
1475;2.647;6.16;20.87;48.84;49.02
1476;2.646;6.16;20.77;48.84;49.49
1477;2.646;6.16;20.77;48.84;49.18
1478;2.645;6.16;20.77;48.84;49.18
1479;2.644;6.16;20.77;48.56;49.02
1480;2.644;6.16;20.77;48.84;49.33
1481;2.643;6.16;20.77;48.7;49.33
1482;2.643;6.16;20.77;48.84;49.49
1483;2.642;6.16;20.77;48.84;49.18
1484;2.641;6.16;20.77;48.84;48.4
1485;2.64;6.16;20.77;48.99;49.18
1486;2.64;6.16;20.77;48.84;49.33
1487;2.639;6.16;20.77;48.84;49.33
1488;2.638;6.16;20.77;48.99;49.33
1489;2.638;6.16;20.67;49.13;49.33
1490;2.637;6.16;20.77;48.99;49.49
1491;2.637;6.16;20.87;48.99;49.33
1492;2.636;6.16;20.77;48.99;49.02
1493;2.635;6.16;20.77;49.13;49.33
1494;2.635;6.16;20.77;48.99;49.33
1495;2.634;6.16;20.77;48.99;49.49
1496;2.633;6.16;20.67;48.99;49.49
1497;2.632;6.16;20.77;49.13;49.33
1498;2.632;6.16;20.67;49.13;49.33
1499;2.631;6.16;20.67;48.99;49.33
1500;2.63;6.16;20.77;49.13;49.33
1501;2.63;6.16;20.77;49.42;49.49
1502;2.629;6.16;20.67;48.99;49.33
1503;2.628;6.16;20.77;48.99;49.49
1504;2.628;6.16;20.67;49.13;49.49
1505;2.627;6.16;20.67;49.13;49.49
1506;2.626;6.16;20.67;48.99;49.33
1507;2.626;6.16;20.67;49.13;49.8
1508;2.625;6.16;20.67;49.13;49.49
1509;2.624;6.16;20.67;49.13;49.64
1510;2.624;6.16;20.77;48.84;49.64
1511;2.623;6.16;20.67;49.13;49.64
1512;2.622;6.16;20.67;49.13;49.49
1513;2.621;6.16;20.67;49.13;49.49
1514;2.621;6.16;20.67;49.27;49.96
1515;2.62;6.16;20.67;49.42;49.64
1516;2.619;6.16;20.67;49.13;49.64
1517;2.619;6.16;20.67;49.27;49.64
1518;2.618;6.16;20.67;49.13;47.5
1519;2.617;6.16;20.67;49.27;49.64
1520;2.616;6.16;20.67;49.27;49.8
1521;2.616;6.16;20.67;49.27;49.64
1522;2.615;6.16;20.67;49.27;49.64
1523;2.614;6.16;20.67;49.27;49.64
1524;2.613;6.16;20.67;49.13;49.64
1525;2.613;6.16;20.67;49.56;49.8
1526;2.612;6.16;20.47;49.27;49.64
1527;2.611;6.16;20.77;49.42;49.64
1528;2.61;6.16;20.67;49.56;49.49
1529;2.61;6.16;20.67;49.42;49.64
1530;2.609;6.16;20.67;49.42;49.8
1531;2.608;6.16;20.77;49.42;49.8
1532;2.607;6.16;20.77;49.42;49.8
1533;2.607;6.16;20.67;49.42;49.8
1534;2.606;6.16;20.67;49.56;49.8
1535;2.605;6.16;20.77;49.42;49.8
1536;2.604;6.16;20.67;49.42;49.64
1537;2.604;6.16;20.67;49.42;49.49
1538;2.603;6.16;20.67;49.42;49.64
1539;2.602;6.16;20.67;49.56;49.96
1540;2.601;6.16;20.67;49.42;50.12
