time;voltage;current;ambient_temperature;surface_temperature_plus;surface_temperature_minus
0;0.036;0.0;22.6;23.31;25.52
1;3.603;4.434;22.29;23.31;25.63
2;3.578;4.62;22.6;23.31;25.52
3;3.579;4.62;22.6;23.41;25.42
4;3.574;4.62;22.6;23.41;25.42
5;3.564;4.62;22.6;23.31;25.63
6;3.549;4.62;22.6;23.31;25.63
7;3.548;4.62;22.6;23.41;25.52
8;3.538;4.62;22.49;23.31;25.52
9;3.546;4.62;22.6;23.41;25.63
10;3.555;4.62;22.49;23.31;25.52
11;3.56;4.62;22.6;23.31;25.52
12;3.563;4.62;22.6;23.41;25.52
13;3.567;4.62;22.49;23.41;25.63
14;3.568;4.62;22.49;23.31;25.73
15;3.569;4.62;22.49;23.31;25.63
16;3.569;4.62;22.49;23.41;25.52
17;3.57;4.62;22.49;23.41;25.52
18;3.568;4.62;22.49;23.41;25.52
19;3.567;4.62;22.49;23.41;25.63
20;3.568;4.62;22.49;23.51;25.52
21;3.567;4.62;22.6;23.51;25.73
22;3.566;4.62;22.49;24.33;25.63
23;3.566;4.62;22.49;23.31;25.63
24;3.566;4.62;22.49;23.41;25.63
25;3.566;4.62;22.49;23.41;25.73
26;3.565;4.62;22.49;23.41;25.63
27;3.566;4.62;22.49;23.51;25.63
28;3.564;4.62;22.49;23.41;25.63
29;3.564;4.62;22.7;23.51;25.63
30;3.563;4.62;22.49;23.41;25.63
31;3.562;4.62;22.7;23.51;25.63
32;3.563;4.62;22.49;23.51;25.63
33;3.562;4.62;22.49;23.41;25.63
34;3.561;4.62;22.49;23.51;25.73
35;3.561;4.62;22.49;23.51;25.63
36;3.561;4.62;22.49;23.51;25.73
37;3.562;4.62;22.6;23.51;25.63
38;3.561;4.62;22.6;23.51;25.63
39;3.56;4.62;22.49;23.51;25.63
40;3.56;4.62;22.7;23.41;25.52
41;3.56;4.62;22.7;23.41;25.73
42;3.56;4.62;22.6;23.51;25.73
43;3.559;4.62;22.6;24.33;25.84
44;3.558;4.62;22.7;23.61;25.94
45;3.559;4.62;22.6;23.61;25.73
46;3.559;4.62;22.7;23.61;25.84
47;3.559;4.62;22.6;23.61;25.84
48;3.558;4.62;22.6;23.61;25.84
49;3.558;4.62;22.6;23.61;25.84
50;3.558;4.62;22.6;23.61;25.84
51;3.558;4.62;22.6;23.61;25.73
52;3.558;4.62;22.6;23.61;25.84
53;3.558;4.62;22.6;23.51;25.84
54;3.558;4.62;22.6;23.61;25.84
55;3.557;4.62;22.6;23.51;25.84
56;3.557;4.62;22.6;23.61;25.94
57;3.557;4.62;22.6;23.72;25.73
58;3.556;4.62;22.6;23.72;25.84
59;3.556;4.62;22.6;23.82;25.84
60;3.556;4.62;22.6;23.92;25.63
61;3.555;4.62;22.6;24.02;25.94
62;3.555;4.62;22.49;23.72;25.94
63;3.554;4.62;22.49;24.02;25.94
64;3.553;4.62;22.6;23.82;25.94
65;3.553;4.62;22.6;23.72;25.94
66;3.553;4.62;22.6;23.82;25.94
67;3.553;4.62;22.6;23.82;26.04
68;3.552;4.62;22.7;24.02;26.04
69;3.552;4.62;22.7;23.82;26.04
70;3.552;4.62;22.7;23.82;26.04
71;3.551;4.62;22.7;23.92;26.04
72;3.551;4.62;22.7;23.82;26.04
73;3.551;4.62;22.7;23.72;26.04
74;3.551;4.62;22.6;24.02;26.15
75;3.55;4.62;22.6;23.82;26.15
76;3.55;4.62;22.7;23.92;26.04
77;3.549;4.62;22.7;23.92;26.04
78;3.549;4.62;22.6;23.92;26.26
79;3.55;4.62;22.8;23.92;26.15
80;3.549;4.62;22.6;24.02;26.15
81;3.549;4.62;22.6;23.92;26.15
82;3.549;4.62;22.6;23.92;26.04
83;3.549;4.62;22.6;24.02;26.26
84;3.549;4.62;22.7;24.02;26.15
85;3.549;4.62;22.6;24.13;26.36
86;3.548;4.62;22.6;24.02;26.26
87;3.548;4.62;22.7;24.23;26.26
88;3.548;4.62;22.7;24.02;26.47
89;3.548;4.62;22.7;23.92;26.26
90;3.547;4.62;22.7;24.13;26.36
91;3.547;4.62;22.7;24.23;26.36
92;3.547;4.62;22.7;24.13;26.26
93;3.547;4.62;22.7;24.13;26.36
94;3.547;4.62;22.8;24.23;26.36
95;3.546;4.62;22.8;24.13;26.36
96;3.546;4.62;22.7;24.23;26.36
97;3.546;4.62;22.8;24.23;26.47
98;3.546;4.62;22.8;24.13;26.57
99;3.546;4.62;22.8;24.23;26.57
100;3.546;4.62;22.7;24.13;26.89
101;3.545;4.62;22.8;24.23;26.47
102;3.545;4.62;22.8;24.33;26.57
103;3.545;4.62;22.7;24.33;26.47
104;3.544;4.62;22.7;24.33;26.47
105;3.544;4.62;22.7;24.33;26.57
106;3.544;4.62;22.7;24.33;26.57
107;3.544;4.62;22.7;24.43;26.68
108;3.543;4.62;22.6;24.33;26.57
109;3.543;4.62;22.7;24.43;26.68
110;3.543;4.62;22.7;24.43;26.78
111;3.543;4.62;22.8;24.43;26.78
112;3.542;4.62;22.7;24.54;26.57
113;3.542;4.62;22.7;24.13;26.78
114;3.542;4.62;22.8;24.43;26.68
115;3.542;4.62;22.7;24.33;26.68
116;3.541;4.62;22.9;24.54;26.68
117;3.541;4.62;22.8;24.54;26.78
118;3.541;4.62;22.8;24.54;26.68
119;3.541;4.62;22.8;24.54;26.36
120;3.54;4.62;22.8;24.54;26.89
121;3.54;4.62;22.8;24.33;26.78
122;3.54;4.62;22.9;24.74;26.78
123;3.54;4.62;22.6;24.74;26.78
124;3.539;4.62;22.8;24.64;26.78
125;3.539;4.62;22.7;24.64;26.89
126;3.539;4.62;22.8;24.54;27.1
127;3.539;4.62;22.8;24.74;26.89
128;3.538;4.62;22.7;24.74;26.78
129;3.538;4.62;22.8;24.85;27.0
130;3.538;4.62;22.7;24.64;27.0
131;3.537;4.62;22.7;24.64;26.89
132;3.537;4.62;22.7;24.74;27.0
133;3.537;4.62;22.7;24.74;27.0
134;3.536;4.62;22.8;24.74;26.89
135;3.536;4.62;22.7;24.64;27.0
136;3.536;4.62;22.7;24.85;26.78
137;3.535;4.62;22.7;24.74;27.0
138;3.535;4.62;22.7;24.85;27.1
139;3.535;4.62;22.6;24.85;27.64
140;3.535;4.62;22.7;24.85;27.1
141;3.534;4.62;22.7;25.26;27.0
142;3.534;4.62;22.7;24.95;27.1
143;3.533;4.62;22.7;24.95;26.89
144;3.533;4.62;22.7;24.95;27.1
145;3.533;4.62;22.7;24.95;27.1
146;3.533;4.62;22.8;24.95;27.21
147;3.532;4.62;22.7;24.95;27.21
148;3.532;4.62;22.7;25.05;27.21
149;3.532;4.62;22.7;25.05;27.42
150;3.531;4.62;22.7;24.85;27.31
151;3.531;4.62;22.7;25.05;27.31
152;3.531;4.62;22.7;25.15;27.31
153;3.531;4.62;22.8;25.15;27.31
154;3.53;4.62;22.7;25.05;27.64
155;3.53;4.62;22.7;25.15;27.42
156;3.53;4.62;22.7;25.15;27.42
157;3.529;4.62;22.7;25.26;27.42
158;3.529;4.62;22.6;25.05;27.42
159;3.529;4.62;22.8;25.26;27.31
160;3.529;4.62;22.6;25.26;27.42
161;3.528;4.62;22.6;25.26;27.42
162;3.528;4.62;22.6;25.15;27.42
163;3.528;4.62;22.6;25.46;27.42
164;3.528;4.62;22.6;25.36;27.42
165;3.527;4.62;22.6;25.26;27.53
166;3.527;4.62;22.6;25.36;27.53
167;3.527;4.62;22.49;25.36;27.42
168;3.526;4.62;22.6;25.36;27.21
169;3.526;4.62;22.6;25.36;27.53
170;3.526;4.62;22.6;25.26;27.53
171;3.526;4.62;22.6;25.46;27.53
172;3.525;4.62;22.49;25.46;27.53
173;3.525;4.62;22.49;25.46;27.53
174;3.525;4.62;22.49;25.36;27.53
175;3.524;4.62;22.49;25.36;27.64
176;3.524;4.62;22.49;25.46;27.64
177;3.524;4.62;22.6;25.57;27.64
178;3.524;4.62;22.09;25.46;27.64
179;3.523;4.62;22.49;25.57;27.64
180;3.523;4.62;22.49;25.57;27.74
181;3.523;4.62;22.49;25.46;27.64
182;3.522;4.62;22.49;25.57;27.74
183;3.522;4.62;22.49;25.46;27.74
184;3.522;4.62;22.49;25.67;27.74
185;3.522;4.62;22.49;25.67;27.74
186;3.521;4.62;22.49;25.67;27.85
187;3.521;4.62;22.49;25.57;27.74
188;3.521;4.62;22.49;25.57;27.64
189;3.521;4.62;22.6;25.67;27.85
190;3.52;4.62;22.6;25.67;27.85
191;3.52;4.62;22.6;25.78;27.85
192;3.52;4.62;22.6;25.67;27.74
193;3.519;4.62;22.6;25.78;27.74
194;3.519;4.62;22.6;25.78;27.74
195;3.519;4.62;22.6;25.78;27.96
196;3.519;4.62;22.6;25.78;27.85
197;3.518;4.62;22.6;25.88;27.85
198;3.518;4.62;22.9;25.78;27.96
199;3.518;4.62;22.7;25.98;28.06
200;3.518;4.62;22.6;25.98;27.96
201;3.517;4.62;22.6;25.88;27.96
202;3.517;4.62;22.6;25.88;28.06
203;3.517;4.62;22.6;25.98;28.06
204;3.516;4.62;22.6;25.88;28.06
205;3.516;4.62;22.6;25.98;28.06
206;3.516;4.62;22.7;25.88;28.06
207;3.515;4.62;22.7;25.98;28.06
208;3.515;4.62;22.6;26.09;28.17
209;3.515;4.62;22.6;26.09;28.06
210;3.514;4.62;22.6;25.98;28.06
211;3.514;4.62;22.6;25.98;28.06
212;3.514;4.62;22.6;26.19;28.17
213;3.514;4.62;22.6;26.09;28.17
214;3.513;4.62;22.49;25.88;28.71
215;3.513;4.62;22.6;26.09;28.28
216;3.513;4.62;22.6;26.19;28.17
217;3.512;4.62;22.6;26.09;28.5
218;3.512;4.62;22.7;26.19;28.28
219;3.512;4.62;22.7;26.19;28.17
220;3.511;4.62;22.7;26.19;28.39
221;3.511;4.62;22.7;26.19;28.28
222;3.511;4.62;22.7;26.19;28.28
223;3.51;4.62;22.8;26.19;28.28
224;3.51;4.62;22.7;26.19;28.17
225;3.51;4.62;22.7;26.29;28.71
226;3.51;4.62;22.7;26.19;28.39
227;3.509;4.62;22.7;26.29;28.39
228;3.509;4.62;22.7;26.19;28.6
229;3.509;4.62;22.7;26.4;28.39
230;3.508;4.62;22.7;26.71;28.5
231;3.508;4.62;22.7;26.4;28.5
232;3.508;4.62;22.6;26.19;28.39
233;3.507;4.62;22.7;26.4;28.39
234;3.507;4.62;22.7;26.29;28.5
235;3.507;4.62;22.7;26.4;28.6
236;3.506;4.62;22.7;26.4;28.6
237;3.506;4.62;22.7;26.5;28.5
238;3.506;4.62;22.7;26.29;28.6
239;3.505;4.62;22.7;26.4;28.6
240;3.505;4.62;22.7;26.5;28.6
241;3.505;4.62;22.7;26.61;28.6
242;3.504;4.62;22.8;26.61;28.6
243;3.504;4.62;22.8;25.98;28.6
244;3.504;4.62;22.8;26.09;28.71
245;3.503;4.62;22.8;26.61;28.71
246;3.503;4.62;22.8;26.5;28.82
247;3.503;4.62;22.8;26.61;28.6
248;3.502;4.62;22.8;26.71;28.71
249;3.502;4.62;22.8;26.61;28.71
250;3.502;4.62;22.8;26.71;28.71
251;3.501;4.62;22.8;26.61;28.82
252;3.501;4.62;22.8;26.71;28.93
253;3.501;4.62;22.8;26.71;28.93
254;3.5;4.62;22.8;26.61;28.82
255;3.5;4.62;22.8;26.71;28.71
256;3.5;4.62;22.8;26.71;28.82
257;3.499;4.62;22.8;26.82;28.82
258;3.499;4.62;22.8;26.82;28.93
259;3.498;4.62;22.8;26.4;28.93
260;3.498;4.62;22.8;26.82;28.93
261;3.498;4.62;22.8;26.71;28.82
262;3.497;4.62;22.8;26.82;28.93
263;3.497;4.62;22.9;26.82;29.04
264;3.497;4.62;22.9;26.71;29.04
265;3.496;4.62;22.9;26.82;28.93
266;3.496;4.62;23.0;27.02;29.04
267;3.496;4.62;22.8;26.92;29.04
268;3.495;4.62;22.9;26.92;29.04
269;3.495;4.62;23.0;27.02;29.15
270;3.494;4.62;22.9;27.13;29.04
271;3.494;4.62;22.9;27.13;29.15
272;3.494;4.62;23.0;26.92;28.93
273;3.493;4.62;22.9;27.13;29.04
274;3.493;4.62;22.9;27.13;29.04
275;3.493;4.62;23.0;27.13;29.04
276;3.492;4.62;22.9;27.13;29.15
277;3.492;4.62;22.9;27.02;29.15
278;3.491;4.62;22.9;26.92;29.15
279;3.491;4.62;22.8;27.13;29.15
280;3.491;4.62;22.8;27.13;29.15
281;3.49;4.62;22.8;27.13;29.26
282;3.49;4.62;22.8;27.13;29.26
283;3.49;4.62;22.8;27.23;29.37
284;3.489;4.62;22.7;27.97;29.26
285;3.489;4.62;22.7;27.13;29.26
286;3.488;4.62;22.7;27.23;29.26
287;3.488;4.62;22.7;27.23;29.26
288;3.488;4.62;22.7;27.23;29.26
289;3.487;4.62;22.7;27.23;29.37
290;3.487;4.62;22.7;27.23;29.37
291;3.486;4.62;22.7;27.23;29.37
292;3.486;4.62;22.6;27.23;29.37
293;3.486;4.62;22.7;27.34;29.15
294;3.485;4.62;22.8;27.55;29.37
295;3.485;4.62;22.6;27.34;29.37
296;3.485;4.62;22.8;27.34;29.37
297;3.484;4.62;22.7;27.44;29.47
298;3.484;4.62;22.7;27.44;29.47
299;3.484;4.62;22.7;27.34;29.47
300;3.483;4.62;22.7;27.23;29.47
301;3.483;4.62;22.7;27.44;29.47
302;3.482;4.62;22.7;27.44;29.47
303;3.482;4.62;22.7;27.44;29.58
304;3.481;4.62;22.7;27.44;29.47
305;3.481;4.62;22.7;27.55;29.58
306;3.481;4.62;22.7;27.44;29.58
307;3.48;4.62;22.7;27.44;29.58
308;3.48;4.62;22.7;27.55;29.58
309;3.48;4.62;22.7;27.55;29.58
310;3.479;4.62;22.7;27.55;29.58
311;3.479;4.62;22.6;27.44;29.58
312;3.478;4.62;22.7;27.86;29.91
313;3.478;4.62;22.8;27.65;29.69
314;3.478;4.62;22.7;27.65;29.69
315;3.477;4.62;22.7;27.44;29.69
316;3.477;4.62;22.7;27.55;29.69
317;3.477;4.62;22.7;27.55;29.8
318;3.476;4.62;22.7;27.76;29.58
319;3.476;4.62;22.8;27.65;29.69
320;3.475;4.62;22.7;27.76;29.8
321;3.475;4.62;22.8;27.76;29.69
322;3.475;4.62;22.8;27.76;29.8
323;3.474;4.62;22.8;27.86;29.58
324;3.474;4.62;22.8;27.76;29.8
325;3.473;4.62;22.8;27.86;29.8
326;3.473;4.62;22.8;27.76;29.91
327;3.473;4.62;22.8;27.86;29.91
328;3.472;4.62;22.8;27.86;29.91
329;3.472;4.62;22.8;27.86;29.91
330;3.471;4.62;22.8;27.86;30.13
331;3.471;4.62;22.8;27.86;30.24
332;3.471;4.62;22.8;27.86;30.02
333;3.47;4.62;22.8;27.97;29.91
334;3.47;4.62;22.8;27.97;29.91
335;3.469;4.62;22.8;28.08;30.02
336;3.469;4.62;22.8;27.86;29.91
337;3.468;4.62;22.8;27.97;29.91
338;3.468;4.62;22.8;27.86;30.02
339;3.468;4.62;22.7;27.86;30.02
340;3.467;4.62;22.7;28.18;30.69
341;3.467;4.62;22.7;27.97;30.02
342;3.466;4.62;22.7;28.08;30.24
343;3.466;4.62;22.7;27.97;30.02
344;3.466;4.62;22.6;28.08;30.02
345;3.465;4.62;22.7;28.29;30.02
346;3.465;4.62;22.7;28.08;30.13
347;3.464;4.62;22.6;28.08;30.24
348;3.464;4.62;22.6;28.08;30.13
349;3.464;4.62;22.6;27.86;30.13
350;3.463;4.62;22.6;28.08;30.13
351;3.463;4.62;22.6;28.18;30.13
352;3.462;4.62;22.6;28.29;30.13
353;3.462;4.62;22.6;28.18;30.24
354;3.462;4.62;22.6;28.18;30.24
355;3.461;4.62;22.6;28.29;30.24
356;3.461;4.62;22.6;28.18;30.24
357;3.46;4.62;22.6;28.29;30.02
358;3.46;4.62;22.6;28.39;30.13
359;3.459;4.62;22.6;28.29;30.24
360;3.459;4.62;22.6;28.29;30.24
361;3.459;4.62;22.6;28.29;30.36
362;3.458;4.62;22.49;28.29;30.36
363;3.458;4.62;22.6;28.29;30.47
364;3.457;4.62;22.6;28.18;30.24
365;3.457;4.62;22.49;28.5;30.36
366;3.457;4.62;22.49;28.29;30.36
367;3.456;4.62;22.49;28.29;30.36
368;3.456;4.62;22.49;28.5;30.47
369;3.456;4.62;22.49;28.5;30.36
370;3.455;4.62;22.6;28.39;30.47
371;3.455;4.62;22.49;28.5;30.47
372;3.454;4.62;22.49;28.5;30.47
373;3.454;4.62;22.49;28.18;30.36
374;3.453;4.62;22.49;28.5;30.47
375;3.453;4.62;22.49;28.5;30.47
376;3.453;4.62;22.39;28.39;30.47
377;3.452;4.62;22.6;29.24;30.47
378;3.452;4.62;22.49;28.6;30.47
379;3.451;4.62;22.6;28.6;30.58
380;3.451;4.62;22.49;28.39;30.36
381;3.451;4.62;22.49;28.6;30.58
382;3.45;4.62;22.6;28.6;30.47
383;3.45;4.62;22.7;28.6;30.58
384;3.449;4.62;22.6;28.71;30.36
385;3.449;4.62;22.6;28.39;30.58
386;3.449;4.62;22.6;28.6;30.58
387;3.448;4.62;22.6;28.82;30.69
388;3.448;4.62;22.6;28.5;30.58
389;3.447;4.62;22.6;28.71;30.58
390;3.447;4.62;22.6;28.6;30.58
391;3.447;4.62;22.49;28.71;30.69
392;3.446;4.62;22.6;28.82;30.69
393;3.446;4.62;22.6;28.82;30.69
394;3.445;4.62;22.6;28.82;30.47
395;3.445;4.62;22.7;28.71;30.91
396;3.444;4.62;22.6;28.82;30.69
397;3.444;4.62;22.7;28.71;30.69
398;3.444;4.62;22.7;28.92;30.69
399;3.443;4.62;22.7;28.82;30.8
400;3.443;4.62;22.7;29.03;30.8
401;3.442;4.62;22.7;29.14;30.8
402;3.442;4.62;22.7;28.92;30.69
403;3.441;4.62;22.7;28.92;30.8
404;3.441;4.62;22.8;28.92;30.8
405;3.441;4.62;22.7;28.71;30.8
406;3.44;4.62;22.7;28.92;30.91
407;3.44;4.62;22.7;29.14;30.8
408;3.439;4.62;22.7;28.92;30.91
409;3.439;4.62;22.7;29.03;30.8
410;3.439;4.62;22.7;28.92;30.91
411;3.438;4.62;22.7;29.03;30.69
412;3.438;4.62;22.7;28.92;30.91
413;3.437;4.62;22.7;29.24;30.91
414;3.437;4.62;22.7;30.1;30.91
415;3.437;4.62;22.6;29.14;30.8
416;3.436;4.62;22.7;29.14;30.91
417;3.436;4.62;22.7;29.03;31.58
418;3.435;4.62;22.7;29.14;30.8
419;3.435;4.62;22.6;29.03;31.02
420;3.435;4.62;22.6;28.92;31.02
421;3.434;4.62;22.7;29.14;31.02
422;3.434;4.62;22.7;29.03;31.02
423;3.433;4.62;22.7;29.14;31.02
424;3.433;4.62;22.7;29.14;30.91
425;3.432;4.62;22.7;29.35;31.02
426;3.432;4.62;22.7;29.24;31.02
427;3.432;4.62;22.6;29.14;31.02
428;3.431;4.62;22.7;29.24;31.02
429;3.431;4.62;22.7;29.24;31.02
430;3.43;4.62;22.6;29.24;31.02
431;3.43;4.62;22.6;29.24;31.13
432;3.429;4.62;22.6;29.24;31.13
433;3.429;4.62;22.6;29.14;30.8
434;3.429;4.62;22.6;29.35;31.13
435;3.428;4.62;22.6;29.56;31.13
436;3.428;4.62;22.6;29.35;31.13
437;3.427;4.62;22.6;29.24;31.13
438;3.427;4.62;22.6;29.24;31.25
439;3.427;4.62;22.6;29.24;31.13
440;3.426;4.62;22.49;29.35;31.25
441;3.426;4.62;22.8;29.35;31.25
442;3.425;4.62;22.6;29.03;31.02
443;3.425;4.62;22.6;29.35;31.25
444;3.425;4.62;22.6;29.35;31.25
445;3.424;4.62;22.7;29.35;31.13
446;3.424;4.62;22.7;29.35;31.02
447;3.424;4.62;22.7;29.35;31.25
448;3.423;4.62;22.7;29.46;31.25
449;3.423;4.62;22.7;29.46;31.25
450;3.422;4.62;22.7;29.46;31.25
451;3.422;4.62;22.7;29.46;31.25
452;3.422;4.62;22.7;29.46;31.36
453;3.421;4.62;22.6;29.35;31.58
454;3.421;4.62;22.6;29.46;31.36
455;3.42;4.62;22.6;29.46;31.36
456;3.42;4.62;22.6;29.56;31.25
457;3.42;4.62;22.6;29.56;31.36
458;3.419;4.62;22.6;29.56;31.36
459;3.419;4.62;22.6;29.56;31.36
460;3.418;4.62;22.6;29.56;31.36
461;3.418;4.62;22.6;29.67;31.47
462;3.417;4.62;22.6;29.78;31.36
463;3.417;4.62;22.6;29.56;31.47
464;3.417;4.62;22.6;29.56;31.47
465;3.416;4.62;22.6;29.67;31.47
466;3.416;4.62;22.7;29.88;31.47
467;3.415;4.62;22.6;29.67;31.47
468;3.415;4.62;22.6;29.56;31.47
469;3.415;4.62;22.6;29.46;31.47
470;3.414;4.62;22.6;29.78;31.47
471;3.414;4.62;22.6;29.67;31.36
472;3.414;4.62;22.6;29.56;31.58
473;3.413;4.62;22.6;29.67;31.47
474;3.413;4.62;22.7;29.67;31.58
475;3.412;4.62;22.6;29.78;31.58
476;3.412;4.62;22.6;29.78;31.58
477;3.411;4.62;22.7;29.78;31.58
478;3.411;4.62;22.7;29.88;31.58
479;3.411;4.62;22.7;29.78;31.58
480;3.41;4.62;22.7;29.78;31.58
481;3.41;4.62;22.7;29.78;31.7
482;3.41;4.62;22.7;29.78;31.58
483;3.409;4.62;22.7;29.88;31.58
484;3.409;4.62;22.7;29.88;31.47
485;3.408;4.62;22.7;29.88;31.7
486;3.408;4.62;22.7;29.88;31.7
487;3.408;4.62;22.7;29.99;31.7
488;3.407;4.62;22.6;29.88;31.7
489;3.407;4.62;22.7;29.88;31.81
490;3.406;4.62;22.7;29.88;31.7
491;3.406;4.62;22.6;29.78;31.7
492;3.406;4.62;22.7;29.88;31.7
493;3.405;4.62;22.7;30.1;31.58
494;3.405;4.62;22.7;29.99;31.92
495;3.404;4.62;22.7;29.99;31.25
496;3.404;4.62;22.7;29.78;31.81
497;3.403;4.62;22.7;29.99;32.04
498;3.403;4.62;22.7;29.99;31.81
499;3.403;4.62;22.7;29.88;31.92
500;3.403;4.62;22.7;30.1;31.81
501;3.402;4.62;22.7;29.99;32.04
502;3.402;4.62;22.8;30.1;31.92
503;3.401;4.62;22.7;30.1;31.81
504;3.401;4.62;22.7;30.1;31.81
505;3.401;4.62;22.7;30.21;31.92
506;3.4;4.62;22.6;30.1;31.81
507;3.4;4.62;22.6;29.99;31.92
508;3.399;4.62;22.6;30.1;31.92
509;3.399;4.62;22.7;30.1;31.92
510;3.399;4.62;22.7;30.1;32.04
511;3.398;4.62;22.6;30.21;31.92
512;3.398;4.62;22.7;30.32;31.92
513;3.397;4.62;22.6;30.1;31.92
514;3.397;4.62;22.6;30.21;32.04
515;3.397;4.62;22.6;30.21;31.92
516;3.396;4.62;22.6;30.21;32.04
517;3.396;4.62;22.6;30.21;32.04
518;3.396;4.62;22.6;30.21;31.92
519;3.395;4.62;22.6;30.21;32.04
520;3.395;4.62;22.7;30.42;32.04
521;3.394;4.62;22.7;30.21;32.04
522;3.394;4.62;22.7;30.32;32.04
523;3.394;4.62;22.7;30.32;32.15
524;3.393;4.62;22.7;30.32;31.7
525;3.393;4.62;22.7;30.32;32.15
526;3.392;4.62;22.8;30.21;32.04
527;3.392;4.62;22.7;30.32;32.04
528;3.392;4.62;22.7;30.32;32.04
529;3.391;4.62;22.7;29.46;32.15
530;3.391;4.62;22.7;30.21;32.15
531;3.391;4.62;22.7;30.32;32.04
532;3.39;4.62;22.7;30.42;32.15
533;3.39;4.62;22.7;30.32;32.15
534;3.389;4.62;22.7;30.53;32.15
535;3.389;4.62;22.7;30.42;32.15
536;3.388;4.62;22.7;30.32;32.15
537;3.388;4.62;22.8;30.42;32.15
538;3.388;4.62;22.6;30.42;32.26
539;3.387;4.62;22.6;30.42;32.38
540;3.387;4.62;22.7;30.42;32.15
541;3.387;4.62;22.6;30.42;32.26
542;3.386;4.62;22.6;30.42;32.26
543;3.386;4.62;22.6;30.53;32.15
544;3.386;4.62;22.6;29.99;32.26
545;3.385;4.62;22.6;30.53;32.15
546;3.385;4.62;22.7;30.53;32.26
547;3.384;4.62;22.7;30.53;32.26
548;3.384;4.62;22.7;30.21;32.26
549;3.384;4.62;22.7;30.53;32.26
550;3.383;4.62;22.7;30.53;32.26
551;3.383;4.62;22.7;30.53;32.15
552;3.383;4.62;22.7;30.53;32.26
553;3.382;4.62;22.7;30.42;32.26
554;3.382;4.62;22.8;30.64;32.38
555;3.381;4.62;22.7;30.64;32.49
556;3.381;4.62;22.7;30.64;32.38
557;3.381;4.62;22.7;30.64;32.15
558;3.38;4.62;22.8;30.64;32.38
559;3.38;4.62;22.7;30.64;32.38
560;3.379;4.62;22.6;30.53;32.38
561;3.379;4.62;22.7;30.96;32.38
562;3.379;4.62;22.7;30.75;32.26
563;3.378;4.62;22.7;30.86;32.49
564;3.378;4.62;22.7;30.64;32.49
565;3.378;4.62;22.7;30.64;32.38
566;3.377;4.62;22.7;30.64;32.61
567;3.377;4.62;22.7;30.75;32.61
568;3.377;4.62;22.7;30.75;32.49
569;3.376;4.62;22.8;30.75;32.49
570;3.376;4.62;22.7;30.75;32.49
571;3.376;4.62;22.7;30.75;32.49
572;3.375;4.62;22.8;30.64;32.49
573;3.375;4.62;22.8;30.96;32.61
574;3.374;4.62;22.7;30.86;32.49
575;3.374;4.62;22.8;30.75;32.49
576;3.374;4.62;22.7;30.75;32.61
577;3.373;4.62;22.7;30.75;32.49
578;3.373;4.62;22.7;30.75;32.49
579;3.373;4.62;22.7;30.86;32.49
580;3.372;4.62;22.7;30.86;32.61
581;3.372;4.62;22.7;30.86;32.61
582;3.371;4.62;22.7;30.96;32.72
583;3.371;4.62;22.7;30.86;32.61
584;3.371;4.62;22.7;30.96;32.61
585;3.37;4.62;22.7;30.86;32.61
586;3.37;4.62;22.7;30.86;32.83
587;3.37;4.62;22.7;30.86;32.61
588;3.369;4.62;22.7;30.96;32.61
589;3.369;4.62;22.7;30.86;32.61
590;3.368;4.62;22.7;30.96;32.72
591;3.368;4.62;22.8;30.96;32.72
592;3.368;4.62;22.7;30.96;32.72
593;3.367;4.62;22.6;30.75;32.61
594;3.367;4.62;22.6;30.96;32.61
595;3.367;4.62;22.6;30.96;32.72
596;3.366;4.62;22.6;30.96;32.72
597;3.366;4.62;22.6;30.96;32.83
598;3.366;4.62;22.6;30.96;32.72
599;3.365;4.62;22.6;30.96;32.72
600;3.365;4.62;22.6;30.96;32.72
601;3.365;4.62;22.6;30.96;32.83
602;3.364;4.62;22.7;31.07;32.83
603;3.364;4.62;22.6;30.96;32.83
604;3.363;4.62;22.7;30.96;32.72
605;3.363;4.62;22.6;30.96;32.72
606;3.363;4.62;22.6;30.96;32.72
607;3.362;4.62;22.6;31.07;32.72
608;3.362;4.62;22.6;31.07;32.83
609;3.362;4.62;22.6;31.18;32.83
610;3.361;4.62;22.49;31.07;32.61
611;3.361;4.62;22.6;31.07;32.83
612;3.36;4.62;22.49;30.96;32.83
613;3.36;4.62;22.49;30.96;32.95
614;3.36;4.62;22.49;31.18;32.72
615;3.359;4.62;22.6;30.96;32.83
616;3.359;4.62;22.49;31.18;32.95
617;3.359;4.62;22.49;31.18;32.61
618;3.358;4.62;22.49;31.18;32.83
619;3.358;4.62;22.6;31.18;32.83
620;3.357;4.62;22.6;31.18;32.95
621;3.357;4.62;22.49;31.18;32.95
622;3.357;4.62;22.49;31.29;32.72
623;3.356;4.62;22.6;31.18;32.95
624;3.356;4.62;22.6;31.18;32.95
625;3.356;4.62;22.6;31.18;32.95
626;3.355;4.62;22.6;31.29;32.95
627;3.355;4.62;22.6;31.29;32.72
628;3.355;4.62;22.6;31.07;32.95
629;3.354;4.62;22.6;31.18;32.95
630;3.354;4.62;22.6;31.29;32.95
631;3.353;4.62;22.6;31.4;33.06
632;3.353;4.62;22.6;31.29;33.06
633;3.353;4.62;22.49;31.29;32.95
634;3.352;4.62;22.49;31.29;33.06
635;3.352;4.62;22.6;31.29;33.06
636;3.352;4.62;22.6;31.29;32.95
637;3.351;4.62;22.6;31.29;33.06
638;3.351;4.62;22.6;31.29;33.06
639;3.35;4.62;22.49;31.29;33.18
640;3.35;4.62;22.6;31.29;32.95
641;3.35;4.62;22.49;31.4;33.06
642;3.349;4.62;22.49;31.4;33.06
643;3.349;4.62;22.49;31.4;33.06
644;3.349;4.62;22.49;31.4;33.06
645;3.348;4.62;22.49;31.4;33.06
646;3.348;4.62;22.6;31.4;33.06
647;3.347;4.62;22.6;31.51;33.18
648;3.347;4.62;22.6;31.4;33.18
649;3.347;4.62;22.6;31.4;32.95
650;3.346;4.62;22.6;31.4;33.18
651;3.346;4.62;22.6;31.4;33.18
652;3.346;4.62;22.6;31.62;33.18
653;3.345;4.62;22.6;31.51;33.41
654;3.345;4.62;22.6;31.4;33.18
655;3.344;4.62;22.7;31.51;33.29
656;3.344;4.62;22.6;31.4;33.29
657;3.344;4.62;22.6;31.51;33.18
658;3.343;4.62;22.6;31.62;33.18
659;3.343;4.62;22.6;31.51;33.29
660;3.343;4.62;22.6;31.51;33.29
661;3.342;4.62;22.6;31.62;33.29
662;3.342;4.62;22.6;30.75;33.18
663;3.341;4.62;22.6;31.51;33.29
664;3.341;4.62;22.6;31.51;33.29
665;3.341;4.62;22.6;31.62;33.29
666;3.34;4.62;22.6;31.62;33.06
667;3.34;4.62;22.6;31.62;33.29
668;3.34;4.62;22.49;31.51;33.29
669;3.339;4.62;22.6;31.62;33.41
670;3.339;4.62;22.6;31.51;33.41
671;3.339;4.62;22.49;31.62;33.29
672;3.338;4.62;22.39;31.62;32.95
673;3.338;4.62;22.49;31.73;33.29
674;3.337;4.62;22.49;31.62;33.29
675;3.337;4.62;22.49;32.28;33.29
676;3.337;4.62;22.49;31.4;33.53
677;3.336;4.62;22.49;31.73;33.29
678;3.336;4.62;22.49;31.73;33.41
679;3.336;4.62;22.49;31.62;33.29
680;3.335;4.62;22.49;31.62;33.29
681;3.335;4.62;22.39;31.62;33.41
682;3.334;4.62;22.49;31.84;33.41
683;3.334;4.62;22.49;31.73;33.41
684;3.334;4.62;22.39;31.73;33.53
685;3.333;4.62;22.39;31.84;33.41
686;3.333;4.62;22.39;31.84;33.41
687;3.333;4.62;22.49;31.73;33.29
688;3.332;4.62;22.39;31.84;33.53
689;3.332;4.62;22.39;31.73;33.53
690;3.331;4.62;22.39;31.84;33.53
691;3.331;4.62;22.39;31.73;33.53
692;3.331;4.62;22.29;31.84;33.53
693;3.33;4.62;22.39;31.73;33.53
694;3.33;4.62;22.39;31.84;33.53
695;3.33;4.62;22.39;31.62;33.41
696;3.329;4.62;22.39;31.84;33.64
697;3.329;4.62;22.39;31.95;33.53
698;3.329;4.62;22.39;31.84;33.76
699;3.328;4.62;22.39;31.84;33.53
700;3.328;4.62;22.39;31.73;33.53
701;3.327;4.62;22.39;31.84;33.64
702;3.327;4.62;22.39;31.84;33.53
703;3.327;4.62;22.39;31.84;33.64
704;3.326;4.62;22.39;31.84;33.64
705;3.326;4.62;22.39;31.95;33.41
706;3.326;4.62;22.39;31.95;33.64
707;3.325;4.62;22.29;31.62;33.53
708;3.325;4.62;22.49;31.95;33.64
709;3.324;4.62;22.39;32.17;33.64
710;3.324;4.62;22.29;31.95;33.64
711;3.324;4.62;22.39;31.95;33.64
712;3.323;4.62;22.39;31.95;33.76
713;3.323;4.62;22.39;31.95;33.64
714;3.322;4.62;22.29;32.06;33.64
715;3.322;4.62;22.29;31.84;33.76
716;3.322;4.62;22.39;32.06;33.64
717;3.321;4.62;22.29;32.06;33.64
718;3.321;4.62;22.29;32.17;33.64
719;3.321;4.62;22.29;32.06;33.64
720;3.32;4.62;22.29;32.06;33.76
721;3.32;4.62;22.29;32.28;33.76
722;3.319;4.62;22.29;32.06;33.64
723;3.319;4.62;22.39;32.06;33.53
724;3.319;4.62;22.29;32.06;33.76
725;3.318;4.62;22.29;31.73;33.76
726;3.318;4.62;22.39;32.06;33.76
727;3.318;4.62;22.29;32.06;33.76
728;3.317;4.62;22.39;32.17;33.76
729;3.317;4.62;22.39;32.06;33.76
730;3.316;4.62;22.49;32.06;33.76
731;3.316;4.62;22.49;32.17;33.76
732;3.316;4.62;22.39;32.17;33.87
733;3.315;4.62;22.39;31.95;33.87
734;3.315;4.62;22.39;32.28;33.76
735;3.315;4.62;22.49;32.28;33.76
736;3.314;4.62;22.39;32.17;33.87
737;3.314;4.62;22.39;31.95;33.87
738;3.313;4.62;22.39;31.84;33.87
739;3.313;4.62;22.39;32.28;33.87
740;3.313;4.62;22.39;32.17;33.87
741;3.312;4.62;22.39;32.28;33.87
742;3.312;4.62;22.39;32.17;33.87
743;3.311;4.62;22.39;32.28;33.87
744;3.311;4.62;22.39;32.28;33.53
745;3.311;4.62;22.29;32.28;33.99
746;3.31;4.62;22.39;32.28;33.87
747;3.31;4.62;22.39;32.28;33.87
748;3.31;4.62;22.6;32.28;33.99
749;3.309;4.62;22.29;32.28;33.99
750;3.309;4.62;22.39;32.28;33.76
751;3.308;4.62;22.49;32.39;33.87
752;3.308;4.62;22.49;32.28;33.99
753;3.308;4.62;22.49;32.28;33.87
754;3.307;4.62;22.49;32.28;33.99
755;3.307;4.62;22.49;32.28;33.99
756;3.307;4.62;22.6;32.39;33.99
757;3.306;4.62;22.6;32.28;33.99
758;3.306;4.62;22.49;32.39;33.99
759;3.305;4.62;22.6;32.39;33.99
760;3.305;4.62;22.6;32.28;33.99
761;3.305;4.62;22.6;32.5;33.87
762;3.304;4.62;22.6;32.28;33.99
763;3.304;4.62;22.6;32.28;34.11
764;3.303;4.62;22.6;32.39;34.11
765;3.303;4.62;22.49;32.28;34.23
766;3.303;4.62;22.49;32.06;34.11
767;3.302;4.62;22.49;32.39;34.11
768;3.302;4.62;22.49;32.39;34.11
769;3.301;4.62;22.49;32.39;34.11
770;3.301;4.62;22.39;32.39;34.11
771;3.301;4.62;22.49;32.39;34.23
772;3.3;4.62;22.6;32.28;34.11
773;3.3;4.62;22.49;32.39;34.11
774;3.3;4.62;22.49;32.5;34.11
775;3.299;4.62;22.49;32.5;34.11
776;3.299;4.62;22.49;32.5;34.23
777;3.298;4.62;22.49;32.5;34.23
778;3.298;4.62;22.49;32.61;34.11
779;3.298;4.62;22.49;32.5;34.11
780;3.297;4.62;22.6;32.5;34.11
781;3.297;4.62;22.6;32.5;34.23
782;3.297;4.62;22.7;32.5;34.11
783;3.296;4.62;22.7;32.5;34.23
784;3.296;4.62;22.6;32.5;34.23
785;3.295;4.62;22.6;32.5;34.23
786;3.295;4.62;22.6;32.5;34.23
787;3.295;4.62;22.7;32.61;34.23
788;3.294;4.62;22.7;32.83;33.99
789;3.294;4.62;22.7;32.61;34.23
790;3.293;4.62;22.6;32.61;34.46
791;3.293;4.62;22.6;32.5;34.23
792;3.293;4.62;22.6;32.61;34.34
793;3.292;4.62;22.7;32.72;34.23
794;3.292;4.62;22.6;32.61;34.23
795;3.291;4.62;22.6;32.61;34.11
796;3.291;4.62;22.6;32.61;34.46
797;3.291;4.62;22.6;32.61;34.34
798;3.29;4.62;22.7;32.61;34.34
799;3.29;4.62;22.6;32.5;34.34
800;3.289;4.62;22.6;32.72;34.58
801;3.289;4.62;22.6;32.5;34.46
802;3.289;4.62;22.6;32.72;34.34
803;3.288;4.62;22.6;32.61;34.46
804;3.288;4.62;22.6;32.61;34.34
805;3.287;4.62;22.6;32.83;34.46
806;3.287;4.62;22.6;32.72;34.46
807;3.287;4.62;22.6;32.72;34.34
808;3.286;4.62;22.6;32.72;34.58
809;3.286;4.62;22.7;32.61;34.46
810;3.285;4.62;22.7;32.72;34.46
811;3.285;4.62;22.6;32.72;34.34
812;3.285;4.62;22.7;32.83;34.34
813;3.284;4.62;22.6;32.72;34.46
814;3.284;4.62;22.7;32.61;34.46
815;3.283;4.62;22.6;32.72;34.46
816;3.283;4.62;22.6;32.61;34.46
817;3.283;4.62;22.6;32.83;34.46
818;3.282;4.62;22.6;32.72;34.58
819;3.282;4.62;22.6;32.83;34.46
820;3.281;4.62;22.6;32.72;34.46
821;3.281;4.62;22.6;32.83;34.46
822;3.281;4.62;22.49;32.83;34.58
823;3.28;4.62;22.6;32.83;34.58
824;3.28;4.62;22.6;32.83;34.46
825;3.279;4.62;22.6;32.83;34.58
826;3.279;4.62;22.6;32.83;34.58
827;3.279;4.62;22.6;32.83;34.46
828;3.278;4.62;22.6;32.83;34.46
829;3.278;4.62;22.6;32.83;34.58
830;3.278;4.62;22.7;32.72;34.58
831;3.277;4.62;22.6;32.83;34.58
832;3.277;4.62;22.6;32.83;34.58
833;3.276;4.62;22.6;33.05;34.46
834;3.276;4.62;22.6;32.94;34.58
835;3.276;4.62;22.6;32.83;34.58
836;3.275;4.62;22.6;32.94;34.58
837;3.275;4.62;22.6;32.83;34.58
838;3.274;4.62;22.49;33.16;34.58
839;3.274;4.62;22.6;32.94;34.58
840;3.274;4.62;22.39;32.94;34.34
841;3.273;4.62;22.6;33.05;34.81
842;3.273;4.62;22.6;33.05;34.7
843;3.272;4.62;22.6;33.05;34.7
844;3.272;4.62;22.49;33.05;34.7
845;3.271;4.62;22.6;32.94;34.7
846;3.271;4.62;22.6;32.94;34.7
847;3.271;4.62;22.49;32.94;34.81
848;3.27;4.62;22.6;32.94;34.7
849;3.27;4.62;22.6;32.94;34.81
850;3.27;4.62;22.6;32.94;34.7
851;3.269;4.62;22.49;33.05;34.58
852;3.269;4.62;22.6;32.94;34.81
853;3.268;4.62;22.6;33.05;34.7
854;3.268;4.62;22.6;33.16;34.81
855;3.268;4.62;22.6;33.05;34.7
856;3.267;4.62;22.7;33.05;35.05
857;3.267;4.62;22.7;33.05;34.81
858;3.266;4.62;22.7;33.05;34.81
859;3.266;4.62;23.0;33.05;34.81
860;3.265;4.62;22.7;33.05;34.81
861;3.265;4.62;22.7;33.05;34.81
862;3.265;4.62;22.7;33.16;34.93
863;3.264;4.62;22.6;32.94;34.81
864;3.264;4.62;22.7;33.16;34.81
865;3.263;4.62;22.7;33.16;34.81
866;3.263;4.62;22.6;32.5;34.81
867;3.263;4.62;22.6;33.05;34.81
868;3.262;4.62;22.6;33.16;34.81
869;3.262;4.62;22.6;33.16;34.7
870;3.261;4.62;22.6;33.16;34.58
871;3.261;4.62;22.49;33.05;34.93
872;3.261;4.62;22.6;33.05;34.93
873;3.26;4.62;22.6;33.27;35.05
874;3.26;4.62;22.6;33.16;34.93
875;3.259;4.62;22.6;33.16;34.93
876;3.259;4.62;22.6;33.16;34.93
877;3.259;4.62;22.6;33.16;34.93
878;3.258;4.62;22.6;33.27;35.05
879;3.258;4.62;22.6;33.16;35.17
880;3.257;4.62;22.6;33.27;34.93
881;3.257;4.62;22.6;33.05;34.7
882;3.256;4.62;22.6;33.27;34.93
883;3.256;4.62;22.6;33.16;34.93
884;3.256;4.62;22.39;33.27;34.93
885;3.255;4.62;22.6;33.27;34.93
886;3.255;4.62;22.6;33.27;34.93
887;3.254;4.62;22.6;33.38;35.05
888;3.254;4.62;22.6;33.16;34.93
889;3.253;4.62;22.6;33.38;35.05
890;3.253;4.62;22.6;33.27;34.93
891;3.253;4.62;22.6;33.38;35.05
892;3.252;4.62;22.6;33.27;35.05
893;3.252;4.62;22.6;33.5;35.05
894;3.251;4.62;22.6;33.38;34.93
895;3.251;4.62;22.7;33.38;35.05
896;3.251;4.62;22.6;33.5;35.05
897;3.25;4.62;22.6;33.38;35.05
898;3.25;4.62;22.6;33.5;35.05
899;3.249;4.62;22.49;33.38;35.05
900;3.249;4.62;22.49;33.5;35.05
901;3.249;4.62;22.6;33.38;35.05
902;3.248;4.62;22.6;33.27;35.05
903;3.248;4.62;22.6;33.38;35.05
904;3.247;4.62;22.6;33.38;35.17
905;3.247;4.62;22.6;33.38;35.05
906;3.247;4.62;22.49;33.5;35.17
907;3.246;4.62;22.49;33.5;35.17
908;3.246;4.62;22.6;33.38;35.05
909;3.245;4.62;22.49;33.27;34.93
910;3.245;4.62;22.49;33.61;35.05
911;3.244;4.62;22.49;33.5;35.17
912;3.244;4.62;22.49;33.5;35.05
913;3.244;4.62;22.49;33.5;35.17
914;3.243;4.62;22.49;33.27;35.05
915;3.243;4.62;22.49;33.5;35.17
916;3.242;4.62;22.49;33.38;35.17
917;3.242;4.62;22.49;33.5;35.17
918;3.242;4.62;22.49;33.5;35.17
919;3.241;4.62;22.49;33.5;35.41
920;3.241;4.62;22.49;33.61;35.29
921;3.24;4.62;22.49;33.61;35.17
922;3.24;4.62;22.39;33.5;35.17
923;3.239;4.62;22.49;33.5;35.41
924;3.239;4.62;22.49;33.5;35.29
925;3.239;4.62;22.49;33.61;35.29
926;3.238;4.62;22.49;33.5;35.29
927;3.238;4.62;22.6;33.5;35.29
928;3.237;4.62;22.49;33.61;35.29
929;3.237;4.62;22.49;33.61;35.41
930;3.237;4.62;22.49;33.61;35.05
931;3.236;4.62;22.7;33.61;35.29
932;3.236;4.62;22.49;33.61;35.29
933;3.235;4.62;22.6;33.72;35.29
934;3.235;4.62;22.6;33.61;35.41
935;3.235;4.62;22.6;33.61;35.29
936;3.234;4.62;22.6;33.61;35.29
937;3.234;4.62;22.6;33.61;35.29
938;3.233;4.62;22.49;33.72;35.41
939;3.233;4.62;22.49;33.61;35.29
940;3.232;4.62;22.6;33.72;35.29
941;3.232;4.62;22.6;33.61;35.41
942;3.232;4.62;22.49;33.72;35.29
943;3.231;4.62;22.6;33.61;35.53
944;3.231;4.62;22.6;33.5;35.41
945;3.23;4.62;22.49;33.72;35.05
946;3.23;4.62;22.49;33.72;35.29
947;3.23;4.62;22.6;33.72;35.41
948;3.229;4.62;22.49;33.72;35.41
949;3.229;4.62;22.49;33.72;35.65
950;3.228;4.62;22.49;33.72;35.41
951;3.228;4.62;22.39;34.06;35.41
952;3.227;4.62;22.49;33.72;35.41
953;3.227;4.62;22.49;33.72;35.41
954;3.227;4.62;22.49;33.5;35.41
955;3.226;4.62;22.49;33.72;35.41
956;3.226;4.62;22.49;33.72;35.41
957;3.225;4.62;22.49;33.83;35.41
958;3.225;4.62;22.49;33.83;35.53
959;3.224;4.62;22.49;33.72;35.41
960;3.224;4.62;22.49;33.83;35.41
961;3.224;4.62;22.49;33.83;35.53
962;3.223;4.62;22.49;33.83;35.41
963;3.223;4.62;22.49;33.83;35.53
964;3.222;4.62;22.49;33.94;35.41
965;3.222;4.62;22.49;33.83;35.53
966;3.221;4.62;22.6;33.83;35.53
967;3.221;4.62;22.29;33.94;35.53
968;3.221;4.62;22.49;33.83;35.41
969;3.22;4.62;22.49;33.94;35.65
970;3.22;4.62;22.6;33.83;35.53
971;3.219;4.62;22.49;33.83;35.53
972;3.219;4.62;22.39;33.94;35.53
973;3.219;4.62;22.49;33.94;35.65
974;3.218;4.62;22.49;33.94;35.65
975;3.218;4.62;22.49;33.83;35.65
976;3.217;4.62;22.49;33.94;35.65
977;3.217;4.62;22.49;33.94;35.53
978;3.216;4.62;22.49;33.83;35.65
979;3.216;4.62;22.49;34.17;35.53
980;3.216;4.62;22.49;33.94;35.77
981;3.215;4.62;22.49;33.94;35.53
982;3.215;4.62;22.49;33.94;35.77
983;3.214;4.62;22.49;34.06;35.65
984;3.214;4.62;22.49;33.94;35.65
985;3.214;4.62;22.49;33.94;35.65
986;3.213;4.62;22.49;33.94;35.53
987;3.213;4.62;22.49;33.94;35.65
988;3.212;4.62;22.6;34.17;35.41
989;3.212;4.62;22.6;34.06;35.65
990;3.211;4.62;22.6;33.83;35.65
991;3.211;4.62;22.49;34.06;35.65
992;3.211;4.62;22.49;34.06;35.65
993;3.21;4.62;22.49;34.06;35.65
994;3.21;4.62;22.7;33.94;35.77
995;3.209;4.62;22.49;34.06;35.77
996;3.209;4.62;22.49;34.17;35.77
997;3.208;4.62;22.49;33.94;35.65
998;3.208;4.62;22.49;34.06;35.77
999;3.208;4.62;22.49;33.94;35.77
1000;3.207;4.62;22.49;33.94;35.77
1001;3.207;4.62;22.49;33.5;35.77
1002;3.206;4.62;22.49;33.94;35.77
1003;3.206;4.62;22.49;34.17;35.65
1004;3.206;4.62;22.49;34.17;35.77
1005;3.205;4.62;22.49;34.17;35.77
1006;3.205;4.62;22.49;34.17;35.77
1007;3.204;4.62;22.49;34.06;35.77
1008;3.204;4.62;22.49;34.17;35.65
1009;3.204;4.62;22.6;34.62;36.01
1010;3.203;4.62;22.6;34.17;35.89
1011;3.203;4.62;22.49;34.17;35.77
1012;3.202;4.62;22.49;34.28;35.65
1013;3.202;4.62;22.49;34.17;35.77
1014;3.201;4.62;22.49;34.06;35.77
1015;3.201;4.62;22.49;34.17;36.13
1016;3.201;4.62;22.49;34.06;35.89
1017;3.2;4.62;22.49;34.17;35.89
1018;3.2;4.62;22.49;34.28;35.89
1019;3.199;4.62;22.49;34.17;35.89
1020;3.199;4.62;22.49;34.17;36.01
1021;3.198;4.62;22.49;34.28;35.89
1022;3.198;4.62;22.49;34.17;35.89
1023;3.198;4.62;22.49;34.17;36.01
1024;3.197;4.62;22.49;34.28;35.89
1025;3.197;4.62;22.49;34.28;35.41
1026;3.196;4.62;22.49;34.28;35.89
1027;3.196;4.62;22.49;34.28;35.89
1028;3.196;4.62;22.49;34.28;36.01
1029;3.195;4.62;22.49;34.28;35.89
1030;3.195;4.62;22.6;34.4;35.89
1031;3.194;4.62;22.6;34.28;35.89
1032;3.194;4.62;22.49;34.28;36.01
1033;3.194;4.62;22.6;34.28;35.89
1034;3.193;4.62;22.49;34.4;35.89
1035;3.193;4.62;22.6;34.17;35.89
1036;3.192;4.62;22.8;34.28;35.89
1037;3.192;4.62;22.7;34.28;36.01
1038;3.191;4.62;22.7;34.51;36.37
1039;3.191;4.62;22.7;34.4;35.89
1040;3.191;4.62;22.49;34.28;36.13
1041;3.19;4.62;22.6;34.28;36.25
1042;3.19;4.62;22.7;34.4;36.01
1043;3.189;4.62;22.7;34.4;36.01
1044;3.189;4.62;22.7;34.4;36.01
1045;3.188;4.62;22.7;34.28;36.01
1046;3.188;4.62;22.6;34.4;36.13
1047;3.188;4.62;22.7;34.4;36.74
1048;3.187;4.62;22.7;34.4;36.01
1049;3.187;4.62;22.7;34.74;36.01
1050;3.186;4.62;22.7;34.28;36.13
1051;3.186;4.62;22.7;34.28;36.25
1052;3.186;4.62;22.6;34.4;36.13
1053;3.185;4.62;22.7;34.28;36.13
1054;3.185;4.62;22.6;34.4;36.13
1055;3.184;4.62;22.6;34.4;36.01
1056;3.184;4.62;22.6;34.4;36.25
1057;3.184;4.62;22.6;34.4;36.13
1058;3.183;4.62;22.6;34.4;36.01
1059;3.183;4.62;22.6;34.51;36.13
1060;3.182;4.62;22.6;34.4;36.13
1061;3.182;4.62;22.6;34.51;36.13
1062;3.181;4.62;22.6;34.51;36.13
1063;3.181;4.62;22.6;34.51;36.25
1064;3.181;4.62;22.6;34.51;36.37
1065;3.18;4.62;22.6;34.51;36.13
1066;3.18;4.62;22.49;34.62;36.13
1067;3.179;4.62;22.6;34.51;36.13
1068;3.179;4.62;22.49;34.51;36.25
1069;3.178;4.62;22.6;34.4;36.25
1070;3.178;4.62;22.49;34.51;36.25
1071;3.178;4.62;22.49;34.51;36.25
1072;3.177;4.62;22.49;34.51;36.25
1073;3.177;4.62;22.49;34.62;36.25
1074;3.176;4.62;22.49;34.51;36.25
1075;3.176;4.62;22.49;34.62;36.37
1076;3.176;4.62;22.49;34.62;36.37
1077;3.175;4.62;22.49;34.51;36.25
1078;3.175;4.62;22.49;34.51;36.25
1079;3.174;4.62;22.49;34.51;36.25
1080;3.174;4.62;22.49;34.74;36.25
1081;3.174;4.62;22.39;34.62;36.25
1082;3.173;4.62;22.49;34.51;36.25
1083;3.173;4.62;22.6;34.62;36.37
1084;3.172;4.62;22.49;34.62;36.25
1085;3.172;4.62;22.49;34.74;36.25
1086;3.172;4.62;22.49;34.74;36.37
1087;3.171;4.62;22.6;34.74;36.37
1088;3.171;4.62;22.49;34.28;36.37
1089;3.17;4.62;22.49;34.4;36.49
1090;3.17;4.62;22.6;34.62;36.37
1091;3.17;4.62;22.6;34.62;36.37
1092;3.169;4.62;22.6;34.74;36.37
1093;3.169;4.62;22.6;34.74;36.25
1094;3.168;4.62;22.6;34.62;36.37
1095;3.168;4.62;22.49;34.51;36.37
1096;3.168;4.62;22.39;34.74;36.37
1097;3.167;4.62;22.6;34.74;36.37
1098;3.167;4.62;22.6;34.62;36.49
1099;3.166;4.62;22.6;34.74;36.49
1100;3.166;4.62;22.49;34.74;36.49
1101;3.166;4.62;22.49;34.74;36.37
1102;3.165;4.62;22.49;34.62;36.49
1103;3.165;4.62;22.49;34.74;36.61
1104;3.164;4.62;22.49;34.74;36.25
1105;3.164;4.62;22.49;34.74;36.49
1106;3.164;4.62;22.49;34.85;36.37
1107;3.163;4.62;22.49;34.74;36.49
1108;3.163;4.62;22.49;34.62;36.49
1109;3.162;4.62;22.49;34.74;36.49
1110;3.162;4.62;22.49;34.74;36.37
1111;3.162;4.62;22.6;34.85;36.37
1112;3.161;4.62;22.49;34.85;36.49
1113;3.161;4.62;22.6;34.74;36.61
1114;3.16;4.62;22.6;34.85;36.49
1115;3.16;4.62;22.6;34.96;36.49
1116;3.16;4.62;22.6;34.85;36.61
1117;3.159;4.62;22.6;34.74;36.61
1118;3.159;4.62;22.49;34.74;36.61
1119;3.159;4.62;22.49;34.85;36.49
1120;3.158;4.62;22.6;34.62;36.49
1121;3.158;4.62;22.49;34.85;36.61
1122;3.157;4.62;22.7;34.85;36.49
1123;3.157;4.62;22.6;34.85;36.61
1124;3.156;4.62;22.49;34.85;36.49
1125;3.156;4.62;22.49;34.85;36.74
1126;3.156;4.62;22.49;34.74;36.49
1127;3.155;4.62;22.49;34.85;36.49
1128;3.155;4.62;22.49;34.96;36.61
1129;3.155;4.62;22.6;34.96;36.49
1130;3.154;4.62;22.6;34.96;36.61
1131;3.154;4.62;22.6;34.96;36.49
1132;3.154;4.62;22.6;34.85;36.37
1133;3.153;4.62;22.6;34.85;36.61
1134;3.153;4.62;22.6;34.85;36.61
1135;3.152;4.62;22.6;34.96;36.86
1136;3.152;4.62;22.6;33.94;36.61
1137;3.152;4.62;22.6;34.96;36.86
1138;3.151;4.62;22.6;34.96;36.74
1139;3.151;4.62;22.6;35.19;36.74
1140;3.151;4.62;22.7;34.96;36.74
1141;3.15;4.62;22.6;34.96;36.74
1142;3.15;4.62;22.6;34.96;36.61
1143;3.149;4.62;22.6;34.96;36.74
1144;3.149;4.62;22.6;34.85;36.49
1145;3.149;4.62;22.6;35.08;36.74
1146;3.148;4.62;22.6;34.96;36.74
1147;3.148;4.62;22.7;34.96;36.74
1148;3.147;4.62;22.6;35.19;36.61
1149;3.147;4.62;22.6;34.74;36.61
1150;3.147;4.62;22.6;34.96;36.74
1151;3.146;4.62;22.6;34.96;36.74
1152;3.146;4.62;22.8;35.08;36.74
1153;3.146;4.62;22.6;35.08;36.61
1154;3.145;4.62;22.6;35.08;36.74
1155;3.145;4.62;22.6;35.08;36.74
1156;3.144;4.62;22.6;35.19;36.74
1157;3.144;4.62;22.49;35.08;36.86
1158;3.144;4.62;22.7;35.08;36.74
1159;3.143;4.62;22.6;35.19;36.74
1160;3.143;4.62;22.6;35.08;36.74
1161;3.143;4.62;22.7;35.08;36.74
1162;3.142;4.62;22.7;35.08;36.74
1163;3.142;4.62;22.7;34.85;36.86
1164;3.142;4.62;22.7;35.08;37.1
1165;3.141;4.62;22.7;35.19;36.86
1166;3.141;4.62;22.6;35.08;36.86
1167;3.14;4.62;22.6;35.3;36.61
1168;3.14;4.62;22.6;35.19;36.86
1169;3.14;4.62;22.6;35.19;36.74
1170;3.139;4.62;22.6;35.3;36.86
1171;3.139;4.62;22.6;35.19;36.86
1172;3.138;4.62;22.6;35.19;36.86
1173;3.138;4.62;22.6;35.08;36.86
1174;3.138;4.62;22.6;35.19;36.86
1175;3.137;4.62;22.6;35.3;36.86
1176;3.137;4.62;22.6;35.3;36.86
1177;3.137;4.62;22.6;35.19;36.86
1178;3.136;4.62;22.6;35.19;36.86
1179;3.136;4.62;22.6;35.19;36.86
1180;3.135;4.62;22.6;35.19;36.86
1181;3.135;4.62;22.6;35.3;36.86
1182;3.135;4.62;22.6;35.19;36.98
1183;3.134;4.62;22.6;35.19;36.98
1184;3.134;4.62;22.6;35.19;36.74
1185;3.134;4.62;22.6;35.19;36.86
1186;3.133;4.62;22.7;35.19;36.98
1187;3.133;4.62;22.7;35.08;36.86
1188;3.133;4.62;22.7;35.3;36.86
1189;3.132;4.62;22.7;35.19;36.98
1190;3.132;4.62;22.7;35.3;36.98
1191;3.131;4.62;22.7;35.19;37.1
1192;3.131;4.62;22.6;35.19;36.98
1193;3.131;4.62;22.7;35.3;37.1
1194;3.13;4.62;22.7;35.19;36.98
1195;3.13;4.62;22.6;35.3;36.98
1196;3.13;4.62;22.6;35.08;36.98
1197;3.129;4.62;22.6;35.3;36.98
1198;3.129;4.62;22.6;35.19;37.23
1199;3.128;4.62;22.6;35.3;36.98
1200;3.128;4.62;22.6;35.19;37.1
1201;3.128;4.62;22.6;35.3;36.98
1202;3.127;4.62;22.6;35.3;36.98
1203;3.127;4.62;22.6;35.3;36.49
1204;3.127;4.62;22.6;35.19;36.86
1205;3.126;4.62;22.6;35.3;37.1
1206;3.126;4.62;22.7;35.3;36.98
1207;3.125;4.62;22.7;35.42;37.1
1208;3.125;4.62;22.7;35.3;37.23
1209;3.125;4.62;22.7;35.42;37.1
1210;3.124;4.62;22.7;35.19;37.1
1211;3.124;4.62;22.8;35.3;36.98
1212;3.124;4.62;22.8;35.42;37.1
1213;3.123;4.62;22.8;36.57;37.1
1214;3.123;4.62;22.7;35.42;37.1
1215;3.123;4.62;22.8;35.42;37.1
1216;3.122;4.62;22.8;35.42;37.23
1217;3.122;4.62;22.8;35.42;37.23
1218;3.121;4.62;22.8;35.42;37.1
1219;3.121;4.62;22.7;35.53;37.1
1220;3.121;4.62;22.8;35.42;37.1
1221;3.12;4.62;22.8;35.42;37.1
1222;3.12;4.62;22.7;35.42;36.98
1223;3.12;4.62;22.7;35.42;37.1
1224;3.119;4.62;22.8;35.42;36.74
1225;3.119;4.62;22.7;35.42;37.1
1226;3.118;4.62;22.7;35.42;37.23
1227;3.118;4.62;22.7;35.42;37.1
1228;3.118;4.62;22.7;35.42;37.23
1229;3.117;4.62;22.7;35.76;37.1
1230;3.117;4.62;22.7;35.53;37.23
1231;3.117;4.62;22.7;35.42;37.23
1232;3.116;4.62;22.7;35.65;37.1
1233;3.116;4.62;22.7;35.42;37.23
1234;3.116;4.62;22.7;35.53;37.35
1235;3.115;4.62;22.7;35.53;37.23
1236;3.115;4.62;22.8;35.53;37.1
1237;3.115;4.62;22.7;35.53;37.23
1238;3.114;4.62;22.8;35.42;37.35
1239;3.114;4.62;22.7;35.42;37.23
1240;3.114;4.62;22.7;35.53;37.35
1241;3.113;4.62;22.7;35.53;37.23
1242;3.113;4.62;22.7;35.53;37.35
1243;3.113;4.62;22.7;35.42;37.23
1244;3.112;4.62;22.7;35.53;37.1
1245;3.112;4.62;22.7;35.53;37.35
1246;3.112;4.62;22.7;35.53;37.23
1247;3.111;4.62;22.7;35.42;37.23
1248;3.111;4.62;22.7;35.53;37.35
1249;3.11;4.62;22.7;34.96;37.35
1250;3.11;4.62;22.7;35.65;37.23
1251;3.11;4.62;22.7;35.65;37.23
1252;3.109;4.62;22.6;35.76;37.23
1253;3.109;4.62;22.6;35.65;37.35
1254;3.109;4.62;22.6;35.53;37.35
1255;3.108;4.62;22.6;35.65;37.23
1256;3.108;4.62;22.7;35.76;37.35
1257;3.108;4.62;22.7;35.65;37.35
1258;3.107;4.62;22.6;35.65;37.35
1259;3.107;4.62;22.7;35.76;37.35
1260;3.107;4.62;22.6;35.65;37.35
1261;3.106;4.62;22.6;35.76;37.35
1262;3.106;4.62;22.6;35.65;37.35
1263;3.106;4.62;22.7;35.65;37.47
1264;3.105;4.62;22.6;35.65;37.47
1265;3.105;4.62;22.6;35.65;37.35
1266;3.105;4.62;22.6;35.53;37.35
1267;3.104;4.62;22.6;35.76;37.47
1268;3.104;4.62;22.6;35.76;37.47
1269;3.104;4.62;22.7;35.65;37.35
1270;3.103;4.62;22.6;35.76;36.98
1271;3.103;4.62;22.49;35.76;37.47
1272;3.103;4.62;22.6;35.76;37.35
1273;3.102;4.62;22.7;35.65;37.35
1274;3.102;4.62;22.6;35.53;37.47
1275;3.102;4.62;22.6;35.65;37.47
1276;3.101;4.62;22.6;35.76;37.47
1277;3.101;4.62;22.6;35.76;37.6
1278;3.101;4.62;22.6;35.76;37.72
1279;3.1;4.62;22.49;35.76;37.35
1280;3.1;4.62;22.6;36.46;37.47
1281;3.1;4.62;22.49;35.76;37.47
1282;3.099;4.62;22.6;35.76;37.6
1283;3.099;4.62;22.6;35.76;37.47
1284;3.099;4.62;22.6;35.76;37.47
1285;3.098;4.62;22.6;35.76;37.47
1286;3.098;4.62;22.6;35.76;37.47
1287;3.098;4.62;22.6;35.65;37.35
1288;3.097;4.62;22.6;35.76;37.47
1289;3.097;4.62;22.6;35.76;37.47
1290;3.097;4.62;22.6;35.99;37.47
1291;3.096;4.62;22.6;35.76;37.47
1292;3.096;4.62;22.6;35.99;37.35
1293;3.095;4.62;22.6;35.76;37.6
1294;3.095;4.62;22.49;35.76;37.6
1295;3.095;4.62;22.6;35.76;37.72
1296;3.094;4.62;22.6;35.88;37.6
1297;3.094;4.62;22.6;35.76;37.47
1298;3.094;4.62;22.6;35.88;37.6
1299;3.093;4.62;22.6;35.76;37.47
1300;3.093;4.62;22.6;35.88;37.6
1301;3.093;4.62;22.6;35.88;37.97
1302;3.092;4.62;22.49;35.88;37.6
1303;3.092;4.62;22.49;35.88;37.6
1304;3.092;4.62;22.49;35.88;37.6
1305;3.091;4.62;22.49;35.88;37.6
1306;3.091;4.62;22.49;35.88;37.6
1307;3.091;4.62;22.6;35.99;37.6
1308;3.09;4.62;22.49;35.65;37.6
1309;3.09;4.62;22.6;35.88;37.6
1310;3.09;4.62;22.6;35.88;37.6
1311;3.09;4.62;22.6;35.88;37.6
1312;3.089;4.62;22.49;35.88;38.09
1313;3.089;4.62;22.6;35.88;37.84
1314;3.089;4.62;22.6;35.88;37.6
1315;3.088;4.62;22.6;35.99;37.6
1316;3.088;4.62;22.49;35.99;37.72
1317;3.088;4.62;22.6;35.88;37.6
1318;3.087;4.62;22.49;35.99;37.6
1319;3.087;4.62;22.49;35.99;37.72
1320;3.087;4.62;22.49;35.99;37.72
1321;3.086;4.62;22.49;35.99;37.6
1322;3.086;4.62;22.49;35.99;37.6
1323;3.086;4.62;22.49;36.22;37.6
1324;3.085;4.62;22.49;35.88;37.72
1325;3.085;4.62;22.49;35.99;37.72
1326;3.085;4.62;22.49;35.99;37.72
1327;3.084;4.62;22.49;35.99;37.72
1328;3.084;4.62;22.49;35.99;37.72
1329;3.084;4.62;22.49;35.99;37.72
1330;3.083;4.62;22.49;36.11;37.72
1331;3.083;4.62;22.49;36.11;37.72
1332;3.083;4.62;22.49;35.99;37.72
1333;3.082;4.62;22.49;35.99;37.6
1334;3.082;4.62;22.49;35.99;37.84
1335;3.082;4.62;22.49;36.11;37.72
1336;3.082;4.62;22.49;36.11;37.84
1337;3.081;4.62;22.49;35.99;37.84
1338;3.081;4.62;22.49;36.11;37.72
1339;3.081;4.62;22.6;35.99;37.72
1340;3.08;4.62;22.7;35.99;37.72
1341;3.08;4.62;22.6;36.11;37.84
1342;3.08;4.62;22.6;36.11;37.97
1343;3.079;4.62;22.6;36.22;37.84
1344;3.079;4.62;22.6;36.11;37.84
1345;3.079;4.62;22.6;36.11;37.84
1346;3.078;4.62;22.6;36.11;37.84
1347;3.078;4.62;22.6;36.22;37.84
1348;3.078;4.62;22.6;36.11;37.84
1349;3.077;4.62;22.6;36.11;37.84
1350;3.077;4.62;22.6;36.22;37.97
1351;3.077;4.62;22.6;36.11;37.84
1352;3.076;4.62;22.6;36.22;37.84
1353;3.076;4.62;22.6;36.11;37.84
1354;3.076;4.62;22.6;35.88;37.84
1355;3.075;4.62;22.49;36.22;37.84
1356;3.075;4.62;22.6;35.99;37.84
1357;3.075;4.62;22.49;36.22;37.84
1358;3.074;4.62;22.6;36.22;37.84
1359;3.074;4.62;22.6;36.22;37.84
1360;3.074;4.62;22.7;36.11;37.84
1361;3.073;4.62;22.6;35.99;37.97
1362;3.073;4.62;22.6;36.11;37.97
1363;3.073;4.62;22.6;35.99;38.09
1364;3.073;4.62;22.6;36.22;37.97
1365;3.072;4.62;22.6;36.22;37.97
1366;3.072;4.62;22.6;36.22;37.84
1367;3.072;4.62;22.6;36.22;37.97
1368;3.071;4.62;22.6;36.22;37.97
1369;3.071;4.62;22.6;36.34;37.97
1370;3.071;4.62;22.6;36.22;37.97
1371;3.07;4.62;22.6;36.22;37.97
1372;3.07;4.62;22.6;36.34;37.97
1373;3.07;4.62;22.6;35.08;37.97
1374;3.069;4.62;22.6;36.34;37.97
1375;3.069;4.62;22.6;36.22;37.84
1376;3.069;4.62;22.49;36.22;38.09
1377;3.068;4.62;22.6;36.22;37.97
1378;3.068;4.62;22.6;36.22;37.97
1379;3.068;4.62;22.6;36.34;38.09
1380;3.067;4.62;22.6;36.34;37.97
1381;3.067;4.62;22.6;36.22;38.09
1382;3.067;4.62;22.7;36.34;38.09
1383;3.067;4.62;22.49;36.46;37.97
1384;3.066;4.62;22.49;36.34;38.09
1385;3.066;4.62;22.49;36.34;38.09
1386;3.066;4.62;22.6;36.46;37.97
1387;3.065;4.62;22.6;36.34;37.97
1388;3.065;4.62;22.6;36.34;37.97
1389;3.065;4.62;22.6;36.34;37.97
1390;3.064;4.62;22.6;36.34;38.22
1391;3.064;4.62;22.6;36.11;37.97
1392;3.064;4.62;22.6;36.34;38.09
1393;3.064;4.62;22.6;36.46;38.09
1394;3.063;4.62;22.6;36.34;38.09
1395;3.063;4.62;22.6;36.81;38.09
1396;3.063;4.62;22.6;36.46;38.09
1397;3.062;4.62;22.6;36.34;38.09
1398;3.062;4.62;22.49;36.57;38.09
1399;3.062;4.62;22.49;36.34;38.09
1400;3.061;4.62;22.6;36.34;38.09
1401;3.061;4.62;22.6;36.34;38.09
1402;3.061;4.62;22.6;36.34;38.22
1403;3.061;4.62;22.6;36.46;38.09
1404;3.06;4.62;22.6;36.46;38.09
1405;3.06;4.62;22.6;36.22;38.09
1406;3.06;4.62;22.49;36.69;37.97
1407;3.059;4.62;22.6;36.46;38.09
1408;3.059;4.62;22.6;36.46;37.84
1409;3.059;4.62;22.6;36.46;38.22
1410;3.058;4.62;22.6;36.46;38.22
1411;3.058;4.62;22.6;36.46;38.22
1412;3.058;4.62;22.6;36.46;38.09
1413;3.058;4.62;22.6;36.46;38.22
1414;3.057;4.62;22.6;36.46;38.09
1415;3.057;4.62;22.7;36.46;38.22
1416;3.057;4.62;22.7;36.34;38.22
1417;3.056;4.62;22.7;36.57;38.22
1418;3.056;4.62;22.7;36.57;38.22
1419;3.056;4.62;22.7;36.57;38.22
1420;3.055;4.62;22.7;36.34;38.09
1421;3.055;4.62;22.7;36.34;38.22
1422;3.055;4.62;22.7;36.57;38.22
1423;3.054;4.62;22.7;36.57;38.22
1424;3.054;4.62;22.7;36.46;38.34
1425;3.054;4.62;22.7;36.46;38.47
1426;3.054;4.62;22.6;36.46;38.22
1427;3.053;4.62;22.7;36.57;38.22
1428;3.053;4.62;22.7;36.57;38.22
1429;3.053;4.62;22.8;36.34;38.34
1430;3.052;4.62;22.8;36.57;38.22
1431;3.052;4.62;22.7;36.57;38.34
1432;3.052;4.62;22.7;36.46;38.22
1433;3.051;4.62;22.7;36.81;38.34
1434;3.051;4.62;22.7;36.57;38.34
1435;3.051;4.62;22.7;36.57;37.97
1436;3.051;4.62;22.6;36.46;38.34
1437;3.05;4.62;22.6;36.57;38.34
1438;3.05;4.62;22.6;36.57;38.34
1439;3.05;4.62;22.7;36.57;38.34
1440;3.049;4.62;22.7;36.57;38.22
1441;3.049;4.62;22.6;36.81;38.34
1442;3.049;4.62;22.7;36.69;38.34
1443;3.049;4.62;22.7;36.69;38.34
1444;3.048;4.62;22.7;36.69;38.34
1445;3.048;4.62;22.7;36.69;38.6
1446;3.048;4.62;22.6;36.69;38.47
1447;3.047;4.62;22.6;36.57;38.34
1448;3.047;4.62;22.6;36.46;38.34
1449;3.047;4.62;22.6;36.69;38.47
1450;3.046;4.62;22.6;36.69;38.34
1451;3.046;4.62;22.6;36.69;38.34
1452;3.046;4.62;22.49;36.69;38.47
1453;3.046;4.62;22.49;36.69;38.34
1454;3.045;4.62;22.49;36.69;38.47
1455;3.045;4.62;22.6;36.69;38.09
1456;3.045;4.62;22.49;36.69;38.47
1457;3.044;4.62;22.49;36.57;38.47
1458;3.044;4.62;22.6;36.81;38.34
1459;3.044;4.62;22.49;36.81;38.47
1460;3.043;4.62;22.49;36.81;38.47
1461;3.043;4.62;22.49;36.69;38.47
1462;3.043;4.62;22.49;36.69;38.34
1463;3.043;4.62;22.6;36.69;38.34
1464;3.042;4.62;22.6;36.69;38.34
1465;3.042;4.62;22.6;36.34;38.47
1466;3.042;4.62;22.6;36.81;38.34
1467;3.041;4.62;22.6;36.81;38.47
1468;3.041;4.62;22.6;36.81;38.47
1469;3.041;4.62;22.6;37.04;38.47
1470;3.041;4.62;22.6;36.81;38.6
1471;3.04;4.62;22.6;36.81;38.34
1472;3.04;4.62;22.6;36.81;38.6
1473;3.04;4.62;22.6;36.81;38.47
1474;3.039;4.62;22.49;36.81;38.34
1475;3.039;4.62;22.6;36.69;38.47
1476;3.039;4.62;22.49;37.04;38.34
1477;3.038;4.62;22.49;36.69;38.47
1478;3.038;4.62;22.6;36.81;38.47
1479;3.038;4.62;22.49;36.69;38.6
1480;3.038;4.62;22.6;36.92;38.47
1481;3.037;4.62;22.49;36.81;38.47
1482;3.037;4.62;22.49;36.81;38.47
1483;3.037;4.62;22.49;37.04;38.47
1484;3.036;4.62;22.49;36.81;38.6
1485;3.036;4.62;22.49;36.81;38.6
1486;3.036;4.62;22.49;36.81;38.22
1487;3.035;4.62;22.6;36.81;38.6
1488;3.035;4.62;22.7;36.81;38.6
1489;3.035;4.62;22.49;36.81;38.47
1490;3.035;4.62;22.49;36.92;38.6
1491;3.034;4.62;22.6;36.81;38.47
1492;3.034;4.62;22.6;36.92;38.72
1493;3.034;4.62;22.49;36.92;38.6
1494;3.033;4.62;22.6;36.92;38.6
1495;3.033;4.62;22.49;36.81;38.6
1496;3.033;4.62;22.8;36.81;38.6
1497;3.032;4.62;22.49;36.81;38.6
1498;3.032;4.62;22.49;36.92;38.6
1499;3.032;4.62;22.49;36.81;38.6
1500;3.032;4.62;22.49;36.92;38.72
1501;3.031;4.62;22.49;37.16;38.6
1502;3.031;4.62;22.49;37.04;38.6
1503;3.031;4.62;22.49;37.04;38.72
1504;3.03;4.62;22.49;36.92;38.6
1505;3.03;4.62;22.49;36.92;38.6
1506;3.03;4.62;22.49;36.92;38.72
1507;3.029;4.62;22.49;37.86;38.34
1508;3.029;4.62;22.49;36.92;38.72
1509;3.029;4.62;22.49;36.92;38.85
1510;3.029;4.62;22.49;36.81;38.6
1511;3.028;4.62;22.49;36.92;38.72
1512;3.028;4.62;22.49;36.92;38.72
1513;3.028;4.62;22.6;36.92;38.72
1514;3.027;4.62;22.49;37.04;38.6
1515;3.027;4.62;22.6;36.92;38.6
1516;3.027;4.62;22.6;36.69;38.72
1517;3.027;4.62;22.49;36.92;38.72
1518;3.026;4.62;22.49;37.16;38.72
1519;3.026;4.62;22.6;37.04;38.72
1520;3.026;4.62;22.49;36.92;38.72
1521;3.025;4.62;22.49;36.92;38.6
1522;3.025;4.62;22.49;36.92;38.72
1523;3.025;4.62;22.49;37.04;38.85
1524;3.024;4.62;22.49;37.04;38.72
1525;3.024;4.62;22.49;36.92;38.72
1526;3.024;4.62;22.49;37.04;38.85
1527;3.024;4.62;22.49;37.04;38.72
1528;3.023;4.62;22.49;37.04;38.72
1529;3.023;4.62;22.39;36.92;38.72
1530;3.023;4.62;22.49;37.04;38.72
1531;3.022;4.62;22.39;37.04;38.72
1532;3.022;4.62;22.39;37.04;38.72
1533;3.022;4.62;22.39;37.16;38.72
1534;3.021;4.62;22.39;37.04;38.72
1535;3.021;4.62;22.39;37.04;38.85
1536;3.021;4.62;22.39;37.04;38.72
1537;3.021;4.62;22.39;37.04;38.72
1538;3.02;4.62;22.39;37.04;38.85
1539;3.02;4.62;22.39;37.16;38.72
1540;3.02;4.62;22.39;37.16;38.72
1541;3.019;4.62;22.39;36.92;38.98
1542;3.019;4.62;22.39;37.04;38.47
1543;3.019;4.62;22.39;37.16;38.72
1544;3.018;4.62;22.39;37.16;38.72
1545;3.018;4.62;22.39;37.27;38.72
1546;3.018;4.62;22.49;37.04;38.85
1547;3.018;4.62;22.49;37.16;38.72
1548;3.017;4.62;22.39;37.16;38.6
1549;3.017;4.62;22.39;37.16;38.85
1550;3.017;4.62;22.39;37.04;38.85
1551;3.016;4.62;22.39;37.04;38.85
1552;3.016;4.62;22.39;37.16;38.85
1553;3.016;4.62;22.29;37.27;38.85
1554;3.015;4.62;22.39;36.92;38.85
1555;3.015;4.62;22.39;37.16;38.85
1556;3.015;4.62;22.29;37.04;38.85
1557;3.014;4.62;22.39;37.27;38.85
1558;3.014;4.62;22.29;37.16;38.85
1559;3.014;4.62;22.29;37.04;38.98
1560;3.013;4.62;22.29;37.27;38.98
1561;3.013;4.62;22.29;37.16;38.85
1562;3.013;4.62;22.39;37.16;38.98
1563;3.013;4.62;22.29;37.16;38.85
1564;3.012;4.62;22.29;37.51;38.85
1565;3.012;4.62;22.39;37.16;38.98
1566;3.012;4.62;22.39;37.16;38.85
1567;3.011;4.62;22.39;37.16;39.1
1568;3.011;4.62;22.39;37.16;38.85
1569;3.011;4.62;22.39;37.27;38.98
1570;3.01;4.62;22.29;37.04;38.6
1571;3.01;4.62;22.29;37.16;39.1
1572;3.01;4.62;22.39;37.27;38.98
1573;3.01;4.62;22.39;37.27;38.98
1574;3.009;4.62;22.39;37.04;38.98
1575;3.009;4.62;22.39;37.16;38.98
1576;3.009;4.62;22.39;37.16;38.85
1577;3.008;4.62;22.39;37.39;38.98
1578;3.008;4.62;22.39;37.27;39.1
1579;3.008;4.62;22.39;37.16;38.98
1580;3.007;4.62;22.39;37.27;38.98
1581;3.007;4.62;22.29;37.27;38.98
1582;3.007;4.62;22.39;37.27;38.98
1583;3.006;4.62;22.39;37.39;39.1
1584;3.006;4.62;22.29;37.27;39.1
1585;3.006;4.62;22.29;37.27;38.98
1586;3.005;4.62;22.39;37.27;39.23
1587;3.005;4.62;22.39;37.27;38.98
1588;3.005;4.62;22.39;37.27;38.98
1589;3.005;4.62;22.39;37.27;38.98
1590;3.004;4.62;22.29;37.16;38.98
1591;3.004;4.62;22.49;37.39;38.98
1592;3.004;4.62;22.49;37.27;38.98
1593;3.003;4.62;22.49;37.27;38.98
1594;3.003;4.62;22.6;37.27;39.23
1595;3.003;4.62;22.6;37.27;38.98
1596;3.002;4.62;22.49;37.27;38.98
1597;3.002;4.62;22.6;37.27;38.6
1598;3.002;4.62;22.6;37.27;38.98
1599;3.002;4.62;22.6;37.39;39.1
1600;3.001;4.62;22.6;37.27;38.98
1601;3.001;4.62;22.49;37.39;38.98
1602;3.0;4.62;22.49;37.27;38.98
1603;3.0;4.62;22.49;37.27;39.1
1604;3.0;4.62;22.49;37.63;38.98
1605;3.0;4.62;22.49;37.27;38.98
1606;2.999;4.62;22.49;37.39;38.98
1607;2.999;4.62;22.49;37.27;39.1
1608;2.999;4.62;22.49;37.04;39.23
1609;2.998;4.62;22.39;37.39;39.36
1610;2.998;4.62;22.49;37.39;39.1
1611;2.998;4.62;22.39;37.39;38.98
1612;2.997;4.62;22.39;37.39;38.98
1613;2.997;4.62;22.39;37.39;38.98
1614;2.997;4.62;22.39;37.39;38.85
1615;2.996;4.62;22.49;37.86;39.1
1616;2.996;4.62;22.39;37.39;39.1
1617;2.996;4.62;22.29;37.04;38.98
1618;2.995;4.62;22.39;37.27;38.98
1619;2.995;4.62;22.39;37.39;39.1
1620;2.995;4.62;22.39;37.74;39.1
1621;2.994;4.62;22.39;37.51;39.23
1622;2.994;4.62;22.39;37.98;39.1
1623;2.994;4.62;22.39;36.92;39.1
1624;2.993;4.62;22.39;37.39;38.98
1625;2.993;4.62;22.39;37.39;39.1
1626;2.993;4.62;22.39;37.39;39.1
1627;2.992;4.62;22.39;37.39;39.1
1628;2.992;4.62;22.39;37.27;39.1
1629;2.992;4.62;22.39;37.51;39.1
1630;2.991;4.62;22.39;37.51;39.1
1631;2.991;4.62;22.39;37.51;39.1
1632;2.991;4.62;22.39;37.39;39.1
1633;2.99;4.62;22.29;37.51;39.36
1634;2.99;4.62;22.29;37.51;39.23
1635;2.99;4.62;22.39;37.51;39.1
1636;2.989;4.62;22.29;37.39;39.1
1637;2.989;4.62;22.29;37.51;39.1
1638;2.989;4.62;22.29;37.51;39.1
1639;2.988;4.62;22.29;37.39;39.1
1640;2.988;4.62;22.39;37.39;39.23
1641;2.988;4.62;22.39;37.51;39.23
1642;2.988;4.62;22.39;37.51;39.1
1643;2.987;4.62;22.39;37.51;39.1
1644;2.987;4.62;22.39;37.51;39.1
1645;2.987;4.62;22.39;37.74;39.23
1646;2.986;4.62;22.39;37.63;39.1
1647;2.986;4.62;22.49;37.51;39.23
1648;2.985;4.62;22.49;37.51;39.23
1649;2.985;4.62;22.49;37.51;39.49
1650;2.985;4.62;22.49;37.27;39.23
1651;2.985;4.62;22.49;37.51;39.23
1652;2.984;4.62;22.39;37.63;39.23
1653;2.984;4.62;22.49;37.51;39.23
1654;2.983;4.62;22.39;37.63;39.23
1655;2.983;4.62;22.49;37.63;39.23
1656;2.983;4.62;22.49;37.63;39.36
1657;2.982;4.62;22.39;37.63;39.23
1658;2.982;4.62;22.49;37.63;39.61
1659;2.982;4.62;22.49;37.63;39.23
1660;2.981;4.62;22.49;37.63;39.36
1661;2.981;4.62;22.39;37.63;39.36
1662;2.981;4.62;22.49;37.74;39.36
1663;2.98;4.62;22.39;37.63;39.23
1664;2.98;4.62;22.49;37.63;39.49
1665;2.98;4.62;22.39;37.74;38.98
1666;2.979;4.62;22.39;37.63;39.23
1667;2.979;4.62;22.39;37.63;39.23
1668;2.979;4.62;22.39;37.63;39.49
1669;2.978;4.62;22.49;37.51;39.36
1670;2.978;4.62;22.39;37.63;39.49
1671;2.978;4.62;22.39;37.63;39.36
1672;2.977;4.62;22.39;37.63;39.36
1673;2.977;4.62;22.39;37.74;39.36
1674;2.977;4.62;22.49;37.63;39.36
1675;2.976;4.62;22.49;37.74;39.36
1676;2.976;4.62;22.49;37.74;39.49
1677;2.976;4.62;22.39;38.82;39.36
1678;2.975;4.62;22.39;37.63;39.36
1679;2.975;4.62;22.39;37.74;39.36
1680;2.974;4.62;22.39;37.63;39.36
1681;2.974;4.62;22.39;37.74;39.36
1682;2.974;4.62;22.39;37.74;39.36
1683;2.973;4.62;22.39;37.74;39.36
1684;2.973;4.62;22.39;37.74;39.36
1685;2.973;4.62;22.39;37.86;39.36
1686;2.972;4.62;22.39;37.74;39.36
1687;2.972;4.62;22.19;37.86;39.36
1688;2.972;4.62;22.39;37.74;39.36
1689;2.971;4.62;22.39;37.51;39.49
1690;2.971;4.62;22.29;37.63;39.49
1691;2.97;4.62;22.39;37.74;39.1
1692;2.97;4.62;22.39;37.74;39.49
1693;2.97;4.62;22.49;37.74;39.49
1694;2.97;4.62;22.49;37.63;39.49
1695;2.969;4.62;22.39;37.74;39.49
1696;2.969;4.62;22.49;37.86;39.49
1697;2.969;4.62;22.49;37.74;39.49
1698;2.968;4.62;22.49;37.86;39.49
1699;2.968;4.62;22.49;37.86;39.49
1700;2.967;4.62;22.49;37.98;39.49
1701;2.967;4.62;22.49;37.74;39.49
1702;2.967;4.62;22.49;37.86;39.49
1703;2.966;4.62;22.49;37.86;39.49
1704;2.966;4.62;22.49;37.86;39.49
1705;2.966;4.62;22.49;37.86;39.36
1706;2.965;4.62;22.49;37.86;39.36
1707;2.965;4.62;22.49;37.86;39.49
1708;2.965;4.62;22.49;37.86;39.36
1709;2.964;4.62;22.49;37.74;39.49
1710;2.964;4.62;22.49;37.86;39.49
1711;2.963;4.62;22.49;37.98;39.61
1712;2.963;4.62;22.49;37.86;39.49
1713;2.963;4.62;22.49;37.86;39.49
1714;2.962;4.62;22.49;37.86;39.61
1715;2.962;4.62;22.49;38.22;39.74
1716;2.962;4.62;22.49;37.86;39.61
1717;2.961;4.62;22.7;37.86;39.49
1718;2.961;4.62;22.6;37.86;39.61
1719;2.961;4.62;22.49;37.86;39.61
1720;2.96;4.62;22.6;37.98;39.61
1721;2.96;4.62;22.6;37.86;39.61
1722;2.96;4.62;22.6;37.86;39.61
1723;2.959;4.62;22.6;37.98;39.61
1724;2.959;4.62;22.6;37.98;39.61
1725;2.958;4.62;22.6;36.57;39.61
1726;2.958;4.62;22.6;37.86;39.87
1727;2.958;4.62;22.6;37.86;39.61
1728;2.957;4.62;22.6;37.86;39.61
1729;2.957;4.62;22.6;38.1;39.61
1730;2.957;4.62;22.6;38.22;39.61
1731;2.956;4.62;22.6;37.74;39.49
1732;2.956;4.62;22.6;37.98;39.61
1733;2.955;4.62;22.6;37.98;39.61
1734;2.955;4.62;22.6;37.98;39.49
1735;2.955;4.62;22.49;37.98;39.61
1736;2.954;4.62;22.49;37.98;39.61
1737;2.953;4.62;22.49;37.98;39.61
1738;2.953;4.62;22.49;37.86;39.87
1739;2.953;4.62;22.49;37.98;39.61
1740;2.953;4.62;22.49;37.98;39.61
1741;2.952;4.62;22.49;37.98;39.74
1742;2.952;4.62;22.49;38.1;39.49
1743;2.951;4.62;22.6;37.98;39.61
1744;2.951;4.62;22.49;37.98;39.74
1745;2.951;4.62;22.49;38.1;39.74
1746;2.95;4.62;22.6;38.1;39.74
1747;2.95;4.62;22.6;37.63;39.74
1748;2.95;4.62;22.6;38.1;39.49
1749;2.949;4.62;22.49;38.34;39.74
1750;2.949;4.62;22.6;37.98;39.74
1751;2.948;4.62;22.6;37.98;39.74
1752;2.948;4.62;22.6;38.1;39.74
1753;2.948;4.62;22.6;37.86;39.74
1754;2.947;4.62;22.6;37.98;39.74
1755;2.947;4.62;22.7;37.98;39.74
1756;2.946;4.62;22.6;37.98;39.74
1757;2.946;4.62;22.6;37.98;39.74
1758;2.945;4.62;22.6;38.1;39.74
1759;2.945;4.62;22.6;37.98;40.13
1760;2.945;4.62;22.6;38.1;39.87
1761;2.944;4.62;22.6;38.1;39.87
1762;2.944;4.62;22.6;37.98;39.74
1763;2.944;4.62;22.6;37.86;39.87
1764;2.943;4.62;22.6;38.1;39.74
1765;2.943;4.62;22.6;37.98;39.87
1766;2.943;4.62;22.6;38.1;39.74
1767;2.942;4.62;22.6;37.98;39.74
1768;2.942;4.62;22.7;37.39;39.74
1769;2.941;4.62;22.6;38.1;39.74
1770;2.941;4.62;22.6;38.1;39.74
1771;2.941;4.62;22.6;38.1;39.87
1772;2.94;4.62;22.6;38.1;39.87
1773;2.94;4.62;22.6;38.1;39.74
1774;2.939;4.62;22.6;38.1;39.74
1775;2.939;4.62;22.7;38.1;39.74
1776;2.939;4.62;22.6;38.1;39.87
1777;2.938;4.62;22.6;38.1;39.74
1778;2.938;4.62;22.6;38.46;39.87
1779;2.937;4.62;22.6;38.1;39.74
1780;2.937;4.62;22.6;38.1;39.87
1781;2.937;4.62;22.6;38.46;39.87
1782;2.936;4.62;22.6;38.22;39.87
1783;2.936;4.62;22.49;38.1;40.0
1784;2.935;4.62;22.6;38.22;39.87
1785;2.935;4.62;22.6;38.1;39.87
1786;2.935;4.62;22.6;38.46;39.74
1787;2.934;4.62;22.6;38.1;39.87
1788;2.934;4.62;22.6;38.22;39.87
1789;2.933;4.62;22.49;38.1;39.87
1790;2.933;4.62;22.49;38.22;39.87
1791;2.932;4.62;22.49;38.22;39.87
1792;2.932;4.62;22.6;38.22;39.74
1793;2.932;4.62;22.6;38.22;39.87
1794;2.931;4.62;22.49;38.22;40.0
1795;2.931;4.62;22.6;38.22;39.87
1796;2.93;4.62;22.6;38.22;40.0
1797;2.93;4.62;22.49;38.22;40.0
1798;2.93;4.62;22.6;38.22;39.87
1799;2.929;4.62;22.49;38.22;39.87
1800;2.929;4.62;22.7;38.22;39.74
1801;2.929;4.62;22.49;38.22;40.0
1802;2.928;4.62;22.6;38.34;39.87
1803;2.928;4.62;22.6;38.34;40.0
1804;2.927;4.62;22.6;38.22;39.74
1805;2.927;4.62;22.6;38.22;40.0
1806;2.926;4.62;22.6;38.1;39.87
1807;2.926;4.62;22.6;38.46;39.87
1808;2.926;4.62;22.6;38.34;40.0
1809;2.925;4.62;22.6;38.22;40.0
1810;2.925;4.62;22.49;38.22;40.0
1811;2.924;4.62;22.6;38.22;40.0
1812;2.924;4.62;22.49;38.34;40.0
1813;2.924;4.62;22.49;38.46;40.0
1814;2.923;4.62;22.6;38.34;40.0
1815;2.923;4.62;22.6;38.22;40.0
1816;2.922;4.62;22.49;38.34;40.0
1817;2.922;4.62;22.49;38.1;40.0
1818;2.921;4.62;22.6;38.34;39.87
1819;2.921;4.62;22.49;38.46;40.0
1820;2.921;4.62;22.6;38.46;40.13
1821;2.92;4.62;22.6;38.34;39.87
1822;2.92;4.62;22.6;38.34;40.13
1823;2.919;4.62;22.6;38.22;40.0
1824;2.919;4.62;22.49;39.18;40.0
1825;2.918;4.62;22.6;38.22;40.0
1826;2.918;4.62;22.6;38.34;40.0
1827;2.917;4.62;22.6;38.34;40.0
1828;2.917;4.62;22.6;38.34;40.13
1829;2.917;4.62;22.6;38.46;40.0
1830;2.916;4.62;22.6;38.34;40.0
1831;2.916;4.62;22.6;38.34;40.0
1832;2.915;4.62;22.6;38.46;40.0
1833;2.915;4.62;22.6;38.1;40.13
1834;2.914;4.62;22.6;38.34;40.13
1835;2.914;4.62;22.6;38.34;40.26
1836;2.914;4.62;22.6;38.46;40.13
1837;2.913;4.62;22.6;38.34;40.26
1838;2.913;4.62;22.6;38.34;40.0
1839;2.912;4.62;22.6;38.58;40.13
1840;2.912;4.62;22.6;38.46;40.13
1841;2.912;4.62;22.7;38.34;40.13
1842;2.911;4.62;22.49;38.58;40.13
1843;2.911;4.62;22.6;38.34;40.13
1844;2.91;4.62;22.6;38.46;40.26
1845;2.91;4.62;22.6;38.34;40.0
1846;2.909;4.62;22.6;38.46;40.13
1847;2.909;4.62;22.6;38.46;40.13
1848;2.909;4.62;22.6;38.46;40.13
1849;2.908;4.62;22.6;38.46;40.13
1850;2.908;4.62;22.6;38.46;40.13
1851;2.907;4.62;22.6;38.46;40.0
1852;2.907;4.62;22.6;38.46;40.13
1853;2.906;4.62;22.6;38.58;40.26
1854;2.906;4.62;22.6;38.22;40.26
1855;2.905;4.62;22.6;38.46;40.26
1856;2.905;4.62;22.6;38.7;40.26
1857;2.905;4.62;22.6;38.46;40.26
1858;2.904;4.62;22.6;38.46;40.13
1859;2.904;4.62;22.6;38.46;40.13
1860;2.903;4.62;22.49;38.46;40.26
1861;2.903;4.62;22.6;38.46;40.13
1862;2.902;4.62;22.6;38.46;40.26
1863;2.902;4.62;22.6;38.46;40.26
1864;2.901;4.62;22.49;38.58;40.26
1865;2.901;4.62;22.49;38.58;40.26
1866;2.9;4.62;22.49;38.7;40.26
1867;2.9;4.62;22.49;38.58;40.26
1868;2.9;4.62;22.49;38.46;40.26
1869;2.899;4.62;22.49;38.58;40.26
1870;2.899;4.62;22.6;38.58;40.26
1871;2.898;4.62;22.49;38.58;40.26
1872;2.898;4.62;22.49;38.58;40.26
1873;2.897;4.62;22.49;38.58;40.39
1874;2.897;4.62;22.49;38.58;40.26
1875;2.896;4.62;22.49;38.58;40.26
1876;2.896;4.62;22.49;38.7;40.39
1877;2.895;4.62;22.6;38.7;40.26
1878;2.895;4.62;22.49;38.58;40.39
1879;2.895;4.62;22.49;38.58;40.26
1880;2.894;4.62;22.49;38.58;40.39
1881;2.894;4.62;22.49;38.58;40.26
1882;2.893;4.62;22.49;38.7;40.26
1883;2.893;4.62;22.49;38.7;40.39
1884;2.892;4.62;22.49;38.58;40.39
1885;2.892;4.62;22.49;38.7;40.39
1886;2.891;4.62;22.39;38.7;40.39
1887;2.891;4.62;22.49;38.7;40.26
1888;2.89;4.62;22.49;38.7;40.39
1889;2.89;4.62;22.49;38.7;40.26
1890;2.889;4.62;22.49;38.7;40.39
1891;2.889;4.62;22.39;38.34;40.39
1892;2.888;4.62;22.49;37.63;40.39
1893;2.888;4.62;22.6;38.58;40.52
1894;2.887;4.62;22.49;38.7;40.39
1895;2.887;4.62;22.39;38.7;40.39
1896;2.886;4.62;22.49;38.82;40.39
1897;2.886;4.62;22.39;38.82;40.52
1898;2.886;4.62;22.49;38.58;40.39
1899;2.885;4.62;22.49;38.82;40.52
1900;2.885;4.62;22.49;38.46;40.52
1901;2.884;4.62;22.49;38.7;40.52
1902;2.884;4.62;22.49;38.82;40.39
1903;2.883;4.62;22.49;38.7;40.39
1904;2.883;4.62;22.39;38.7;40.39
1905;2.882;4.62;22.39;38.7;40.39
1906;2.882;4.62;22.39;38.82;40.52
1907;2.881;4.62;22.39;38.82;40.52
1908;2.881;4.62;22.49;38.82;40.26
1909;2.88;4.62;22.39;39.3;40.65
1910;2.88;4.62;22.39;38.82;40.52
1911;2.879;4.62;22.39;38.7;40.52
1912;2.879;4.62;22.39;38.82;40.39
1913;2.878;4.62;22.39;38.82;40.52
1914;2.878;4.62;22.39;38.82;40.52
1915;2.877;4.62;22.39;38.82;40.26
1916;2.877;4.62;22.39;38.82;40.52
1917;2.877;4.62;22.49;38.82;40.52
1918;2.876;4.62;22.39;38.82;40.52
1919;2.876;4.62;22.39;38.94;40.52
1920;2.875;4.62;22.39;38.82;40.52
1921;2.875;4.62;22.39;39.06;40.52
1922;2.874;4.62;22.39;38.94;40.52
1923;2.874;4.62;22.29;38.82;40.65
1924;2.873;4.62;22.39;38.82;40.52
1925;2.873;4.62;22.39;38.82;40.52
1926;2.872;4.62;22.39;38.82;40.52
1927;2.872;4.62;22.29;38.82;40.65
1928;2.871;4.62;22.39;38.94;40.52
1929;2.871;4.62;22.39;38.46;40.65
1930;2.87;4.62;22.29;38.82;40.65
1931;2.87;4.62;22.29;38.94;40.65
1932;2.869;4.62;22.39;39.06;40.65
1933;2.869;4.62;22.29;38.94;40.65
1934;2.868;4.62;22.29;38.82;40.65
1935;2.868;4.62;22.29;38.94;40.65
1936;2.867;4.62;22.29;38.94;40.52
1937;2.867;4.62;22.29;38.94;40.65
1938;2.866;4.62;22.29;38.94;40.65
1939;2.866;4.62;22.29;38.94;40.52
1940;2.865;4.62;22.29;39.06;40.78
1941;2.865;4.62;22.39;39.3;40.65
1942;2.864;4.62;22.29;38.94;40.78
1943;2.864;4.62;22.39;38.94;40.65
1944;2.863;4.62;22.29;38.94;40.65
1945;2.863;4.62;22.29;39.06;40.91
1946;2.862;4.62;22.29;38.7;40.65
1947;2.862;4.62;22.39;38.94;40.78
1948;2.861;4.62;22.29;38.94;40.78
1949;2.861;4.62;21.99;38.94;40.65
1950;2.86;4.62;22.29;39.06;40.78
1951;2.86;4.62;22.29;39.06;40.65
1952;2.859;4.62;22.29;38.94;40.78
1953;2.859;4.62;22.29;38.94;40.65
1954;2.858;4.62;22.29;39.06;40.91
1955;2.858;4.62;22.29;38.94;40.78
1956;2.857;4.62;22.29;38.7;40.65
1957;2.857;4.62;22.09;38.82;40.65
1958;2.856;4.62;22.29;38.94;40.78
1959;2.856;4.62;22.29;39.06;40.78
1960;2.855;4.62;22.29;39.06;40.78
1961;2.855;4.62;22.29;39.18;40.78
1962;2.854;4.62;22.29;39.06;40.78
1963;2.854;4.62;22.29;39.06;40.78
1964;2.853;4.62;22.39;39.06;40.91
1965;2.853;4.62;22.29;39.18;40.78
1966;2.852;4.62;22.29;39.18;40.78
1967;2.852;4.62;22.29;39.06;40.78
1968;2.851;4.62;22.29;39.06;41.04
1969;2.851;4.62;22.29;39.18;40.78
1970;2.85;4.62;22.29;39.06;40.78
1971;2.85;4.62;22.29;39.18;40.91
1972;2.849;4.62;22.29;39.18;40.91
1973;2.849;4.62;22.29;39.06;40.78
1974;2.848;4.62;22.29;38.82;40.78
1975;2.848;4.62;22.19;39.06;40.78
1976;2.847;4.62;22.39;39.06;40.78
1977;2.846;4.62;22.39;39.3;40.78
1978;2.846;4.62;22.29;39.18;40.78
1979;2.845;4.62;22.39;39.18;40.78
1980;2.845;4.62;22.39;39.18;40.65
1981;2.844;4.62;22.39;39.18;40.78
1982;2.844;4.62;22.29;39.06;40.91
1983;2.843;4.62;22.39;39.06;40.91
1984;2.843;4.62;22.39;39.18;40.91
1985;2.842;4.62;22.39;39.18;40.91
1986;2.842;4.62;22.49;39.3;40.91
1987;2.841;4.62;22.39;39.06;40.91
1988;2.841;4.62;22.39;39.18;41.04
1989;2.84;4.62;22.39;39.3;40.91
1990;2.84;4.62;22.39;39.3;40.91
1991;2.839;4.62;22.39;39.18;40.91
1992;2.839;4.62;22.39;39.18;41.04
1993;2.838;4.62;22.49;39.3;41.04
1994;2.837;4.62;22.39;39.18;40.91
1995;2.837;4.62;22.39;39.3;40.91
1996;2.836;4.62;22.39;39.42;40.78
1997;2.836;4.62;22.39;39.3;40.91
1998;2.835;4.62;22.39;39.54;40.91
1999;2.835;4.62;22.39;39.3;41.04
2000;2.834;4.62;22.39;39.06;40.91
2001;2.834;4.62;22.29;39.3;41.04
2002;2.833;4.62;22.39;39.42;40.91
2003;2.833;4.62;22.39;39.3;41.04
2004;2.832;4.62;22.29;39.3;41.04
2005;2.832;4.62;22.39;39.3;41.04
2006;2.831;4.62;22.39;39.3;41.04
2007;2.83;4.62;22.39;39.54;40.91
2008;2.83;4.62;22.49;39.3;40.65
2009;2.829;4.62;22.39;39.3;41.04
2010;2.829;4.62;22.49;39.3;41.04
2011;2.828;4.62;22.39;39.06;40.78
2012;2.828;4.62;22.39;39.54;41.04
2013;2.827;4.62;22.39;39.3;41.04
2014;2.827;4.62;22.39;39.42;41.31
2015;2.826;4.62;22.39;39.42;41.04
2016;2.825;4.62;22.49;39.42;41.18
2017;2.825;4.62;22.39;39.42;41.04
2018;2.824;4.62;22.39;39.42;41.18
2019;2.824;4.62;22.39;39.42;41.18
2020;2.823;4.62;22.39;39.42;41.04
2021;2.823;4.62;22.39;39.42;41.18
2022;2.822;4.62;22.39;39.3;41.04
2023;2.821;4.62;22.39;39.42;41.18
2024;2.821;4.62;22.6;39.42;41.18
2025;2.82;4.62;22.39;39.42;41.18
2026;2.82;4.62;22.39;39.42;41.04
2027;2.819;4.62;22.39;39.42;41.04
2028;2.819;4.62;22.39;39.42;41.31
2029;2.818;4.62;22.39;39.42;41.18
2030;2.817;4.62;22.39;39.42;41.18
2031;2.817;4.62;22.39;39.42;41.18
2032;2.816;4.62;22.39;39.42;41.18
2033;2.816;4.62;22.39;39.54;41.18
2034;2.815;4.62;22.39;39.42;41.18
2035;2.815;4.62;22.39;39.06;41.04
2036;2.814;4.62;22.39;39.42;41.31
2037;2.813;4.62;22.39;39.54;41.18
2038;2.813;4.62;22.29;39.42;41.18
2039;2.812;4.62;22.39;39.54;41.31
2040;2.812;4.62;22.39;39.54;41.31
2041;2.811;4.62;22.39;39.54;41.18
2042;2.81;4.62;22.39;39.78;41.31
2043;2.81;4.62;22.39;39.54;41.31
2044;2.809;4.62;22.19;39.54;41.18
2045;2.809;4.62;22.29;39.54;41.18
2046;2.808;4.62;22.39;39.54;41.31
2047;2.807;4.62;22.29;39.42;41.31
2048;2.807;4.62;22.39;39.54;41.44
2049;2.806;4.62;22.29;39.54;41.31
2050;2.806;4.62;22.29;40.03;41.31
2051;2.805;4.62;22.39;39.54;41.18
2052;2.804;4.62;22.29;39.54;41.31
2053;2.804;4.62;22.29;39.66;41.18
2054;2.803;4.62;22.29;39.18;41.44
2055;2.803;4.62;22.49;39.54;41.44
2056;2.802;4.62;22.39;39.66;41.31
2057;2.801;4.62;22.39;39.66;41.31
2058;2.801;4.62;22.39;39.54;41.44
2059;2.8;4.62;22.39;39.54;41.44
2060;2.799;4.62;22.39;39.66;40.65
2061;2.799;4.62;22.39;39.66;41.57
2062;2.798;4.62;22.39;39.66;41.57
2063;2.798;4.62;22.39;39.66;41.57
2064;2.797;4.62;22.39;39.78;41.44
2065;2.796;4.62;22.39;39.66;41.57
2066;2.796;4.62;22.29;39.66;41.44
2067;2.795;4.62;22.39;39.78;41.31
2068;2.794;4.62;22.39;39.78;41.31
2069;2.794;4.62;22.39;39.54;41.44
2070;2.793;4.62;22.39;39.66;41.44
2071;2.793;4.62;22.29;39.66;41.44
2072;2.792;4.62;22.39;39.66;41.44
2073;2.791;4.62;22.39;39.66;41.57
2074;2.791;4.62;22.39;39.66;41.44
2075;2.79;4.62;22.39;39.66;41.57
2076;2.789;4.62;22.39;39.06;41.44
2077;2.789;4.62;22.49;39.66;41.71
2078;2.788;4.62;22.39;39.91;41.44
2079;2.787;4.62;22.39;39.78;41.44
2080;2.787;4.62;22.39;39.78;41.57
2081;2.786;4.62;22.49;39.78;41.44
2082;2.785;4.62;22.39;40.27;41.44
2083;2.785;4.62;22.39;39.78;41.57
2084;2.784;4.62;22.39;39.78;41.71
2085;2.783;4.62;22.39;39.78;41.44
2086;2.783;4.62;22.39;39.78;41.57
2087;2.782;4.62;22.39;39.66;41.44
2088;2.781;4.62;22.39;39.78;41.18
2089;2.781;4.62;22.39;39.78;41.57
2090;2.78;4.62;22.39;39.78;41.57
2091;2.779;4.62;22.39;39.91;41.57
2092;2.779;4.62;22.29;39.78;41.57
2093;2.778;4.62;22.39;39.78;41.57
2094;2.777;4.62;22.39;39.78;41.71
2095;2.777;4.62;22.39;39.78;41.57
2096;2.776;4.62;22.39;39.91;41.57
2097;2.775;4.62;22.39;39.91;41.57
2098;2.775;4.62;22.39;39.91;41.44
2099;2.774;4.62;22.39;39.91;41.71
2100;2.773;4.62;22.49;39.91;41.57
2101;2.772;4.62;22.49;39.91;41.57
2102;2.772;4.62;22.49;39.91;41.71
2103;2.771;4.62;22.49;39.91;41.57
2104;2.77;4.62;22.49;39.91;41.57
2105;2.77;4.62;22.49;39.91;41.57
2106;2.769;4.62;22.49;39.78;41.71
2107;2.768;4.62;22.49;39.91;41.57
2108;2.767;4.62;22.6;39.91;41.57
2109;2.767;4.62;22.6;40.03;41.44
2110;2.766;4.62;22.6;39.91;41.57
2111;2.765;4.62;22.6;40.15;41.57
2112;2.765;4.62;22.49;39.91;41.71
2113;2.764;4.62;22.6;40.03;41.71
2114;2.763;4.62;22.6;39.91;41.71
2115;2.762;4.62;22.49;39.78;41.84
2116;2.762;4.62;22.49;39.91;41.71
2117;2.761;4.62;22.49;40.03;41.71
2118;2.76;4.62;22.49;40.03;41.84
2119;2.759;4.62;22.49;39.78;41.71
2120;2.759;4.62;22.39;39.66;41.71
2121;2.758;4.62;22.49;40.03;41.84
2122;2.757;4.62;22.49;40.03;41.84
2123;2.756;4.62;22.49;39.91;41.71
2124;2.756;4.62;22.39;39.91;41.71
2125;2.755;4.62;22.49;40.03;41.84
2126;2.754;4.62;22.49;39.91;41.71
2127;2.753;4.62;22.49;40.03;41.71
2128;2.752;4.62;22.49;40.03;41.84
2129;2.752;4.62;22.49;40.03;41.97
2130;2.751;4.62;22.49;39.66;41.84
2131;2.75;4.62;22.49;40.15;41.84
2132;2.749;4.62;22.49;40.4;41.84
2133;2.748;4.62;22.49;40.03;41.71
2134;2.748;4.62;22.49;40.03;41.84
2135;2.747;4.62;22.49;40.03;41.84
2136;2.746;4.62;22.49;41.14;41.84
2137;2.745;4.62;22.49;40.03;41.71
2138;2.744;4.62;22.49;40.15;41.84
2139;2.744;4.62;22.39;40.15;41.84
2140;2.743;4.62;22.49;40.03;41.84
2141;2.742;4.62;22.49;40.15;41.84
2142;2.741;4.62;22.49;40.03;41.84
2143;2.74;4.62;22.49;40.15;41.97
2144;2.739;4.62;22.49;40.27;41.97
2145;2.739;4.62;22.39;40.15;41.97
2146;2.738;4.62;22.49;40.15;41.97
2147;2.737;4.62;22.49;40.52;41.84
2148;2.736;4.62;22.39;40.15;41.97
2149;2.735;4.62;22.39;40.27;42.11
2150;2.734;4.62;22.39;40.15;41.97
2151;2.733;4.62;22.39;40.15;41.84
2152;2.732;4.62;22.49;40.15;41.97
2153;2.732;4.62;22.49;40.15;41.97
2154;2.731;4.62;22.49;40.15;41.97
2155;2.73;4.62;22.49;40.15;41.97
2156;2.729;4.62;22.49;40.4;41.97
2157;2.728;4.62;22.49;40.27;41.97
2158;2.727;4.62;22.49;40.03;41.97
2159;2.726;4.62;22.39;39.91;41.84
2160;2.725;4.62;22.39;39.91;41.97
2161;2.724;4.62;22.39;40.4;41.97
2162;2.724;4.62;22.39;40.03;41.97
2163;2.723;4.62;22.29;40.27;41.97
2164;2.722;4.62;22.39;40.27;42.11
2165;2.721;4.62;22.29;40.4;41.97
2166;2.72;4.62;22.39;40.27;42.11
2167;2.719;4.62;22.39;40.27;42.11
2168;2.718;4.62;22.39;40.27;41.84
2169;2.717;4.62;22.29;40.4;41.97
2170;2.716;4.62;22.29;40.4;42.24
2171;2.715;4.62;22.29;40.27;42.11
2172;2.714;4.62;22.29;40.4;42.11
2173;2.713;4.62;22.29;40.4;42.11
2174;2.712;4.62;22.29;40.4;42.11
2175;2.711;4.62;22.39;40.4;42.38
2176;2.71;4.62;22.6;40.27;42.24
2177;2.709;4.62;22.39;40.27;42.11
2178;2.708;4.62;22.39;40.52;42.11
2179;2.707;4.62;22.39;40.4;42.24
2180;2.706;4.62;22.49;40.27;42.24
2181;2.705;4.62;22.39;40.64;42.24
2182;2.704;4.62;22.49;40.4;42.24
2183;2.703;4.62;22.39;40.4;42.11
2184;2.702;4.62;22.39;40.4;42.24
2185;2.701;4.62;22.39;40.52;42.24
2186;2.7;4.62;22.39;40.52;42.38
2187;2.699;4.62;22.39;40.27;42.11
2188;2.698;4.62;22.39;40.15;42.24
2189;2.697;4.62;22.39;40.52;42.24
2190;2.696;4.62;22.39;40.52;42.24
2191;2.695;4.62;22.29;40.52;42.38
2192;2.694;4.62;22.39;40.77;42.38
2193;2.692;4.62;22.49;40.52;42.24
2194;2.691;4.62;22.39;40.64;42.24
2195;2.69;4.62;22.29;40.52;42.38
2196;2.689;4.62;22.19;40.4;42.38
2197;2.688;4.62;22.29;40.27;42.38
2198;2.687;4.62;22.39;40.52;42.38
2199;2.686;4.62;22.29;39.91;42.38
2200;2.685;4.62;22.29;40.64;42.24
2201;2.684;4.62;22.39;40.52;42.24
2202;2.682;4.62;22.39;40.52;42.38
2203;2.681;4.62;22.39;40.52;42.38
2204;2.68;4.62;22.39;40.64;42.38
2205;2.679;4.62;22.39;40.52;42.38
2206;2.678;4.62;22.39;40.64;42.38
2207;2.677;4.62;22.39;40.64;42.38
2208;2.675;4.62;22.39;40.52;42.38
2209;2.674;4.62;22.49;40.64;42.51
2210;2.673;4.62;22.39;40.77;42.51
2211;2.672;4.62;22.39;40.4;42.24
2212;2.67;4.62;22.39;40.77;42.38
2213;2.669;4.62;22.39;40.64;42.24
2214;2.668;4.62;22.39;40.77;42.38
2215;2.667;4.62;22.29;40.64;42.38
2216;2.665;4.62;22.39;40.77;42.51
2217;2.664;4.62;22.39;40.64;42.65
2218;2.663;4.62;22.39;40.77;42.51
2219;2.661;4.62;22.29;40.77;42.65
2220;2.66;4.62;22.39;40.64;42.38
2221;2.659;4.62;22.29;40.64;42.51
2222;2.657;4.62;22.39;40.77;42.51
2223;2.656;4.62;22.29;40.64;42.51
2224;2.655;4.62;22.29;40.77;42.38
2225;2.653;4.62;22.29;40.77;42.65
2226;2.652;4.62;22.39;40.77;42.51
2227;2.65;4.62;22.39;40.77;42.51
2228;2.649;4.62;22.39;40.89;42.51
2229;2.648;4.62;22.39;40.77;42.51
2230;2.646;4.62;22.39;40.77;42.65
2231;2.645;4.62;22.39;40.89;42.79
2232;2.643;4.62;22.29;40.89;42.51
2233;2.642;4.62;22.39;40.89;42.51
2234;2.64;4.62;22.39;40.77;42.51
2235;2.639;4.62;22.39;40.77;42.65
2236;2.637;4.62;22.29;40.89;42.65
2237;2.636;4.62;22.39;40.89;42.92
2238;2.634;4.62;22.29;40.77;42.65
2239;2.633;4.62;22.29;40.89;42.65
2240;2.631;4.62;22.39;40.89;42.65
2241;2.629;4.62;22.29;40.77;42.65
2242;2.628;4.62;22.29;41.01;42.65
2243;2.626;4.62;22.29;40.89;42.65
2244;2.625;4.62;22.29;40.77;42.79
2245;2.623;4.62;22.29;41.01;42.65
2246;2.621;4.62;22.29;40.89;42.79
2247;2.62;4.62;22.29;40.89;42.65
2248;2.618;4.62;22.29;41.01;42.65
2249;2.616;4.62;22.29;40.89;42.79
2250;2.615;4.62;22.29;41.01;42.79
2251;2.613;4.62;22.29;41.14;42.92
2252;2.611;4.62;22.29;41.01;42.79
2253;2.609;4.62;22.29;40.89;42.79
2254;2.608;4.62;22.29;41.01;42.92
2255;2.606;4.62;22.29;41.01;42.92
2256;2.604;4.62;22.39;41.01;42.79
2257;2.602;4.62;22.29;41.14;42.79
2258;2.6;4.62;22.29;40.89;42.79
2259;2.598;4.62;22.29;41.14;42.92
2260;2.596;4.62;22.29;41.26;42.92
2261;2.594;4.62;22.39;41.01;42.79
2262;2.592;4.62;22.39;41.01;42.79
2263;2.59;4.62;22.29;41.01;42.79
2264;2.588;4.62;22.39;41.14;42.92
2265;2.586;4.62;22.29;41.14;43.06
2266;2.584;4.62;22.7;41.14;42.79
2267;2.582;4.62;22.39;41.14;43.06
2268;2.58;4.62;22.39;41.01;42.92
2269;2.578;4.62;22.39;41.01;42.92
2270;2.576;4.62;22.29;41.14;42.51
2271;2.574;4.62;22.29;41.39;42.92
2272;2.571;4.62;22.29;41.14;42.92
2273;2.569;4.62;22.29;41.14;42.92
2274;2.567;4.62;22.29;41.26;42.92
2275;2.565;4.62;22.39;41.14;43.06
2276;2.562;4.62;22.29;41.26;43.06
2277;2.56;4.62;22.29;41.26;43.33
2278;2.557;4.62;22.29;41.26;43.06
2279;2.555;4.62;22.29;41.26;43.2
2280;2.553;4.62;22.29;41.26;43.2
2281;2.55;4.62;22.29;41.26;43.06
2282;2.548;4.62;22.29;41.26;43.06
2283;2.545;4.62;22.29;41.26;43.06
2284;2.543;4.62;22.29;41.26;43.06
2285;2.54;4.62;22.29;41.26;43.06
2286;2.538;4.62;22.29;41.26;43.06
2287;2.535;4.62;22.29;41.39;43.06
2288;2.532;4.62;22.29;41.39;43.06
2289;2.53;4.62;22.29;41.26;43.2
2290;2.527;4.62;22.29;41.39;43.2
2291;2.524;4.62;22.29;41.39;43.2
2292;2.521;4.62;22.29;41.51;43.2
2293;2.518;4.62;22.29;41.39;43.2
2294;2.516;4.62;22.19;41.51;43.2
2295;2.512;4.62;22.29;41.39;43.2
2296;2.509;4.62;22.29;41.01;43.2
2297;2.506;4.62;22.29;41.51;43.2
2298;2.503;4.62;22.29;41.51;43.33
2299;2.5;4.62;22.29;41.51;43.2
