time;voltage;current;ambient_temperature;surface_temperature_plus;surface_temperature_minus
0;0.003;0.0;22.9;22.09;22.13
1;3.48;5.724;23.0;22.09;22.33
2;3.404;6.161;22.9;22.09;22.43
3;3.402;6.161;22.9;21.99;22.13
4;3.398;6.161;22.9;22.19;22.13
5;3.393;6.161;22.9;22.09;22.23
6;3.387;6.161;22.9;22.09;22.13
7;3.378;6.161;22.9;22.29;22.13
8;3.369;6.161;22.9;22.09;22.23
9;3.356;6.161;22.9;22.49;22.13
10;3.35;6.161;22.9;22.19;22.23
11;3.35;6.161;23.0;21.99;22.23
12;3.352;6.161;22.9;22.19;22.13
13;3.356;6.161;23.0;22.19;22.23
14;3.358;6.161;23.0;22.19;22.43
15;3.359;6.161;23.0;22.29;22.23
16;3.36;6.161;23.0;22.19;22.23
17;3.361;6.161;23.0;22.09;22.23
18;3.362;6.161;23.0;22.19;22.23
19;3.363;6.161;23.0;22.19;22.43
20;3.362;6.161;23.0;22.29;22.33
21;3.363;6.161;23.0;22.29;22.33
22;3.364;6.161;23.0;22.29;22.33
23;3.363;6.161;23.0;22.49;22.43
24;3.362;6.161;23.0;22.49;22.53
25;3.363;6.161;22.9;22.49;22.33
26;3.362;6.161;23.0;22.29;22.33
27;3.36;6.161;22.9;22.29;22.43
28;3.361;6.161;22.9;22.39;22.43
29;3.36;6.161;22.9;22.39;22.33
30;3.358;6.161;22.9;22.19;22.43
31;3.359;6.161;22.9;22.49;22.53
32;3.357;6.161;23.0;22.6;22.53
33;3.359;6.161;22.9;22.19;22.43
34;3.359;6.161;22.9;22.49;22.53
35;3.358;6.161;22.9;22.49;22.53
36;3.358;6.161;23.0;22.6;22.53
37;3.357;6.161;23.0;22.39;22.64
38;3.356;6.161;22.9;22.7;22.64
39;3.357;6.161;23.0;22.6;22.64
40;3.357;6.161;23.0;22.49;22.64
41;3.356;6.161;23.0;22.49;22.74
42;3.355;6.161;23.1;22.6;22.84
43;3.355;6.161;23.0;22.6;22.74
44;3.355;6.161;23.0;22.7;22.84
45;3.355;6.161;23.0;22.7;22.74
46;3.355;6.161;23.0;22.6;22.74
47;3.355;6.161;23.0;22.7;22.84
48;3.354;6.161;23.0;22.7;22.84
49;3.354;6.161;22.8;22.8;22.84
50;3.354;6.161;23.0;22.9;22.94
51;3.354;6.161;23.0;22.8;22.94
52;3.353;6.161;23.0;22.8;22.94
53;3.353;6.161;23.0;22.9;22.94
54;3.353;6.161;23.0;23.0;22.84
55;3.352;6.161;23.0;22.8;23.04
56;3.352;6.161;23.0;22.9;23.04
57;3.352;6.161;23.0;22.9;23.04
58;3.352;6.161;23.1;22.8;23.04
59;3.352;6.161;23.0;23.0;23.15
60;3.352;6.161;23.1;22.9;23.15
61;3.352;6.161;23.0;23.0;23.25
62;3.352;6.161;23.0;23.1;23.25
63;3.351;6.161;23.0;23.1;23.25
64;3.35;6.161;23.0;23.0;23.25
65;3.35;6.161;23.1;23.1;23.35
66;3.349;6.161;23.1;23.1;23.45
67;3.349;6.161;23.1;23.1;23.35
68;3.349;6.161;23.1;23.1;23.35
69;3.348;6.161;23.1;23.21;23.45
70;3.348;6.161;23.1;23.21;23.35
71;3.348;6.161;23.0;23.31;23.56
72;3.347;6.161;23.21;23.21;23.56
73;3.347;6.161;23.1;23.21;23.45
74;3.347;6.161;23.0;23.41;23.56
75;3.347;6.161;23.1;23.31;23.66
76;3.346;6.161;23.0;23.1;23.66
77;3.346;6.161;23.1;23.41;23.56
78;3.346;6.161;23.0;23.41;23.66
79;3.345;6.161;23.0;23.41;23.66
80;3.345;6.161;23.0;23.31;23.66
81;3.344;6.161;23.0;23.51;23.76
82;3.344;6.161;23.0;23.51;23.76
83;3.344;6.161;23.0;23.61;23.76
84;3.343;6.161;23.0;23.61;23.86
85;3.343;6.161;23.0;23.61;24.17
86;3.343;6.161;23.0;23.61;23.86
87;3.343;6.161;23.0;23.51;23.97
88;3.343;6.161;23.0;23.61;23.97
89;3.343;6.161;23.1;23.72;23.97
90;3.343;6.161;23.1;23.92;23.97
91;3.343;6.161;23.0;23.72;24.07
92;3.343;6.161;23.1;23.72;24.17
93;3.342;6.161;23.1;23.72;23.86
94;3.342;6.161;23.1;23.82;24.07
95;3.342;6.161;23.1;23.82;24.17
96;3.342;6.161;23.1;24.23;24.17
97;3.342;6.161;23.21;23.82;24.28
98;3.341;6.161;23.1;23.82;24.28
99;3.341;6.161;23.1;24.54;24.28
100;3.341;6.161;23.1;23.92;24.38
101;3.341;6.161;23.1;23.92;24.38
102;3.341;6.161;23.1;24.02;24.28
103;3.341;6.161;23.1;24.33;24.38
104;3.34;6.161;23.1;24.13;24.48
105;3.34;6.161;23.1;24.13;24.48
106;3.34;6.161;23.1;24.64;24.48
107;3.34;6.161;23.0;24.13;24.59
108;3.34;6.161;23.0;24.13;24.48
109;3.34;6.161;23.0;24.13;24.69
110;3.34;6.161;23.1;24.23;24.69
111;3.34;6.161;23.0;24.13;24.59
112;3.34;6.161;23.0;24.33;24.69
113;3.34;6.161;23.0;24.33;24.69
114;3.339;6.161;23.0;24.33;24.79
115;3.339;6.161;23.1;24.43;24.79
116;3.339;6.161;23.0;24.23;24.9
117;3.338;6.161;23.21;24.23;24.79
118;3.338;6.161;23.0;24.43;24.9
119;3.338;6.161;23.1;24.64;24.9
120;3.338;6.161;23.1;24.54;25.0
121;3.337;6.161;23.0;24.54;25.1
122;3.337;6.161;23.0;24.64;25.0
123;3.337;6.161;23.0;24.54;25.0
124;3.336;6.161;23.0;24.64;25.1
125;3.336;6.161;23.0;24.64;25.0
126;3.335;6.161;23.0;24.64;25.21
127;3.335;6.161;23.0;24.64;25.0
128;3.335;6.161;23.0;24.74;25.21
129;3.335;6.161;23.0;24.64;25.21
130;3.334;6.161;23.0;24.74;25.21
131;3.334;6.161;23.0;24.85;25.31
132;3.334;6.161;22.9;25.05;25.31
133;3.334;6.161;23.0;24.95;25.31
134;3.333;6.161;22.9;24.95;25.42
135;3.333;6.161;22.9;24.54;25.42
136;3.333;6.161;22.9;24.95;25.52
137;3.332;6.161;22.9;24.95;25.52
138;3.332;6.161;22.8;25.05;25.52
139;3.331;6.161;23.0;25.05;25.52
140;3.331;6.161;22.9;25.15;25.63
141;3.331;6.161;22.9;25.15;25.63
142;3.331;6.161;22.9;24.95;25.52
143;3.33;6.161;22.9;25.26;25.84
144;3.33;6.161;23.0;25.26;25.73
145;3.33;6.161;22.9;25.46;25.73
146;3.329;6.161;22.9;25.26;25.73
147;3.329;6.161;22.9;25.36;25.73
148;3.329;6.161;22.9;25.57;25.84
149;3.328;6.161;22.9;25.26;25.84
150;3.328;6.161;22.9;25.46;25.84
151;3.328;6.161;22.8;25.46;25.94
152;3.327;6.161;22.9;25.57;25.94
153;3.327;6.161;22.9;25.26;25.94
154;3.326;6.161;22.9;25.57;25.94
155;3.326;6.161;22.9;25.67;26.04
156;3.326;6.161;22.9;25.57;26.04
157;3.325;6.161;22.8;25.67;26.04
158;3.325;6.161;22.9;25.67;26.15
159;3.325;6.161;22.9;25.67;26.15
160;3.324;6.161;22.9;25.67;26.26
161;3.324;6.161;22.8;25.67;26.26
162;3.324;6.161;22.9;25.78;26.26
163;3.323;6.161;22.9;25.78;26.36
164;3.323;6.161;22.8;25.78;26.36
165;3.323;6.161;22.9;25.88;26.26
166;3.322;6.161;22.9;25.98;26.26
167;3.322;6.161;22.9;25.88;26.47
168;3.322;6.161;22.9;25.98;26.36
169;3.321;6.161;22.9;26.82;26.47
170;3.321;6.161;22.9;25.98;26.47
171;3.321;6.161;23.0;26.19;26.57
172;3.321;6.161;22.9;25.98;26.57
173;3.32;6.161;22.8;26.09;26.68
174;3.32;6.161;22.9;26.09;26.47
175;3.32;6.161;22.9;26.09;26.68
176;3.319;6.161;22.9;26.4;26.68
177;3.319;6.161;22.9;26.19;26.78
178;3.319;6.161;22.9;26.19;26.78
179;3.319;6.161;22.9;26.29;26.78
180;3.318;6.161;22.9;26.29;26.78
181;3.318;6.161;22.9;26.29;26.89
182;3.318;6.161;22.9;26.09;26.89
183;3.317;6.161;22.9;26.4;26.89
184;3.317;6.161;22.9;26.4;26.89
185;3.317;6.161;22.9;26.5;27.0
186;3.316;6.161;22.9;26.61;27.0
187;3.316;6.161;22.9;26.4;27.1
188;3.316;6.161;22.9;26.5;27.1
189;3.315;6.161;22.9;26.61;27.1
190;3.315;6.161;22.9;26.61;27.21
191;3.315;6.161;23.0;26.61;27.21
192;3.314;6.161;23.1;26.5;27.21
193;3.314;6.161;23.0;26.71;27.21
194;3.313;6.161;23.0;26.82;27.31
195;3.313;6.161;22.9;26.82;27.31
196;3.313;6.161;23.0;26.71;27.42
197;3.312;6.161;23.0;26.82;27.53
198;3.312;6.161;23.0;27.02;27.31
199;3.311;6.161;22.9;26.71;27.42
200;3.311;6.161;23.0;26.82;27.42
201;3.311;6.161;22.9;26.92;27.42
202;3.31;6.161;22.9;26.82;27.85
203;3.31;6.161;22.8;26.92;27.53
204;3.31;6.161;22.9;27.02;27.64
205;3.309;6.161;23.0;27.13;27.53
206;3.309;6.161;22.9;27.02;27.74
207;3.308;6.161;22.9;27.02;27.64
208;3.308;6.161;22.9;27.23;27.64
209;3.308;6.161;22.9;26.71;27.53
210;3.307;6.161;22.9;27.23;27.74
211;3.307;6.161;22.9;27.23;27.53
212;3.307;6.161;22.9;27.23;27.85
213;3.306;6.161;22.8;27.23;27.85
214;3.306;6.161;22.9;27.34;27.85
215;3.305;6.161;22.9;27.44;27.96
216;3.305;6.161;22.9;27.13;27.85
217;3.305;6.161;23.0;27.34;27.96
218;3.304;6.161;22.9;27.44;27.96
219;3.304;6.161;22.9;27.34;27.85
220;3.304;6.161;23.0;27.13;28.06
221;3.303;6.161;22.9;27.44;28.06
222;3.303;6.161;22.9;27.34;27.96
223;3.302;6.161;22.9;27.55;28.39
224;3.302;6.161;22.9;27.55;28.17
225;3.301;6.161;22.9;27.76;28.17
226;3.301;6.161;22.9;27.65;28.06
227;3.301;6.161;22.9;27.86;28.28
228;3.3;6.161;23.0;27.65;28.28
229;3.3;6.161;23.0;27.76;28.39
230;3.299;6.161;22.9;27.65;28.39
231;3.299;6.161;22.9;27.76;28.39
232;3.298;6.161;22.9;27.44;28.39
233;3.298;6.161;22.9;27.44;28.5
234;3.297;6.161;22.8;27.86;28.5
235;3.297;6.161;22.9;27.86;28.5
236;3.297;6.161;22.9;27.97;28.5
237;3.296;6.161;23.0;27.97;28.6
238;3.296;6.161;22.9;27.97;28.6
239;3.295;6.161;23.21;28.08;28.6
240;3.295;6.161;23.0;28.08;28.6
241;3.294;6.161;23.0;28.08;28.71
242;3.294;6.161;23.0;27.97;28.71
243;3.293;6.161;23.0;27.02;28.71
244;3.293;6.161;23.0;28.18;28.82
245;3.293;6.161;23.0;28.18;28.71
246;3.292;6.161;23.1;28.18;28.82
247;3.292;6.161;23.1;28.18;28.6
248;3.291;6.161;23.0;28.29;29.15
249;3.291;6.161;23.1;28.29;28.93
250;3.29;6.161;23.0;28.29;28.93
251;3.29;6.161;23.1;28.29;29.04
252;3.289;6.161;23.1;28.39;28.5
253;3.289;6.161;23.0;28.39;29.04
254;3.288;6.161;23.1;28.39;28.93
255;3.288;6.161;23.1;28.5;29.15
256;3.287;6.161;23.0;28.5;29.15
257;3.287;6.161;23.0;28.5;29.15
258;3.287;6.161;23.1;28.5;29.26
259;3.286;6.161;23.0;28.6;29.26
260;3.286;6.161;23.0;28.5;29.26
261;3.285;6.161;23.0;28.6;29.15
262;3.285;6.161;23.1;28.6;29.37
263;3.284;6.161;23.0;28.6;29.47
264;3.284;6.161;23.0;28.71;29.37
265;3.283;6.161;23.0;28.71;29.37
266;3.283;6.161;23.0;28.71;29.69
267;3.283;6.161;23.0;28.39;29.58
268;3.282;6.161;23.0;28.92;29.47
269;3.282;6.161;23.1;28.92;29.47
270;3.281;6.161;23.0;29.03;29.8
271;3.281;6.161;23.0;29.03;29.58
272;3.28;6.161;23.0;28.82;29.58
273;3.28;6.161;23.1;28.71;29.58
274;3.279;6.161;23.1;29.14;29.69
275;3.279;6.161;23.1;29.03;29.69
276;3.278;6.161;23.0;29.03;29.69
277;3.278;6.161;23.1;29.14;29.69
278;3.277;6.161;23.1;29.14;29.69
279;3.277;6.161;23.1;29.14;29.69
280;3.276;6.161;23.1;29.14;29.8
281;3.276;6.161;23.1;29.14;29.8
282;3.275;6.161;23.1;29.24;29.04
283;3.275;6.161;23.0;29.24;29.8
284;3.274;6.161;23.1;29.24;29.91
285;3.274;6.161;23.1;29.24;29.8
286;3.273;6.161;23.0;29.24;29.8
287;3.273;6.161;23.1;29.35;30.02
288;3.272;6.161;23.0;29.35;30.02
289;3.272;6.161;23.0;29.35;30.13
290;3.271;6.161;23.0;29.46;30.13
291;3.271;6.161;23.0;29.46;30.02
292;3.27;6.161;23.1;29.46;30.13
293;3.27;6.161;23.1;29.46;30.69
294;3.269;6.161;23.0;29.56;30.24
295;3.269;6.161;23.0;29.56;30.24
296;3.268;6.161;23.1;29.78;30.36
297;3.268;6.161;23.1;29.56;30.24
298;3.267;6.161;23.1;29.67;30.13
299;3.267;6.161;23.1;29.78;30.36
300;3.266;6.161;23.1;29.67;30.36
301;3.266;6.161;23.21;29.78;30.36
302;3.265;6.161;23.0;29.78;30.36
303;3.265;6.161;23.0;29.67;30.47
304;3.264;6.161;23.0;29.78;30.36
305;3.263;6.161;23.0;29.78;30.47
306;3.263;6.161;23.0;29.88;30.47
307;3.262;6.161;23.1;29.88;30.58
308;3.262;6.161;23.0;29.88;30.58
309;3.261;6.161;23.0;29.99;30.58
310;3.261;6.161;23.0;29.99;30.69
311;3.261;6.161;23.0;29.99;30.69
312;3.26;6.161;23.0;30.1;31.02
313;3.26;6.161;23.0;29.99;30.69
314;3.259;6.161;23.0;30.1;30.69
315;3.259;6.161;23.0;30.1;30.8
316;3.258;6.161;23.0;30.1;30.8
317;3.258;6.161;23.0;30.1;30.8
318;3.257;6.161;23.0;30.21;30.8
319;3.257;6.161;23.0;30.21;30.91
320;3.256;6.161;23.0;30.21;30.8
321;3.256;6.161;23.1;30.21;31.13
322;3.255;6.161;23.1;30.32;31.13
323;3.254;6.161;23.1;30.32;30.91
324;3.254;6.161;23.0;30.42;30.91
325;3.253;6.161;23.0;30.32;31.13
326;3.253;6.161;23.1;30.42;31.02
327;3.252;6.161;23.0;30.32;31.02
328;3.252;6.161;23.0;30.42;31.02
329;3.251;6.161;23.0;30.42;31.13
330;3.251;6.161;23.1;30.42;31.13
331;3.25;6.161;23.0;30.32;31.13
332;3.25;6.161;23.0;30.53;31.13
333;3.249;6.161;23.0;30.64;31.25
334;3.249;6.161;23.0;30.53;31.25
335;3.248;6.161;23.0;30.64;31.25
336;3.248;6.161;23.0;30.53;31.36
337;3.247;6.161;23.0;30.64;31.36
338;3.247;6.161;23.1;30.53;31.36
339;3.246;6.161;23.0;30.64;31.36
340;3.246;6.161;23.0;30.64;31.58
341;3.245;6.161;23.1;30.75;31.47
342;3.245;6.161;23.1;30.53;31.47
343;3.245;6.161;23.1;30.75;31.47
344;3.244;6.161;23.1;30.86;31.47
345;3.243;6.161;23.1;30.86;31.58
346;3.243;6.161;22.9;30.86;31.58
347;3.242;6.161;23.1;30.86;31.7
348;3.242;6.161;23.1;30.86;31.7
349;3.241;6.161;23.1;30.96;31.58
350;3.241;6.161;23.21;31.73;31.58
351;3.24;6.161;23.21;30.96;31.7
352;3.24;6.161;23.21;30.96;31.7
353;3.239;6.161;23.21;31.07;31.7
354;3.239;6.161;23.21;30.96;31.58
355;3.238;6.161;23.21;31.07;31.7
356;3.238;6.161;23.21;31.07;31.81
357;3.237;6.161;23.21;31.07;31.81
358;3.237;6.161;23.21;31.07;31.92
359;3.236;6.161;23.21;31.07;31.92
360;3.236;6.161;23.21;31.18;31.92
361;3.235;6.161;23.21;31.18;31.92
362;3.235;6.161;23.21;31.29;31.92
363;3.234;6.161;23.1;31.18;31.92
364;3.234;6.161;23.21;31.29;32.04
365;3.233;6.161;23.21;31.29;31.92
366;3.233;6.161;23.21;31.07;31.81
367;3.232;6.161;23.21;31.29;32.04
368;3.232;6.161;23.21;31.29;32.15
369;3.231;6.161;23.21;31.4;32.15
370;3.231;6.161;23.21;31.4;32.15
371;3.23;6.161;23.21;31.4;32.15
372;3.23;6.161;23.31;31.51;32.15
373;3.229;6.161;23.21;31.51;32.26
374;3.229;6.161;23.31;31.51;32.38
375;3.228;6.161;23.21;31.51;32.26
376;3.228;6.161;23.31;31.51;32.72
377;3.227;6.161;23.31;31.51;32.26
378;3.227;6.161;23.31;31.62;32.26
379;3.227;6.161;23.31;31.51;32.38
380;3.226;6.161;23.31;31.62;32.38
381;3.226;6.161;23.21;31.84;32.38
382;3.225;6.161;23.21;31.62;32.38
383;3.225;6.161;23.21;31.84;32.49
384;3.224;6.161;23.31;31.73;32.49
385;3.223;6.161;23.21;31.73;32.61
386;3.223;6.161;23.21;31.62;32.49
387;3.222;6.161;23.21;31.95;32.61
388;3.222;6.161;23.21;31.84;32.61
389;3.221;6.161;23.21;31.84;32.49
390;3.221;6.161;23.1;31.84;32.61
391;3.22;6.161;23.21;31.95;32.72
392;3.22;6.161;23.21;31.84;32.72
393;3.219;6.161;23.1;31.84;32.72
394;3.219;6.161;23.21;31.95;32.72
395;3.219;6.161;23.21;31.95;32.72
396;3.218;6.161;23.21;32.06;32.72
397;3.218;6.161;23.21;31.95;32.83
398;3.217;6.161;23.21;31.95;32.83
399;3.217;6.161;23.21;32.06;32.83
400;3.216;6.161;23.21;32.06;32.83
401;3.216;6.161;23.21;31.84;32.95
402;3.215;6.161;23.21;32.17;32.95
403;3.215;6.161;23.21;32.17;32.95
404;3.214;6.161;23.21;32.28;32.95
405;3.214;6.161;23.21;32.17;32.95
406;3.213;6.161;23.21;32.17;32.95
407;3.213;6.161;23.21;32.28;32.95
408;3.212;6.161;23.21;32.28;33.06
409;3.212;6.161;23.21;32.28;33.06
410;3.211;6.161;23.21;32.39;33.29
411;3.211;6.161;23.1;32.39;33.06
412;3.21;6.161;23.21;32.61;33.29
413;3.21;6.161;23.1;32.39;33.06
414;3.209;6.161;23.21;32.39;33.18
415;3.209;6.161;23.21;32.5;33.29
416;3.208;6.161;23.21;32.5;33.18
417;3.208;6.161;23.21;32.61;33.06
418;3.207;6.161;23.21;32.5;33.41
419;3.207;6.161;23.21;32.28;33.29
420;3.206;6.161;23.21;32.83;33.53
421;3.206;6.161;23.31;32.5;33.41
422;3.205;6.161;23.21;32.61;33.41
423;3.205;6.161;23.21;32.61;33.41
424;3.204;6.161;23.31;32.61;33.41
425;3.204;6.161;23.21;32.61;33.41
426;3.203;6.161;23.21;32.61;33.41
427;3.203;6.161;23.21;32.72;33.41
428;3.202;6.161;23.21;32.61;33.53
429;3.202;6.161;23.21;32.72;33.64
430;3.201;6.161;23.21;32.83;33.41
431;3.201;6.161;23.21;32.83;33.06
432;3.2;6.161;23.31;32.83;33.76
433;3.2;6.161;23.21;32.83;33.53
434;3.199;6.161;23.21;32.83;33.64
435;3.199;6.161;23.21;32.94;33.64
436;3.198;6.161;23.21;32.83;33.76
437;3.198;6.161;23.1;32.94;33.64
438;3.197;6.161;23.21;32.83;33.76
439;3.196;6.161;23.21;32.83;33.76
440;3.196;6.161;23.21;33.5;33.76
441;3.195;6.161;23.1;33.05;33.76
442;3.195;6.161;23.21;33.05;33.87
443;3.195;6.161;23.21;32.94;33.87
444;3.194;6.161;23.21;33.05;33.87
445;3.194;6.161;23.31;32.94;33.87
446;3.193;6.161;23.21;33.16;33.87
447;3.193;6.161;23.31;33.05;33.87
448;3.192;6.161;23.21;33.16;33.87
449;3.192;6.161;23.21;33.05;33.87
450;3.191;6.161;23.31;33.05;33.99
451;3.191;6.161;23.21;33.27;34.11
452;3.19;6.161;23.21;33.27;34.11
453;3.19;6.161;23.21;33.27;34.23
454;3.189;6.161;23.21;33.5;34.11
455;3.188;6.161;23.21;33.27;33.99
456;3.188;6.161;23.21;33.38;34.11
457;3.187;6.161;23.21;33.16;34.11
458;3.187;6.161;23.21;33.38;34.34
459;3.186;6.161;23.21;33.38;34.23
460;3.186;6.161;23.21;33.38;34.11
461;3.185;6.161;23.21;33.61;34.23
462;3.185;6.161;23.1;33.5;34.23
463;3.184;6.161;23.1;33.5;33.99
464;3.184;6.161;23.1;33.5;34.23
465;3.183;6.161;23.1;33.5;34.34
466;3.183;6.161;23.21;33.27;34.34
467;3.182;6.161;23.1;33.61;34.34
468;3.182;6.161;23.1;33.72;34.34
469;3.181;6.161;23.1;33.72;34.34
470;3.181;6.161;23.21;33.61;34.34
471;3.18;6.161;23.21;33.61;34.34
472;3.18;6.161;23.21;33.61;34.46
473;3.179;6.161;23.31;33.72;34.46
474;3.179;6.161;23.21;33.5;34.58
475;3.178;6.161;23.21;33.72;34.58
476;3.178;6.161;23.21;33.61;34.58
477;3.177;6.161;23.31;33.72;34.46
478;3.177;6.161;23.21;33.72;34.58
479;3.176;6.161;23.31;33.72;34.46
480;3.176;6.161;23.21;33.83;34.7
481;3.175;6.161;23.21;33.83;34.7
482;3.175;6.161;23.31;33.83;34.7
483;3.174;6.161;23.21;33.94;34.7
484;3.174;6.161;23.21;33.94;34.7
485;3.173;6.161;23.21;34.06;34.81
486;3.173;6.161;23.21;33.94;34.7
487;3.172;6.161;23.21;33.94;34.81
488;3.172;6.161;23.21;33.94;34.81
489;3.171;6.161;23.21;33.94;34.93
490;3.171;6.161;23.21;33.61;34.93
491;3.17;6.161;23.31;34.06;34.81
492;3.17;6.161;23.21;34.28;34.81
493;3.169;6.161;23.31;34.17;34.81
494;3.169;6.161;23.21;34.4;34.93
495;3.168;6.161;23.21;34.06;34.93
496;3.168;6.161;23.31;34.17;34.93
497;3.167;6.161;23.21;34.17;35.05
498;3.167;6.161;23.21;34.17;35.05
499;3.166;6.161;23.31;34.17;35.05
500;3.166;6.161;23.21;34.28;35.05
501;3.165;6.161;23.21;34.28;35.17
502;3.165;6.161;23.31;34.28;35.05
503;3.164;6.161;23.31;34.4;35.17
504;3.164;6.161;23.21;34.28;35.17
505;3.163;6.161;23.41;33.94;35.17
506;3.163;6.161;23.21;34.4;35.29
507;3.162;6.161;23.21;34.51;35.29
508;3.162;6.161;23.21;34.28;35.17
509;3.161;6.161;23.21;34.4;35.05
510;3.161;6.161;23.21;34.28;35.17
511;3.16;6.161;23.21;34.51;35.41
512;3.16;6.161;23.21;34.4;35.29
513;3.159;6.161;23.21;34.62;35.29
514;3.158;6.161;23.21;34.4;35.41
515;3.158;6.161;23.21;34.62;35.29
516;3.157;6.161;23.1;34.62;35.29
517;3.157;6.161;23.1;34.51;35.41
518;3.156;6.161;23.21;34.62;35.41
519;3.156;6.161;23.1;34.62;35.41
520;3.155;6.161;23.1;34.51;35.41
521;3.155;6.161;23.1;34.28;35.41
522;3.154;6.161;23.1;34.62;35.53
523;3.154;6.161;23.1;34.74;35.41
524;3.153;6.161;23.21;34.62;35.53
525;3.153;6.161;23.21;34.85;35.53
526;3.152;6.161;23.1;34.51;35.53
527;3.152;6.161;23.21;34.74;35.65
528;3.151;6.161;23.1;34.74;35.65
529;3.151;6.161;23.1;34.85;35.77
530;3.15;6.161;23.1;34.74;35.65
531;3.149;6.161;23.1;34.85;35.65
532;3.149;6.161;23.1;34.85;35.77
533;3.148;6.161;23.1;34.85;35.65
534;3.148;6.161;23.1;34.85;35.77
535;3.147;6.161;23.1;34.96;35.65
536;3.147;6.161;23.1;34.96;35.77
537;3.146;6.161;23.0;34.96;35.89
538;3.146;6.161;23.1;34.96;35.77
539;3.145;6.161;23.1;34.96;35.77
540;3.145;6.161;23.0;34.96;35.89
541;3.144;6.161;23.1;35.3;35.89
542;3.144;6.161;23.1;35.08;35.89
543;3.143;6.161;23.1;35.08;35.89
544;3.143;6.161;23.1;35.19;35.89
545;3.142;6.161;23.1;35.08;36.01
546;3.142;6.161;23.1;35.08;36.01
547;3.141;6.161;23.1;35.08;35.77
548;3.141;6.161;23.1;35.08;36.13
549;3.14;6.161;23.1;35.08;35.89
550;3.14;6.161;23.1;35.53;36.01
551;3.139;6.161;23.1;35.19;36.01
552;3.139;6.161;23.1;35.19;36.01
553;3.138;6.161;23.1;34.74;36.13
554;3.138;6.161;23.1;35.3;36.13
555;3.137;6.161;23.1;35.3;36.25
556;3.137;6.161;23.1;35.3;36.25
557;3.136;6.161;23.1;35.3;36.13
558;3.136;6.161;23.1;35.3;36.13
559;3.135;6.161;23.21;35.3;36.25
560;3.134;6.161;23.1;35.19;36.13
561;3.134;6.161;23.1;35.65;36.25
562;3.133;6.161;23.0;35.42;36.25
563;3.133;6.161;23.0;35.42;36.25
564;3.132;6.161;23.1;35.42;36.37
565;3.132;6.161;23.0;35.53;36.01
566;3.131;6.161;23.0;35.42;36.37
567;3.131;6.161;23.0;35.53;36.37
568;3.13;6.161;23.0;35.65;36.37
569;3.129;6.161;23.0;35.65;36.49
570;3.129;6.161;23.0;35.53;36.49
571;3.128;6.161;23.0;35.53;36.37
572;3.128;6.161;23.0;35.53;36.37
573;3.127;6.161;23.0;35.53;36.49
574;3.127;6.161;23.1;35.65;36.49
575;3.126;6.161;23.1;35.65;36.49
576;3.126;6.161;23.1;35.65;36.61
577;3.125;6.161;23.1;35.76;36.49
578;3.125;6.161;23.1;35.65;36.61
579;3.124;6.161;23.1;35.65;36.61
580;3.124;6.161;23.0;35.76;36.61
581;3.123;6.161;23.1;35.65;36.86
582;3.123;6.161;23.1;35.76;36.61
583;3.122;6.161;23.1;35.53;36.74
584;3.122;6.161;23.1;36.11;36.61
585;3.121;6.161;23.1;35.88;36.74
586;3.12;6.161;23.1;35.88;36.74
587;3.12;6.161;23.1;35.76;36.61
588;3.119;6.161;23.41;35.88;36.74
589;3.119;6.161;23.1;35.53;36.74
590;3.118;6.161;23.1;35.88;36.74
591;3.118;6.161;23.0;36.22;36.86
592;3.117;6.161;23.0;35.99;36.86
593;3.117;6.161;23.0;35.99;36.74
594;3.116;6.161;23.1;36.11;36.86
595;3.116;6.161;23.0;35.99;36.86
596;3.115;6.161;23.0;35.99;36.98
597;3.114;6.161;23.1;35.88;37.47
598;3.114;6.161;23.0;35.99;36.98
599;3.113;6.161;23.31;35.88;36.98
600;3.113;6.161;23.0;35.99;36.98
601;3.112;6.161;23.0;36.11;36.98
602;3.112;6.161;23.0;36.11;36.74
603;3.111;6.161;23.1;35.99;37.1
604;3.111;6.161;23.1;36.11;37.1
605;3.11;6.161;23.0;36.22;37.1
606;3.11;6.161;23.1;36.22;36.98
607;3.109;6.161;23.1;36.22;37.23
608;3.108;6.161;23.21;36.22;37.1
609;3.108;6.161;23.1;36.46;37.1
610;3.107;6.161;23.1;36.22;37.23
611;3.107;6.161;23.1;36.34;37.1
612;3.106;6.161;23.0;36.34;37.23
613;3.106;6.161;23.1;36.22;37.35
614;3.105;6.161;23.1;36.34;37.23
615;3.105;6.161;23.0;36.34;37.35
616;3.104;6.161;23.1;36.34;37.23
617;3.104;6.161;23.0;36.34;37.35
618;3.103;6.161;23.0;36.57;37.35
619;3.102;6.161;23.0;36.22;37.35
620;3.102;6.161;23.1;36.46;37.47
621;3.101;6.161;23.0;36.46;37.1
622;3.101;6.161;23.0;36.57;37.35
623;3.1;6.161;22.9;36.46;37.47
624;3.1;6.161;23.0;36.46;37.47
625;3.099;6.161;23.0;36.46;37.47
626;3.099;6.161;23.0;36.57;37.47
627;3.098;6.161;23.0;36.57;37.6
628;3.098;6.161;23.1;36.57;37.6
629;3.097;6.161;23.1;36.57;37.6
630;3.096;6.161;23.1;36.46;37.72
631;3.096;6.161;23.1;36.69;37.6
632;3.095;6.161;23.1;36.69;37.6
633;3.095;6.161;23.1;36.57;37.72
634;3.094;6.161;23.1;36.69;37.72
635;3.094;6.161;23.1;36.81;37.72
636;3.093;6.161;23.1;36.69;37.84
637;3.092;6.161;23.1;36.69;37.72
638;3.092;6.161;23.1;36.69;38.22
639;3.091;6.161;23.1;36.81;37.72
640;3.091;6.161;23.1;36.81;37.72
641;3.09;6.161;23.0;36.81;37.97
642;3.09;6.161;23.0;36.81;37.72
643;3.089;6.161;23.1;36.81;37.84
644;3.089;6.161;23.1;36.92;37.84
645;3.088;6.161;23.0;36.92;37.72
646;3.087;6.161;23.0;36.92;37.97
647;3.087;6.161;23.1;36.92;37.84
648;3.086;6.161;23.0;36.81;37.84
649;3.086;6.161;23.1;36.92;37.97
650;3.085;6.161;23.0;36.92;37.97
651;3.085;6.161;23.0;37.04;37.84
652;3.084;6.161;23.0;37.04;37.97
653;3.083;6.161;23.1;37.04;37.97
654;3.083;6.161;23.0;37.27;37.97
655;3.082;6.161;23.0;37.04;38.09
656;3.082;6.161;23.0;36.92;38.09
657;3.081;6.161;23.1;37.04;38.09
658;3.081;6.161;23.0;37.04;38.47
659;3.08;6.161;23.1;37.39;38.22
660;3.079;6.161;23.1;37.04;38.22
661;3.079;6.161;23.0;36.92;38.22
662;3.078;6.161;23.0;37.27;38.34
663;3.078;6.161;23.1;37.16;38.22
664;3.077;6.161;23.0;37.39;38.22
665;3.077;6.161;23.0;37.27;38.72
666;3.076;6.161;23.0;37.27;38.34
667;3.075;6.161;23.1;37.27;38.34
668;3.075;6.161;23.0;37.63;38.22
669;3.074;6.161;23.0;37.39;38.47
670;3.074;6.161;23.0;37.39;38.34
671;3.073;6.161;23.0;37.27;38.34
672;3.073;6.161;23.0;37.27;38.47
673;3.072;6.161;23.0;37.39;38.34
674;3.072;6.161;23.1;37.27;38.47
675;3.071;6.161;23.1;37.51;38.47
676;3.071;6.161;23.0;37.39;38.34
677;3.07;6.161;23.1;37.39;38.47
678;3.069;6.161;23.1;37.63;38.6
679;3.069;6.161;23.1;37.51;38.47
680;3.068;6.161;23.1;37.39;38.72
681;3.068;6.161;23.1;37.39;38.47
682;3.067;6.161;23.1;37.63;38.47
683;3.066;6.161;23.1;37.63;38.6
684;3.066;6.161;23.1;37.63;38.6
685;3.065;6.161;23.1;37.74;38.72
686;3.065;6.161;23.1;37.63;38.72
687;3.064;6.161;23.1;37.63;38.6
688;3.064;6.161;23.0;37.74;38.72
689;3.063;6.161;23.1;37.63;38.72
690;3.062;6.161;23.0;37.63;38.72
691;3.062;6.161;23.1;37.74;38.72
692;3.061;6.161;23.1;37.74;38.98
693;3.061;6.161;23.1;37.63;38.85
694;3.06;6.161;23.0;37.74;38.85
695;3.06;6.161;23.0;37.86;38.85
696;3.059;6.161;23.1;37.74;38.85
697;3.059;6.161;23.1;37.86;38.98
698;3.058;6.161;23.0;37.74;38.98
699;3.057;6.161;23.0;37.74;38.98
700;3.057;6.161;23.1;37.86;38.85
701;3.056;6.161;23.0;37.86;38.98
702;3.056;6.161;23.1;37.98;38.98
703;3.055;6.161;23.1;37.86;38.98
704;3.055;6.161;23.0;37.86;38.98
705;3.054;6.161;23.0;37.98;38.98
706;3.054;6.161;23.0;37.63;38.72
707;3.053;6.161;23.1;37.98;38.98
708;3.052;6.161;23.0;37.98;38.98
709;3.052;6.161;23.0;37.98;39.1
710;3.051;6.161;23.1;37.98;39.1
711;3.051;6.161;23.0;37.86;39.1
712;3.05;6.161;23.0;38.1;39.1
713;3.05;6.161;23.0;37.86;39.23
714;3.049;6.161;23.0;38.1;39.1
715;3.048;6.161;22.9;38.1;39.1
716;3.048;6.161;23.0;38.1;39.23
717;3.047;6.161;23.0;38.1;39.23
718;3.047;6.161;23.0;38.1;39.23
719;3.046;6.161;23.0;37.74;39.23
720;3.046;6.161;23.0;38.22;39.23
721;3.045;6.161;23.0;38.22;39.23
722;3.045;6.161;23.0;38.22;39.36
723;3.044;6.161;23.0;38.22;39.36
724;3.044;6.161;23.1;38.34;39.49
725;3.043;6.161;23.0;38.34;39.36
726;3.042;6.161;22.9;38.34;39.36
727;3.042;6.161;23.1;38.34;39.36
728;3.041;6.161;23.0;38.34;38.98
729;3.041;6.161;23.0;38.34;39.61
730;3.04;6.161;23.0;38.34;39.49
731;3.04;6.161;23.0;38.1;39.23
732;3.039;6.161;23.0;38.34;39.49
733;3.038;6.161;23.0;38.34;39.49
734;3.038;6.161;23.0;38.46;39.49
735;3.037;6.161;23.0;38.58;39.74
736;3.037;6.161;22.9;38.34;39.61
737;3.036;6.161;23.1;38.58;39.49
738;3.036;6.161;23.0;38.46;39.61
739;3.035;6.161;23.1;38.46;39.61
740;3.034;6.161;23.0;38.46;39.61
741;3.034;6.161;22.9;38.46;39.61
742;3.033;6.161;22.9;38.46;39.61
743;3.033;6.161;23.0;38.58;39.61
744;3.032;6.161;22.9;38.7;39.74
745;3.032;6.161;23.0;38.58;39.74
746;3.031;6.161;23.0;38.46;39.74
747;3.031;6.161;22.9;38.7;39.74
748;3.03;6.161;23.0;38.58;39.74
749;3.029;6.161;22.9;38.58;39.74
750;3.029;6.161;23.0;38.94;40.0
751;3.028;6.161;23.0;38.82;39.87
752;3.028;6.161;22.9;38.7;39.87
753;3.027;6.161;23.0;38.7;39.87
754;3.027;6.161;23.0;38.7;39.87
755;3.026;6.161;23.0;38.7;40.0
756;3.026;6.161;23.0;38.82;39.87
757;3.025;6.161;23.0;40.03;39.87
758;3.024;6.161;23.0;38.82;40.0
759;3.024;6.161;23.0;38.82;39.87
760;3.023;6.161;23.0;38.82;39.61
761;3.023;6.161;23.0;38.34;40.0
762;3.022;6.161;23.0;38.82;40.0
763;3.022;6.161;23.0;38.82;40.0
764;3.021;6.161;23.0;38.82;40.0
765;3.02;6.161;23.1;39.06;40.0
766;3.02;6.161;23.0;38.7;39.87
767;3.019;6.161;23.0;38.82;40.0
768;3.019;6.161;23.0;38.94;40.13
769;3.018;6.161;23.0;38.82;40.39
770;3.018;6.161;23.0;39.18;40.13
771;3.017;6.161;23.0;38.94;40.13
772;3.017;6.161;22.9;38.94;40.13
773;3.016;6.161;23.0;38.94;40.13
774;3.016;6.161;23.0;38.82;40.26
775;3.015;6.161;22.6;39.18;40.13
776;3.014;6.161;23.0;39.06;40.26
777;3.014;6.161;23.0;39.06;40.26
778;3.013;6.161;23.0;38.82;40.26
779;3.013;6.161;23.0;39.18;40.26
780;3.012;6.161;23.0;39.18;40.26
781;3.012;6.161;23.0;39.18;40.39
782;3.011;6.161;23.0;39.18;40.26
783;3.011;6.161;23.0;39.18;40.39
784;3.01;6.161;23.0;39.18;40.39
785;3.01;6.161;23.0;39.18;40.39
786;3.009;6.161;23.0;39.3;40.39
787;3.008;6.161;23.0;39.3;40.52
788;3.008;6.161;23.0;39.18;40.39
789;3.007;6.161;23.0;39.3;40.39
790;3.007;6.161;22.9;39.18;40.52
791;3.006;6.161;23.0;39.54;40.39
792;3.006;6.161;23.0;39.3;40.26
793;3.005;6.161;23.0;39.42;40.52
794;3.005;6.161;23.0;39.3;40.52
795;3.004;6.161;23.0;39.3;40.52
796;3.004;6.161;23.0;39.42;40.39
797;3.003;6.161;23.0;39.42;40.52
798;3.003;6.161;23.1;39.42;40.52
799;3.002;6.161;23.0;39.54;40.52
800;3.001;6.161;23.0;39.54;40.78
801;3.001;6.161;23.0;39.3;40.52
802;3.0;6.161;23.0;39.42;40.65
803;3.0;6.161;23.0;39.54;40.52
804;2.999;6.161;23.0;39.66;40.65
805;2.999;6.161;23.1;39.54;40.65
806;2.998;6.161;23.1;38.94;40.65
807;2.998;6.161;23.1;39.54;40.65
808;2.997;6.161;23.1;39.54;40.65
809;2.996;6.161;23.0;39.54;40.78
810;2.996;6.161;23.1;39.66;40.78
811;2.995;6.161;23.1;39.54;40.78
812;2.995;6.161;23.0;39.66;40.78
813;2.994;6.161;23.0;39.54;40.78
814;2.994;6.161;23.0;39.91;40.78
815;2.993;6.161;23.0;39.66;40.91
816;2.993;6.161;23.0;39.66;40.91
817;2.992;6.161;23.0;39.66;40.91
818;2.992;6.161;23.0;39.54;40.78
819;2.991;6.161;23.0;39.78;40.78
820;2.991;6.161;23.1;39.91;40.91
821;2.99;6.161;23.0;39.91;40.91
822;2.99;6.161;23.0;39.78;40.91
823;2.989;6.161;23.0;39.78;40.78
824;2.989;6.161;23.0;39.78;40.78
825;2.988;6.161;23.0;39.78;40.91
826;2.988;6.161;23.0;39.91;41.04
827;2.987;6.161;23.1;39.78;41.04
828;2.987;6.161;23.1;39.91;40.78
829;2.986;6.161;23.1;39.66;41.04
830;2.986;6.161;23.1;39.91;41.44
831;2.985;6.161;23.1;40.03;41.04
832;2.984;6.161;23.1;39.78;41.04
833;2.984;6.161;23.1;39.91;40.91
834;2.983;6.161;23.1;39.91;41.04
835;2.983;6.161;23.21;40.03;41.04
836;2.982;6.161;23.1;39.91;41.04
837;2.982;6.161;23.1;39.91;41.44
838;2.981;6.161;23.21;39.91;41.18
839;2.981;6.161;23.1;40.03;41.31
840;2.98;6.161;23.1;40.03;41.18
841;2.98;6.161;23.1;40.03;41.18
842;2.979;6.161;23.1;40.03;41.31
843;2.979;6.161;23.1;40.03;41.31
844;2.978;6.161;23.1;40.03;41.18
845;2.978;6.161;23.1;40.15;41.31
846;2.977;6.161;23.0;40.27;41.31
847;2.977;6.161;23.1;39.78;41.31
848;2.976;6.161;23.0;40.15;41.31
849;2.976;6.161;23.0;40.15;41.31
850;2.975;6.161;23.0;40.15;41.31
851;2.975;6.161;23.1;40.15;41.44
852;2.974;6.161;23.0;40.15;41.57
853;2.974;6.161;23.0;40.27;41.57
854;2.973;6.161;23.0;40.27;41.44
855;2.973;6.161;23.1;40.27;41.57
856;2.972;6.161;23.1;40.27;41.31
857;2.972;6.161;23.1;40.27;41.57
858;2.971;6.161;23.21;40.27;41.44
859;2.971;6.161;23.1;40.27;41.44
860;2.97;6.161;23.1;40.27;41.71
861;2.97;6.161;23.0;40.27;41.44
862;2.969;6.161;23.1;40.4;41.44
863;2.969;6.161;23.0;40.4;41.57
864;2.968;6.161;23.0;40.27;41.57
865;2.968;6.161;23.1;40.64;41.71
866;2.967;6.161;23.1;40.4;41.57
867;2.967;6.161;23.1;40.4;41.71
868;2.966;6.161;23.0;40.52;41.84
869;2.966;6.161;23.0;40.52;41.97
870;2.965;6.161;23.0;40.4;41.71
871;2.965;6.161;23.1;40.15;41.44
872;2.964;6.161;23.0;40.52;41.71
873;2.964;6.161;23.0;40.52;41.71
874;2.963;6.161;23.0;40.52;41.57
875;2.963;6.161;23.0;40.03;41.71
876;2.962;6.161;23.0;40.64;41.71
877;2.962;6.161;23.0;40.64;41.84
878;2.961;6.161;23.0;40.4;41.71
879;2.961;6.161;23.0;40.64;41.84
880;2.96;6.161;23.0;40.64;41.71
881;2.96;6.161;23.0;40.64;41.84
882;2.959;6.161;22.9;40.64;41.84
883;2.959;6.161;22.8;40.64;41.84
884;2.958;6.161;22.9;40.4;41.84
885;2.958;6.161;23.0;40.77;41.97
886;2.957;6.161;22.9;40.77;41.97
887;2.957;6.161;22.7;40.77;41.97
888;2.956;6.161;22.9;40.77;41.97
889;2.956;6.161;22.9;39.54;42.11
890;2.955;6.161;23.0;40.77;41.97
891;2.955;6.161;22.9;40.77;41.84
892;2.954;6.161;23.0;40.64;42.24
893;2.954;6.161;22.9;40.77;42.11
894;2.953;6.161;22.9;40.89;41.84
895;2.953;6.161;22.9;40.77;41.97
896;2.953;6.161;22.9;40.89;42.24
897;2.952;6.161;23.0;40.89;42.11
898;2.952;6.161;22.9;40.89;42.11
899;2.951;6.161;22.9;40.89;42.11
900;2.951;6.161;22.9;40.89;42.11
901;2.95;6.161;22.9;41.01;41.97
902;2.95;6.161;22.9;40.89;42.11
903;2.949;6.161;22.9;41.14;42.11
904;2.949;6.161;22.9;40.64;42.11
905;2.948;6.161;23.0;40.89;42.24
906;2.948;6.161;23.0;40.89;42.11
907;2.948;6.161;23.0;41.01;42.24
908;2.947;6.161;23.0;41.01;42.24
909;2.947;6.161;23.0;41.01;42.24
910;2.946;6.161;23.0;41.01;42.24
911;2.946;6.161;23.0;41.01;42.24
912;2.945;6.161;23.0;41.14;42.24
913;2.945;6.161;23.31;41.01;42.24
914;2.944;6.161;22.9;41.14;42.24
915;2.944;6.161;23.0;41.14;42.38
916;2.943;6.161;22.9;41.14;42.38
917;2.943;6.161;22.9;41.14;42.38
918;2.942;6.161;23.0;41.14;42.24
919;2.942;6.161;22.9;41.26;42.24
920;2.942;6.161;23.0;41.14;42.38
921;2.941;6.161;23.0;41.14;42.24
922;2.941;6.161;23.0;41.14;42.38
923;2.94;6.161;23.0;41.14;42.38
924;2.94;6.161;23.0;41.14;42.51
925;2.939;6.161;23.1;41.26;42.65
926;2.939;6.161;22.9;41.26;42.51
927;2.938;6.161;22.9;41.26;42.51
928;2.938;6.161;23.0;41.51;42.51
929;2.938;6.161;23.0;41.26;42.51
930;2.937;6.161;23.0;41.26;42.65
931;2.937;6.161;23.0;41.26;42.65
932;2.936;6.161;23.1;41.14;42.65
933;2.936;6.161;23.0;41.39;42.65
934;2.935;6.161;23.0;41.39;42.65
935;2.935;6.161;23.0;41.51;42.65
936;2.935;6.161;23.1;41.39;42.65
937;2.934;6.161;23.0;41.39;42.65
938;2.934;6.161;23.1;41.39;42.51
939;2.933;6.161;23.0;41.39;42.51
940;2.933;6.161;23.1;41.51;42.79
941;2.932;6.161;23.1;41.39;42.65
942;2.932;6.161;23.1;41.51;42.79
943;2.931;6.161;23.0;41.51;42.79
944;2.931;6.161;23.0;41.51;43.06
945;2.93;6.161;23.0;41.39;42.79
946;2.93;6.161;23.0;41.51;42.79
947;2.929;6.161;23.0;41.51;42.79
948;2.929;6.161;23.0;41.51;42.92
949;2.928;6.161;23.1;41.64;42.79
950;2.928;6.161;23.0;41.51;42.79
951;2.928;6.161;23.0;41.39;42.92
952;2.927;6.161;23.1;41.64;42.92
953;2.927;6.161;23.0;41.64;42.79
954;2.926;6.161;23.0;41.51;42.92
955;2.926;6.161;23.0;41.51;42.92
956;2.925;6.161;23.0;41.51;42.92
957;2.925;6.161;23.0;41.64;42.92
958;2.924;6.161;23.0;41.76;42.92
959;2.924;6.161;23.0;41.76;42.92
960;2.924;6.161;23.0;41.76;42.92
961;2.923;6.161;23.0;41.64;43.2
962;2.923;6.161;23.0;41.76;43.06
963;2.922;6.161;23.0;41.64;42.92
964;2.922;6.161;23.1;41.76;43.06
965;2.921;6.161;23.0;41.89;43.06
966;2.921;6.161;23.0;41.76;43.2
967;2.92;6.161;23.0;41.76;43.06
968;2.92;6.161;23.0;41.76;43.06
969;2.92;6.161;23.0;41.89;43.06
970;2.919;6.161;23.0;41.76;43.06
971;2.919;6.161;23.1;41.76;43.2
972;2.918;6.161;23.0;42.14;43.2
973;2.918;6.161;23.0;41.89;43.2
974;2.917;6.161;23.0;41.89;43.2
975;2.917;6.161;23.0;42.02;43.47
976;2.917;6.161;23.0;42.02;43.2
977;2.916;6.161;23.1;41.89;43.2
978;2.916;6.161;23.1;42.02;43.2
979;2.915;6.161;23.1;41.89;43.33
980;2.915;6.161;23.1;41.89;43.33
981;2.915;6.161;23.1;41.76;43.33
982;2.914;6.161;23.0;42.02;43.33
983;2.914;6.161;23.1;42.02;43.33
984;2.913;6.161;23.1;42.02;43.33
985;2.913;6.161;23.1;42.14;43.33
986;2.912;6.161;22.9;42.14;43.33
987;2.912;6.161;23.1;42.02;43.33
988;2.912;6.161;23.1;42.14;43.47
989;2.911;6.161;23.1;42.14;43.47
990;2.911;6.161;23.1;42.02;43.33
991;2.91;6.161;23.1;42.27;43.47
992;2.91;6.161;23.1;42.14;43.47
993;2.909;6.161;23.1;42.4;43.61
994;2.909;6.161;23.1;42.27;43.61
995;2.908;6.161;22.9;42.02;43.47
996;2.908;6.161;23.1;42.27;43.47
997;2.908;6.161;23.1;42.4;43.47
998;2.907;6.161;23.1;42.27;43.61
999;2.907;6.161;23.0;42.27;43.61
1000;2.906;6.161;23.0;42.27;43.61
1001;2.906;6.161;23.1;42.27;43.61
1002;2.905;6.161;23.0;42.27;43.61
1003;2.905;6.161;23.0;42.02;43.61
1004;2.905;6.161;23.0;42.27;43.61
1005;2.904;6.161;23.0;41.89;43.75
1006;2.904;6.161;23.0;42.27;43.61
1007;2.903;6.161;23.0;42.27;43.61
1008;2.903;6.161;23.1;42.4;43.75
1009;2.903;6.161;23.0;42.52;43.75
1010;2.902;6.161;23.0;42.78;43.75
1011;2.902;6.161;23.0;42.4;43.75
1012;2.901;6.161;23.0;42.4;43.75
1013;2.901;6.161;23.0;42.4;43.89
1014;2.9;6.161;23.0;42.52;43.61
1015;2.9;6.161;23.0;42.4;43.89
1016;2.9;6.161;23.0;41.76;43.75
1017;2.899;6.161;23.0;42.4;43.75
1018;2.899;6.161;22.8;42.52;43.89
1019;2.898;6.161;23.0;42.52;43.89
1020;2.898;6.161;23.0;42.52;43.89
1021;2.897;6.161;23.0;42.52;44.03
1022;2.897;6.161;23.0;42.52;43.89
1023;2.897;6.161;23.0;42.52;43.89
1024;2.896;6.161;23.0;42.52;43.89
1025;2.896;6.161;23.0;42.65;43.89
1026;2.895;6.161;23.0;42.65;43.89
1027;2.895;6.161;23.0;42.65;43.89
1028;2.894;6.161;23.0;42.78;43.89
1029;2.894;6.161;23.0;42.65;44.03
1030;2.894;6.161;23.1;42.65;43.89
1031;2.893;6.161;23.0;42.65;44.03
1032;2.893;6.161;23.0;42.65;43.89
1033;2.892;6.161;23.0;42.65;44.03
1034;2.892;6.161;23.0;42.65;44.03
1035;2.891;6.161;23.0;42.78;44.03
1036;2.891;6.161;23.0;42.65;44.17
1037;2.891;6.161;23.0;42.65;44.03
1038;2.89;6.161;23.0;42.65;44.17
1039;2.89;6.161;23.0;42.78;44.31
1040;2.889;6.161;23.0;42.78;43.89
1041;2.889;6.161;23.0;42.78;44.17
1042;2.889;6.161;23.0;43.03;44.17
1043;2.888;6.161;23.0;42.52;44.31
1044;2.888;6.161;23.0;42.78;44.31
1045;2.887;6.161;23.0;42.78;44.17
1046;2.887;6.161;22.9;42.78;44.31
1047;2.886;6.161;23.0;42.78;44.17
1048;2.886;6.161;23.0;43.03;44.17
1049;2.886;6.161;22.9;42.78;44.31
1050;2.885;6.161;22.9;42.91;44.73
1051;2.885;6.161;22.9;42.91;44.31
1052;2.885;6.161;22.9;42.91;44.31
1053;2.884;6.161;22.9;42.91;44.03
1054;2.884;6.161;22.9;42.91;44.31
1055;2.883;6.161;23.0;43.03;44.31
1056;2.883;6.161;23.0;43.03;44.31
1057;2.883;6.161;23.0;43.16;44.31
1058;2.882;6.161;22.9;43.03;44.31
1059;2.882;6.161;23.0;43.03;44.45
1060;2.881;6.161;23.0;42.91;44.45
1061;2.881;6.161;23.0;43.03;44.45
1062;2.881;6.161;23.0;43.03;44.59
1063;2.88;6.161;23.0;43.03;44.45
1064;2.88;6.161;23.0;43.03;44.45
1065;2.879;6.161;23.0;43.42;44.45
1066;2.879;6.161;23.0;43.03;44.45
1067;2.879;6.161;23.1;43.16;44.45
1068;2.878;6.161;23.0;43.16;44.45
1069;2.878;6.161;23.0;43.16;44.59
1070;2.877;6.161;23.0;43.16;44.59
1071;2.877;6.161;23.0;43.03;44.59
1072;2.877;6.161;23.0;43.16;44.59
1073;2.876;6.161;23.0;43.16;44.45
1074;2.876;6.161;23.0;43.29;44.59
1075;2.875;6.161;23.0;43.16;44.59
1076;2.875;6.161;23.0;43.29;44.59
1077;2.875;6.161;23.0;43.29;44.59
1078;2.874;6.161;23.0;43.29;45.01
1079;2.874;6.161;23.1;43.16;44.87
1080;2.873;6.161;23.0;43.29;44.73
1081;2.873;6.161;23.0;43.29;45.01
1082;2.873;6.161;23.1;43.16;44.45
1083;2.872;6.161;23.1;43.29;44.73
1084;2.872;6.161;23.1;43.29;44.73
1085;2.872;6.161;23.0;43.29;44.87
1086;2.871;6.161;23.0;43.42;44.59
1087;2.871;6.161;23.1;43.42;44.45
1088;2.87;6.161;23.1;43.42;44.31
1089;2.87;6.161;23.1;43.29;45.01
1090;2.869;6.161;23.1;43.42;44.73
1091;2.869;6.161;23.1;43.29;44.73
1092;2.869;6.161;23.1;43.42;44.73
1093;2.868;6.161;23.1;43.16;44.87
1094;2.868;6.161;23.1;43.42;44.87
1095;2.867;6.161;23.1;43.42;44.87
1096;2.867;6.161;23.1;43.55;44.87
1097;2.867;6.161;23.1;43.55;44.87
1098;2.866;6.161;23.1;43.68;44.87
1099;2.866;6.161;23.1;43.55;44.87
1100;2.865;6.161;23.1;43.55;45.01
1101;2.865;6.161;23.1;43.42;44.87
1102;2.865;6.161;23.0;43.55;44.87
1103;2.864;6.161;23.0;43.55;44.87
1104;2.864;6.161;23.1;43.55;44.73
1105;2.863;6.161;23.0;43.42;45.01
1106;2.863;6.161;23.0;43.68;44.87
1107;2.863;6.161;23.21;43.68;45.01
1108;2.862;6.161;23.1;43.55;45.01
1109;2.862;6.161;23.1;43.55;45.01
1110;2.861;6.161;23.1;43.68;45.01
1111;2.861;6.161;23.1;43.68;45.01
1112;2.861;6.161;23.1;43.68;45.01
1113;2.86;6.161;23.1;43.68;45.01
1114;2.86;6.161;23.1;43.68;45.16
1115;2.859;6.161;23.1;43.68;45.16
1116;2.859;6.161;23.21;43.68;45.16
1117;2.859;6.161;23.21;43.68;45.16
1118;2.858;6.161;23.1;43.68;45.16
1119;2.858;6.161;23.1;43.94;45.3
1120;2.857;6.161;23.1;43.81;45.16
1121;2.857;6.161;23.21;43.94;45.16
1122;2.856;6.161;23.1;43.94;45.16
1123;2.856;6.161;23.1;43.81;45.3
1124;2.856;6.161;23.1;43.81;45.16
1125;2.855;6.161;23.1;43.68;45.16
1126;2.855;6.161;23.1;43.81;45.3
1127;2.854;6.161;23.1;43.94;45.3
1128;2.854;6.161;23.1;43.81;45.3
1129;2.854;6.161;23.1;43.81;45.16
1130;2.853;6.161;22.9;43.94;45.3
1131;2.853;6.161;23.21;44.07;45.16
1132;2.852;6.161;23.1;43.94;45.3
1133;2.852;6.161;23.1;43.94;45.16
1134;2.852;6.161;23.1;43.94;45.3
1135;2.851;6.161;23.1;43.94;45.3
1136;2.851;6.161;23.0;43.94;45.3
1137;2.85;6.161;23.1;43.94;45.3
1138;2.85;6.161;23.1;43.68;45.3
1139;2.85;6.161;23.1;44.07;45.3
1140;2.849;6.161;23.1;44.07;45.44
1141;2.849;6.161;23.1;43.94;45.44
1142;2.848;6.161;23.1;44.07;45.44
1143;2.848;6.161;23.1;44.2;45.44
1144;2.848;6.161;23.1;43.94;45.3
1145;2.847;6.161;23.1;44.33;45.3
1146;2.847;6.161;23.1;44.07;45.44
1147;2.846;6.161;23.1;44.2;45.44
1148;2.846;6.161;23.21;44.33;45.44
1149;2.845;6.161;23.1;44.07;45.44
1150;2.845;6.161;23.1;44.07;45.59
1151;2.844;6.161;23.1;44.2;45.44
1152;2.844;6.161;23.1;44.07;45.73
1153;2.844;6.161;23.0;44.2;45.73
1154;2.843;6.161;23.0;44.2;45.59
1155;2.843;6.161;23.0;44.2;45.59
1156;2.842;6.161;23.0;44.2;45.59
1157;2.842;6.161;23.0;44.2;45.73
1158;2.842;6.161;23.0;44.2;45.73
1159;2.841;6.161;23.0;44.2;45.59
1160;2.841;6.161;23.0;44.33;45.59
1161;2.841;6.161;23.1;44.2;45.59
1162;2.84;6.161;23.0;44.33;45.59
1163;2.84;6.161;23.0;44.2;45.73
1164;2.839;6.161;23.1;44.33;45.59
1165;2.839;6.161;23.0;44.33;45.73
1166;2.838;6.161;23.0;43.68;45.73
1167;2.838;6.161;23.0;44.33;45.88
1168;2.837;6.161;23.0;44.33;45.73
1169;2.837;6.161;23.0;44.33;45.88
1170;2.837;6.161;23.0;44.6;45.73
1171;2.836;6.161;23.0;44.07;45.73
1172;2.836;6.161;23.0;44.46;45.88
1173;2.835;6.161;23.0;44.33;45.73
1174;2.835;6.161;23.0;44.46;45.73
1175;2.834;6.161;23.0;44.73;45.88
1176;2.834;6.161;23.0;44.46;45.88
1177;2.834;6.161;23.0;44.33;45.73
1178;2.833;6.161;23.1;44.46;46.02
1179;2.833;6.161;23.0;44.46;45.88
1180;2.833;6.161;23.1;44.46;45.88
1181;2.832;6.161;23.1;44.46;45.73
1182;2.832;6.161;23.1;44.46;45.88
1183;2.831;6.161;23.1;44.46;45.88
1184;2.831;6.161;23.1;44.6;45.88
1185;2.831;6.161;23.1;44.46;46.02
1186;2.83;6.161;23.1;44.6;46.17
1187;2.83;6.161;23.1;44.6;46.02
1188;2.829;6.161;23.1;44.6;45.88
1189;2.829;6.161;23.21;44.6;45.73
1190;2.828;6.161;23.1;44.6;46.17
1191;2.828;6.161;23.1;44.73;46.02
1192;2.828;6.161;23.21;44.73;45.73
1193;2.827;6.161;23.1;45.13;46.17
1194;2.827;6.161;23.1;44.73;46.17
1195;2.826;6.161;23.1;44.73;46.17
1196;2.826;6.161;23.1;44.73;46.02
1197;2.825;6.161;23.1;44.33;46.02
1198;2.825;6.161;23.0;44.73;46.02
1199;2.825;6.161;23.1;44.6;46.02
1200;2.824;6.161;23.1;44.73;46.31
1201;2.824;6.161;23.1;44.73;46.17
1202;2.823;6.161;23.1;44.86;46.17
1203;2.823;6.161;23.1;44.73;46.17
1204;2.822;6.161;23.51;44.6;46.02
1205;2.822;6.161;23.1;44.73;46.17
1206;2.822;6.161;23.21;44.73;46.31
1207;2.821;6.161;23.21;44.86;46.17
1208;2.821;6.161;23.1;44.86;46.17
1209;2.82;6.161;23.21;44.73;46.17
1210;2.82;6.161;23.21;44.86;46.46
1211;2.82;6.161;23.21;44.86;46.46
1212;2.819;6.161;23.31;44.86;46.02
1213;2.819;6.161;23.21;44.86;46.46
1214;2.818;6.161;23.21;44.99;46.31
1215;2.818;6.161;23.21;44.86;46.46
1216;2.817;6.161;23.21;44.86;46.31
1217;2.817;6.161;23.31;44.99;46.31
1218;2.816;6.161;23.21;44.86;46.31
1219;2.816;6.161;23.21;44.99;46.46
1220;2.815;6.161;23.21;44.86;45.73
1221;2.815;6.161;23.31;45.13;46.46
1222;2.815;6.161;23.21;44.99;46.46
1223;2.814;6.161;23.21;45.26;46.31
1224;2.814;6.161;23.21;44.99;46.31
1225;2.813;6.161;23.1;44.99;46.46
1226;2.813;6.161;23.21;43.81;46.31
1227;2.812;6.161;23.21;45.13;46.46
1228;2.812;6.161;23.1;45.13;46.46
1229;2.811;6.161;23.21;45.13;46.61
1230;2.811;6.161;23.21;44.99;46.61
1231;2.81;6.161;23.21;45.13;46.46
1232;2.81;6.161;23.1;45.26;46.46
1233;2.81;6.161;23.21;45.13;46.46
1234;2.809;6.161;23.21;45.13;46.61
1235;2.809;6.161;23.21;45.26;46.61
1236;2.808;6.161;23.21;44.99;46.61
1237;2.808;6.161;23.1;45.26;46.61
1238;2.807;6.161;23.21;45.13;46.31
1239;2.807;6.161;23.21;44.86;46.61
1240;2.806;6.161;23.21;45.13;46.61
1241;2.806;6.161;23.21;45.26;46.46
1242;2.805;6.161;23.21;45.26;46.75
1243;2.805;6.161;23.21;45.26;46.61
1244;2.805;6.161;23.21;45.26;46.75
1245;2.804;6.161;23.21;44.99;46.75
1246;2.804;6.161;23.21;44.99;46.75
1247;2.803;6.161;23.21;45.26;46.75
1248;2.803;6.161;23.21;45.13;46.61
1249;2.802;6.161;23.1;45.26;46.61
1250;2.802;6.161;23.21;45.26;46.9
1251;2.801;6.161;23.1;45.13;46.75
1252;2.801;6.161;23.1;45.66;46.75
1253;2.8;6.161;23.21;45.39;46.75
1254;2.8;6.161;23.1;45.39;46.9
1255;2.8;6.161;23.1;45.39;46.75
1256;2.799;6.161;23.1;45.53;46.9
1257;2.799;6.161;23.1;45.39;46.75
1258;2.798;6.161;23.1;45.39;46.9
1259;2.798;6.161;23.1;45.39;46.9
1260;2.797;6.161;23.1;45.26;46.9
1261;2.797;6.161;23.1;45.26;46.9
1262;2.796;6.161;23.21;45.39;46.9
1263;2.796;6.161;23.1;45.53;46.9
1264;2.795;6.161;23.1;45.39;47.05
1265;2.795;6.161;23.1;45.53;46.9
1266;2.794;6.161;23.1;45.39;46.9
1267;2.794;6.161;23.1;45.53;46.9
1268;2.793;6.161;23.1;45.13;46.9
1269;2.793;6.161;23.1;45.53;47.05
1270;2.792;6.161;23.1;45.53;47.05
1271;2.792;6.161;23.1;45.53;46.9
1272;2.791;6.161;23.1;45.39;47.05
1273;2.791;6.161;23.1;45.53;47.05
1274;2.79;6.161;23.1;45.66;47.2
1275;2.79;6.161;23.1;45.8;47.2
1276;2.789;6.161;23.0;45.66;47.2
1277;2.789;6.161;23.1;45.8;47.05
1278;2.788;6.161;23.1;45.8;47.05
1279;2.788;6.161;23.0;45.66;47.2
1280;2.787;6.161;23.1;45.66;47.2
1281;2.787;6.161;23.1;45.66;47.05
1282;2.786;6.161;23.1;45.93;47.2
1283;2.786;6.161;23.0;45.66;47.2
1284;2.785;6.161;23.0;45.8;47.2
1285;2.785;6.161;23.1;45.66;47.35
1286;2.785;6.161;23.0;45.66;47.2
1287;2.784;6.161;23.0;45.66;47.2
1288;2.784;6.161;23.1;45.66;47.35
1289;2.783;6.161;23.0;45.8;47.2
1290;2.783;6.161;23.1;45.8;47.35
1291;2.782;6.161;23.1;45.66;47.2
1292;2.782;6.161;23.0;45.8;47.35
1293;2.781;6.161;23.0;45.8;47.2
1294;2.781;6.161;23.1;45.8;47.35
1295;2.78;6.161;23.0;45.93;47.2
1296;2.78;6.161;23.0;45.93;47.35
1297;2.779;6.161;23.0;45.8;47.2
1298;2.779;6.161;23.1;45.93;47.35
1299;2.778;6.161;23.0;45.8;47.65
1300;2.778;6.161;23.0;45.93;47.5
1301;2.777;6.161;23.0;45.93;47.35
1302;2.777;6.161;23.0;45.93;47.5
1303;2.776;6.161;23.0;45.8;47.35
1304;2.776;6.161;23.0;45.8;47.35
1305;2.775;6.161;23.1;45.93;47.65
1306;2.775;6.161;23.0;45.93;47.5
1307;2.774;6.161;23.1;46.2;47.5
1308;2.774;6.161;23.0;45.93;47.65
1309;2.773;6.161;22.9;46.88;47.5
1310;2.773;6.161;23.0;46.2;47.5
1311;2.772;6.161;23.0;46.34;47.5
1312;2.772;6.161;23.0;46.07;47.5
1313;2.771;6.161;23.0;46.07;47.5
1314;2.771;6.161;23.0;46.2;47.5
1315;2.77;6.161;23.0;46.07;47.65
1316;2.77;6.161;23.1;46.07;47.5
1317;2.769;6.161;23.0;46.07;47.65
1318;2.769;6.161;23.0;46.07;47.5
1319;2.768;6.161;23.0;46.07;47.65
1320;2.768;6.161;23.0;45.8;47.65
1321;2.767;6.161;23.0;46.07;47.5
1322;2.766;6.161;23.0;46.34;47.65
1323;2.766;6.161;23.0;46.2;47.65
1324;2.766;6.161;23.0;46.2;47.65
1325;2.765;6.161;23.0;46.2;47.8
1326;2.765;6.161;23.0;46.2;47.8
1327;2.764;6.161;23.0;46.2;47.65
1328;2.764;6.161;23.0;46.2;47.8
1329;2.763;6.161;23.0;46.2;47.8
1330;2.763;6.161;23.0;46.34;47.8
1331;2.762;6.161;22.9;46.2;47.8
1332;2.762;6.161;23.0;46.34;47.65
1333;2.761;6.161;23.1;46.34;47.8
1334;2.761;6.161;23.1;46.34;47.8
1335;2.76;6.161;23.1;46.2;47.8
1336;2.76;6.161;23.0;46.34;47.8
1337;2.759;6.161;23.1;46.34;47.8
1338;2.759;6.161;23.21;46.34;47.95
1339;2.758;6.161;23.21;46.34;47.95
1340;2.758;6.161;23.21;46.47;47.8
1341;2.757;6.161;23.21;46.34;47.95
1342;2.756;6.161;23.21;46.2;47.8
1343;2.756;6.161;23.21;46.61;47.95
1344;2.755;6.161;23.31;46.2;47.8
1345;2.755;6.161;23.21;46.47;48.1
1346;2.754;6.161;23.51;46.34;47.95
1347;2.754;6.161;23.21;46.47;48.25
1348;2.753;6.161;23.1;46.34;47.65
1349;2.753;6.161;23.21;46.47;48.1
1350;2.752;6.161;23.1;46.47;47.95
1351;2.752;6.161;23.1;46.47;47.95
1352;2.751;6.161;23.21;46.61;48.1
1353;2.751;6.161;23.21;46.47;47.95
1354;2.75;6.161;23.21;46.75;47.95
1355;2.75;6.161;23.1;46.47;47.95
1356;2.749;6.161;23.21;46.47;48.1
1357;2.748;6.161;23.1;46.47;48.1
1358;2.748;6.161;23.1;46.75;47.95
1359;2.747;6.161;23.1;46.61;48.1
1360;2.747;6.161;23.21;46.75;48.1
1361;2.746;6.161;23.21;46.61;48.1
1362;2.746;6.161;23.21;46.61;48.1
1363;2.745;6.161;23.21;46.61;48.1
1364;2.745;6.161;23.21;46.61;48.25
1365;2.744;6.161;23.21;46.47;48.1
1366;2.744;6.161;23.21;46.75;48.1
1367;2.743;6.161;23.31;46.75;47.65
1368;2.743;6.161;23.21;46.75;48.25
1369;2.742;6.161;23.21;46.61;49.02
1370;2.742;6.161;23.31;46.75;48.25
1371;2.741;6.161;23.21;46.75;48.25
1372;2.74;6.161;23.31;46.75;48.4
1373;2.74;6.161;23.21;46.75;48.25
1374;2.739;6.161;23.21;46.75;48.25
1375;2.739;6.161;23.21;46.88;48.25
1376;2.738;6.161;23.21;46.75;48.25
1377;2.738;6.161;23.21;46.75;48.25
1378;2.737;6.161;23.21;46.88;48.25
1379;2.736;6.161;23.21;46.88;48.4
1380;2.736;6.161;23.21;46.75;48.4
1381;2.735;6.161;23.21;47.02;48.71
1382;2.735;6.161;23.41;46.88;48.56
1383;2.734;6.161;23.21;46.88;48.4
1384;2.734;6.161;23.21;46.88;48.56
1385;2.733;6.161;23.21;47.99;48.4
1386;2.733;6.161;23.21;46.75;48.4
1387;2.732;6.161;23.31;46.88;48.4
1388;2.732;6.161;23.31;46.88;48.4
1389;2.731;6.161;23.31;46.88;48.4
1390;2.73;6.161;23.31;47.02;48.4
1391;2.73;6.161;23.31;47.02;48.4
1392;2.729;6.161;23.31;47.02;48.4
1393;2.729;6.161;23.31;47.02;48.56
1394;2.728;6.161;23.31;47.02;48.56
1395;2.728;6.161;23.1;46.88;48.4
1396;2.727;6.161;23.21;47.02;48.56
1397;2.726;6.161;23.21;47.02;48.56
1398;2.726;6.161;23.21;47.02;48.56
1399;2.725;6.161;23.31;47.02;48.56
1400;2.725;6.161;23.31;47.02;48.71
1401;2.724;6.161;23.21;47.16;48.56
1402;2.724;6.161;23.21;47.16;48.56
1403;2.723;6.161;23.21;47.02;48.71
1404;2.722;6.161;23.1;47.02;48.71
1405;2.722;6.161;23.31;47.16;48.71
1406;2.721;6.161;23.21;47.02;48.71
1407;2.721;6.161;23.31;47.3;48.71
1408;2.72;6.161;23.21;47.3;48.71
1409;2.72;6.161;23.21;47.3;48.71
1410;2.719;6.161;23.21;47.16;48.71
1411;2.719;6.161;23.21;47.16;48.71
1412;2.718;6.161;23.21;47.16;48.71
1413;2.717;6.161;23.21;47.16;48.87
1414;2.717;6.161;23.21;47.16;48.71
1415;2.716;6.161;23.21;47.44;48.71
1416;2.716;6.161;23.21;47.16;48.87
1417;2.715;6.161;23.21;47.16;48.71
1418;2.715;6.161;23.21;47.3;48.71
1419;2.714;6.161;23.31;47.3;48.87
1420;2.713;6.161;23.21;47.3;48.87
1421;2.713;6.161;23.31;47.3;48.87
1422;2.712;6.161;23.21;47.3;48.87
1423;2.712;6.161;23.21;47.02;49.02
1424;2.711;6.161;23.21;47.3;48.87
1425;2.711;6.161;23.21;47.3;48.87
1426;2.71;6.161;23.21;47.3;48.87
1427;2.709;6.161;23.21;47.44;48.87
1428;2.709;6.161;23.21;47.44;49.02
1429;2.708;6.161;23.21;47.3;49.02
1430;2.708;6.161;23.21;47.44;48.87
1431;2.707;6.161;23.1;47.44;49.02
1432;2.706;6.161;23.21;47.57;49.02
1433;2.706;6.161;23.21;47.44;49.02
1434;2.705;6.161;23.21;47.44;49.02
1435;2.705;6.161;23.21;47.57;48.87
1436;2.704;6.161;23.21;47.3;48.87
1437;2.704;6.161;23.21;47.44;49.02
1438;2.703;6.161;23.21;47.44;48.87
1439;2.702;6.161;23.21;47.57;49.02
1440;2.702;6.161;23.21;47.57;49.02
1441;2.701;6.161;23.21;47.44;49.02
1442;2.701;6.161;23.21;47.57;49.02
1443;2.7;6.161;23.31;47.57;49.02
1444;2.7;6.161;23.21;47.57;49.18
1445;2.699;6.161;23.21;47.57;49.18
1446;2.698;6.161;23.21;47.57;49.18
1447;2.698;6.161;23.31;47.57;49.18
1448;2.697;6.161;23.1;47.57;49.18
1449;2.697;6.161;23.1;47.57;49.18
1450;2.696;6.161;23.21;47.57;49.18
1451;2.696;6.161;23.21;47.57;49.18
1452;2.695;6.161;23.21;47.57;49.18
1453;2.694;6.161;23.21;47.71;49.33
1454;2.694;6.161;23.31;47.71;49.18
1455;2.693;6.161;23.21;47.71;49.33
1456;2.693;6.161;23.21;47.71;48.71
1457;2.692;6.161;23.21;47.71;49.18
1458;2.692;6.161;23.31;47.85;49.33
1459;2.691;6.161;23.21;47.71;49.02
1460;2.69;6.161;23.21;47.71;49.64
1461;2.69;6.161;23.21;47.85;49.33
1462;2.689;6.161;23.31;47.71;49.49
1463;2.689;6.161;23.31;47.71;49.33
1464;2.688;6.161;23.31;47.71;49.33
1465;2.687;6.161;23.31;47.71;49.33
1466;2.687;6.161;23.21;47.71;49.33
1467;2.686;6.161;23.31;47.71;49.33
1468;2.686;6.161;23.21;48.13;49.33
1469;2.685;6.161;23.31;47.85;49.33
1470;2.684;6.161;23.21;47.99;49.49
1471;2.684;6.161;23.21;47.85;49.49
1472;2.683;6.161;23.31;47.85;49.33
1473;2.683;6.161;23.21;47.85;49.49
1474;2.682;6.161;23.31;47.85;49.33
1475;2.681;6.161;23.31;47.99;49.33
1476;2.681;6.161;23.31;47.99;49.49
1477;2.68;6.161;23.21;47.85;49.8
1478;2.68;6.161;23.21;47.99;49.49
1479;2.679;6.161;23.21;47.71;49.64
1480;2.678;6.161;23.31;47.71;49.49
1481;2.678;6.161;23.21;47.99;49.64
1482;2.677;6.161;23.21;47.85;49.49
1483;2.677;6.161;23.21;47.99;49.49
1484;2.676;6.161;23.21;47.99;49.64
1485;2.676;6.161;23.21;47.99;49.8
1486;2.675;6.161;23.21;47.99;49.64
1487;2.674;6.161;23.21;47.85;49.64
1488;2.674;6.161;23.51;47.99;49.49
1489;2.673;6.161;23.21;48.13;49.64
1490;2.673;6.161;23.21;47.99;49.64
1491;2.672;6.161;23.21;47.99;49.64
1492;2.671;6.161;23.1;47.99;49.64
1493;2.671;6.161;23.1;47.85;49.64
1494;2.67;6.161;23.1;47.99;49.64
1495;2.669;6.161;23.1;47.99;49.8
1496;2.669;6.161;23.1;47.99;49.64
1497;2.668;6.161;23.21;48.13;49.8
1498;2.667;6.161;23.1;48.13;49.64
1499;2.667;6.161;23.1;47.99;49.64
1500;2.666;6.161;23.1;48.42;49.64
1501;2.666;6.161;23.1;48.13;49.8
1502;2.665;6.161;23.1;48.28;49.8
1503;2.664;6.161;23.1;48.13;49.8
1504;2.664;6.161;23.1;48.13;49.8
1505;2.663;6.161;23.21;48.28;49.8
1506;2.663;6.161;23.21;48.13;49.96
1507;2.662;6.161;23.1;48.28;49.8
1508;2.661;6.161;23.21;48.13;49.8
1509;2.661;6.161;23.21;48.28;49.8
1510;2.66;6.161;23.1;48.28;49.8
1511;2.659;6.161;23.1;48.42;49.96
1512;2.659;6.161;23.1;48.28;49.96
1513;2.658;6.161;23.21;48.28;49.96
1514;2.658;6.161;23.21;48.28;49.8
1515;2.657;6.161;23.21;48.42;49.96
1516;2.656;6.161;23.21;48.42;49.96
1517;2.656;6.161;23.21;48.28;49.96
1518;2.655;6.161;23.21;48.28;49.96
1519;2.654;6.161;23.21;48.42;49.96
1520;2.654;6.161;23.21;48.28;49.8
1521;2.653;6.161;23.21;48.42;49.96
1522;2.652;6.161;23.21;48.13;49.96
1523;2.652;6.161;23.21;48.56;49.96
1524;2.651;6.161;23.31;48.42;50.12
1525;2.651;6.161;23.21;48.28;49.33
1526;2.65;6.161;23.21;48.56;49.96
1527;2.649;6.161;23.21;48.42;49.96
1528;2.649;6.161;23.21;48.42;49.96
1529;2.648;6.161;23.21;48.56;50.12
1530;2.647;6.161;23.21;48.42;50.12
1531;2.647;6.161;23.21;48.56;49.96
1532;2.646;6.161;23.21;48.28;50.12
1533;2.645;6.161;23.21;48.42;50.12
1534;2.645;6.161;23.31;48.13;50.12
1535;2.644;6.161;23.21;48.56;49.96
1536;2.644;6.161;23.31;48.84;50.28
1537;2.643;6.161;23.21;48.56;50.12
1538;2.642;6.161;23.31;48.56;50.12
1539;2.642;6.161;23.31;48.56;49.96
1540;2.641;6.161;23.31;48.42;50.12
1541;2.64;6.161;23.31;48.7;50.12
1542;2.64;6.161;23.31;48.7;50.12
1543;2.639;6.161;23.41;48.56;50.12
1544;2.638;6.161;23.31;48.7;50.12
1545;2.638;6.161;23.31;48.56;50.12
1546;2.637;6.161;23.31;48.7;50.28
1547;2.636;6.161;23.31;48.56;50.28
1548;2.636;6.161;23.31;48.56;50.12
1549;2.635;6.161;23.31;48.56;50.28
1550;2.634;6.161;23.31;48.7;49.96
1551;2.633;6.161;23.31;48.56;50.28
1552;2.633;6.161;23.31;48.7;49.96
1553;2.632;6.161;23.31;48.56;50.28
1554;2.631;6.161;23.31;48.56;50.12
1555;2.631;6.161;23.31;48.56;50.28
1556;2.63;6.161;23.31;48.7;50.28
1557;2.629;6.161;23.31;48.84;50.28
1558;2.628;6.161;23.31;48.7;50.28
1559;2.628;6.161;23.21;48.7;50.28
1560;2.627;6.161;23.21;48.84;50.44
1561;2.626;6.161;23.31;48.7;50.28
1562;2.626;6.161;23.21;48.84;50.12
1563;2.625;6.161;23.41;48.84;50.28
1564;2.624;6.161;23.21;48.84;50.44
1565;2.624;6.161;23.21;48.7;50.44
1566;2.623;6.161;23.21;48.84;50.44
1567;2.622;6.161;23.21;48.84;50.44
1568;2.621;6.161;23.21;48.84;50.28
1569;2.621;6.161;23.31;48.84;50.44
1570;2.62;6.161;23.21;48.7;50.6
1571;2.619;6.161;23.21;48.84;50.44
1572;2.619;6.161;23.21;49.13;50.6
1573;2.618;6.161;23.21;48.84;50.6
1574;2.617;6.161;23.21;48.7;50.44
1575;2.616;6.161;23.31;48.99;50.76
1576;2.615;6.161;23.21;48.7;50.44
1577;2.615;6.161;23.21;48.84;50.6
1578;2.614;6.161;23.21;48.7;50.44
1579;2.613;6.161;23.21;48.99;50.44
1580;2.612;6.161;23.21;48.99;50.6
1581;2.612;6.161;23.21;48.7;50.6
1582;2.611;6.161;23.21;48.99;50.6
1583;2.61;6.161;23.21;48.99;50.6
1584;2.609;6.161;23.21;49.13;50.6
1585;2.609;6.161;23.21;48.99;50.6
1586;2.608;6.161;23.21;48.99;50.6
1587;2.607;6.161;23.1;49.13;50.76
1588;2.606;6.161;23.21;48.99;50.6
1589;2.606;6.161;23.21;49.13;50.76
1590;2.605;6.161;23.21;49.13;50.6
1591;2.604;6.161;23.21;49.13;50.76
1592;2.603;6.161;23.21;49.13;50.6
1593;2.603;6.161;23.21;49.42;50.76
1594;2.602;6.161;23.21;49.27;50.76
1595;2.601;6.161;23.21;49.13;50.76
1596;2.6;6.161;23.21;49.13;50.76
1597;2.599;6.161;23.21;49.13;50.6
1598;2.599;6.161;23.21;49.13;50.76
1599;2.598;6.161;23.1;49.13;50.92
1600;2.597;6.161;23.1;49.13;50.76
1601;2.596;6.161;23.0;48.99;50.92
1602;2.595;6.161;23.1;49.27;50.92
1603;2.594;6.161;23.1;49.27;50.92
1604;2.594;6.161;23.21;49.27;50.92
1605;2.593;6.161;23.1;49.27;50.92
1606;2.592;6.161;23.21;49.27;50.92
1607;2.591;6.161;23.1;49.42;50.92
1608;2.59;6.161;23.1;49.42;50.92
1609;2.589;6.161;23.1;48.99;50.92
1610;2.588;6.161;23.1;49.27;50.92
1611;2.588;6.161;23.1;48.84;50.92
1612;2.587;6.161;23.21;49.13;50.76
1613;2.586;6.161;23.1;49.42;50.92
1614;2.585;6.161;23.21;49.7;50.92
1615;2.584;6.161;23.1;49.42;51.08
1616;2.583;6.161;23.1;49.85;50.92
1617;2.583;6.161;23.1;49.42;51.08
1618;2.582;6.161;23.1;49.42;51.24
1619;2.581;6.161;23.1;49.42;51.08
1620;2.58;6.161;23.21;49.42;51.08
1621;2.579;6.161;23.1;50.14;51.08
1622;2.578;6.161;23.1;49.56;51.08
1623;2.577;6.161;23.1;49.42;51.08
1624;2.576;6.161;23.1;49.42;51.08
1625;2.575;6.161;23.1;49.42;51.24
1626;2.574;6.161;23.1;49.85;51.24
1627;2.573;6.161;23.1;49.56;51.24
1628;2.572;6.161;23.21;49.56;51.24
1629;2.571;6.161;23.1;49.56;51.24
1630;2.57;6.161;23.1;49.56;50.92
1631;2.57;6.161;23.1;49.7;51.24
1632;2.569;6.161;23.1;49.56;51.24
1633;2.568;6.161;23.1;49.42;51.24
1634;2.567;6.161;23.1;49.7;51.24
1635;2.566;6.161;23.1;49.7;51.24
1636;2.565;6.161;23.1;49.7;51.24
1637;2.564;6.161;23.1;49.7;51.24
1638;2.563;6.161;23.21;49.7;51.24
1639;2.562;6.161;23.21;49.56;51.24
1640;2.561;6.161;23.1;49.7;51.57
1641;2.56;6.161;23.1;49.7;51.24
1642;2.559;6.161;23.1;50.0;51.4
1643;2.558;6.161;23.1;49.56;51.24
1644;2.557;6.161;23.21;49.7;51.08
1645;2.556;6.161;23.21;49.7;51.24
1646;2.555;6.161;23.21;49.7;51.24
1647;2.554;6.161;23.21;49.7;51.4
1648;2.553;6.161;23.21;49.7;51.4
1649;2.552;6.161;23.21;49.85;51.57
1650;2.551;6.161;23.21;49.7;51.57
1651;2.549;6.161;23.21;49.85;51.4
1652;2.548;6.161;23.21;49.7;51.4
1653;2.547;6.161;23.21;49.85;51.24
1654;2.546;6.161;23.21;49.7;51.57
1655;2.545;6.161;23.21;49.85;51.73
1656;2.544;6.161;23.21;49.85;51.57
1657;2.543;6.161;23.21;49.85;51.57
1658;2.541;6.161;23.21;49.85;51.9
1659;2.54;6.161;23.21;49.85;51.73
1660;2.539;6.161;23.21;49.7;51.73
1661;2.538;6.161;23.21;50.0;51.73
1662;2.537;6.161;23.31;50.0;51.57
1663;2.536;6.161;23.21;50.0;51.57
1664;2.534;6.161;23.31;50.0;51.57
1665;2.533;6.161;23.21;50.0;51.73
1666;2.532;6.161;23.31;49.85;51.73
1667;2.531;6.161;23.21;50.0;51.73
1668;2.53;6.161;23.31;50.0;51.73
1669;2.528;6.161;23.21;50.14;51.73
1670;2.527;6.161;23.31;50.0;51.73
1671;2.526;6.161;23.21;50.14;51.9
1672;2.524;6.161;23.31;50.0;51.57
1673;2.523;6.161;23.21;50.0;51.73
1674;2.522;6.161;23.21;49.85;51.73
1675;2.52;6.161;23.21;50.14;51.57
1676;2.519;6.161;23.21;50.14;51.73
1677;2.517;6.161;23.21;50.14;51.73
1678;2.516;6.161;23.21;50.14;51.73
1679;2.514;6.161;23.31;50.43;51.9
1680;2.513;6.161;23.21;50.14;51.9
1681;2.511;6.161;23.31;50.14;51.9
1682;2.51;6.161;23.21;50.73;51.9
1683;2.509;6.161;23.21;50.29;51.9
1684;2.507;6.161;23.21;50.29;51.9
1685;2.505;6.161;23.21;50.29;52.06
1686;2.504;6.161;23.31;50.29;51.9
1687;2.502;6.161;23.21;50.14;51.9
1688;2.501;6.161;23.21;50.29;52.06
1689;0.0;0.0;22.9;50.0;51.73
