time;voltage;current;ambient_temperature;surface_temperature_plus;surface_temperature_minus
0;0.003;0.0;22.6;21.38;21.42
1;3.378;4.424;22.49;20.98;21.42
2;3.302;4.62;22.49;20.98;21.22
3;3.285;4.62;22.49;21.08;21.32
4;3.283;4.62;22.49;20.98;21.32
5;3.28;4.62;22.49;20.98;21.42
6;3.281;4.62;22.49;20.98;21.42
7;3.278;4.62;22.49;20.98;21.32
8;3.277;4.62;22.49;21.08;21.42
9;3.276;4.62;22.49;20.98;21.32
10;3.275;4.62;22.49;20.98;21.42
11;3.273;4.62;22.49;20.98;21.42
12;3.271;4.62;22.49;20.98;21.42
13;3.269;4.62;22.49;20.87;21.42
14;3.266;4.62;22.49;21.08;21.42
15;3.264;4.62;22.49;21.08;21.42
16;3.263;4.62;22.49;21.08;21.42
17;3.262;4.62;22.49;21.28;21.62
18;3.26;4.62;22.49;21.08;21.52
19;3.257;4.62;22.49;21.18;21.83
20;3.256;4.62;22.49;21.08;21.52
21;3.254;4.62;22.49;21.08;21.52
22;3.252;4.62;22.49;21.18;21.52
23;3.25;4.62;22.49;21.08;21.62
24;3.252;4.62;22.49;21.18;21.52
25;3.249;4.62;22.39;21.18;21.62
26;3.247;4.62;22.49;21.18;21.62
27;3.252;4.62;22.49;21.38;21.52
28;3.25;4.62;22.49;20.57;21.73
29;3.25;4.62;22.49;21.28;21.62
30;3.254;4.62;22.49;20.47;21.42
31;3.252;4.62;22.6;21.28;21.73
32;3.25;4.62;22.49;21.28;21.73
33;3.251;4.62;22.49;21.28;21.83
34;3.249;4.62;22.49;21.38;21.83
35;3.249;4.62;22.49;21.28;21.62
36;3.25;4.62;22.49;21.38;21.93
37;3.244;4.62;22.49;21.38;22.03
38;3.246;4.62;22.49;21.38;21.83
39;3.246;4.62;22.49;21.48;21.83
40;3.246;4.62;22.49;21.48;21.83
41;3.252;4.62;22.49;21.48;21.93
42;3.242;4.62;22.49;21.58;22.13
43;3.242;4.62;22.49;21.48;21.83
44;3.244;4.62;22.49;21.58;22.03
45;3.244;4.62;22.49;21.58;22.03
46;3.245;4.62;22.6;21.68;21.93
47;3.244;4.62;22.49;21.48;22.33
48;3.243;4.62;22.49;21.68;22.13
49;3.243;4.62;22.49;21.48;22.03
50;3.243;4.62;22.49;21.48;22.13
51;3.242;4.62;22.49;21.58;22.33
52;3.24;4.62;22.49;21.68;22.23
53;3.241;4.62;22.49;21.78;22.23
54;3.24;4.62;22.49;21.78;22.33
55;3.242;4.62;22.49;21.78;22.03
56;3.241;4.62;22.49;21.89;22.13
57;3.242;4.62;22.49;21.78;22.33
58;3.244;4.62;22.49;21.89;22.33
59;3.244;4.62;22.49;21.68;22.33
60;3.244;4.62;22.6;21.89;22.43
61;3.243;4.62;22.49;21.99;22.53
62;3.244;4.62;22.49;21.99;22.64
63;3.243;4.62;22.49;21.99;22.43
64;3.244;4.62;22.49;21.99;22.53
65;3.243;4.62;22.49;22.09;22.64
66;3.243;4.62;22.49;21.89;22.53
67;3.242;4.62;22.49;21.99;22.64
68;3.242;4.62;22.6;22.19;22.64
69;3.243;4.62;22.49;22.09;22.64
70;3.241;4.62;22.49;22.19;22.53
71;3.241;4.62;22.49;22.19;22.74
72;3.242;4.62;22.49;22.19;22.74
73;3.243;4.62;22.49;22.09;22.64
74;3.242;4.62;22.49;22.49;22.84
75;3.241;4.62;22.49;22.29;22.84
76;3.241;4.62;22.49;22.39;22.94
77;3.241;4.62;22.49;22.29;22.84
78;3.242;4.62;22.49;22.39;22.23
79;3.242;4.62;22.49;22.29;22.94
80;3.242;4.62;22.49;22.39;23.04
81;3.241;4.62;22.49;22.39;23.04
82;3.242;4.62;22.49;22.49;23.04
83;3.241;4.62;22.49;22.39;23.15
84;3.241;4.62;22.49;22.49;23.15
85;3.24;4.62;22.49;22.49;23.15
86;3.24;4.62;22.49;22.49;23.15
87;3.24;4.62;22.49;22.6;23.15
88;3.241;4.62;22.49;22.49;23.25
89;3.241;4.62;22.49;22.6;23.45
90;3.241;4.62;22.49;22.6;23.25
91;3.241;4.62;22.49;22.7;23.35
92;3.241;4.62;22.49;22.7;23.35
93;3.242;4.62;22.49;23.0;23.66
94;3.242;4.62;22.49;22.7;23.35
95;3.241;4.62;22.49;22.8;23.45
96;3.241;4.62;22.49;22.8;23.45
97;3.24;4.62;22.49;22.9;23.15
98;3.241;4.62;22.49;22.8;23.45
99;3.24;4.62;22.49;22.9;23.56
100;3.24;4.62;22.49;23.1;23.86
101;3.24;4.62;22.49;22.8;23.66
102;3.241;4.62;22.49;23.0;23.66
103;3.242;4.62;22.49;23.0;23.66
104;3.24;4.62;22.49;23.0;23.76
105;3.24;4.62;22.49;22.9;23.45
106;3.24;4.62;22.49;23.0;23.76
107;3.24;4.62;22.49;23.1;23.76
108;3.24;4.62;22.39;23.21;23.86
109;3.239;4.62;22.49;23.21;23.76
110;3.237;4.62;22.49;23.21;23.86
111;3.238;4.62;22.49;23.21;23.86
112;3.237;4.62;22.49;23.1;23.86
113;3.237;4.62;22.49;23.1;23.97
114;3.238;4.62;22.49;23.21;23.97
115;3.238;4.62;22.49;23.41;23.97
116;3.239;4.62;22.49;23.31;24.07
117;3.238;4.62;22.49;23.51;23.97
118;3.238;4.62;22.49;23.31;24.17
119;3.238;4.62;22.49;23.51;24.07
120;3.239;4.62;22.49;23.61;24.07
121;3.239;4.62;22.49;23.41;24.17
122;3.239;4.62;22.49;23.51;24.17
123;3.238;4.62;22.49;23.31;24.17
124;3.238;4.62;22.49;23.82;24.17
125;3.238;4.62;22.49;23.61;24.28
126;3.238;4.62;22.49;23.61;23.45
127;3.238;4.62;22.49;24.13;24.28
128;3.237;4.62;22.49;23.51;24.59
129;3.236;4.62;22.49;23.72;24.38
130;3.236;4.62;22.49;23.72;24.28
131;3.236;4.62;22.49;23.82;24.48
132;3.235;4.62;22.49;23.72;24.38
133;3.235;4.62;22.49;23.72;24.48
134;3.235;4.62;22.49;23.82;24.48
135;3.234;4.62;22.49;23.82;24.48
136;3.235;4.62;22.49;23.31;24.59
137;3.236;4.62;22.49;23.92;24.59
138;3.235;4.62;22.49;23.82;24.69
139;3.234;4.62;22.49;23.92;24.79
140;3.235;4.62;22.49;24.02;24.69
141;3.234;4.62;22.49;24.13;24.69
142;3.235;4.62;22.39;24.02;24.79
143;3.236;4.62;22.49;24.13;24.79
144;3.236;4.62;22.6;24.13;24.79
145;3.235;4.62;22.49;24.13;24.59
146;3.235;4.62;22.49;24.13;24.9
147;3.235;4.62;22.49;24.23;24.9
148;3.235;4.62;22.49;24.23;24.79
149;3.235;4.62;22.49;24.23;25.0
150;3.234;4.62;22.49;24.23;24.9
151;3.234;4.62;22.49;24.33;25.0
152;3.233;4.62;22.49;24.33;25.1
153;3.233;4.62;22.6;24.33;25.0
154;3.233;4.62;22.49;24.33;25.1
155;3.233;4.62;22.49;24.33;25.1
156;3.232;4.62;22.49;24.43;25.1
157;3.232;4.62;22.49;24.43;25.1
158;3.232;4.62;22.49;24.43;25.21
159;3.232;4.62;22.49;24.54;25.21
160;3.231;4.62;22.49;24.54;25.42
161;3.232;4.62;22.49;24.54;25.21
162;3.231;4.62;22.6;24.54;25.21
163;3.231;4.62;22.49;24.74;25.63
164;3.232;4.62;22.6;24.64;25.1
165;3.232;4.62;22.49;24.64;25.42
166;3.232;4.62;22.49;24.85;25.21
167;3.232;4.62;22.49;24.74;25.52
168;3.232;4.62;22.49;24.74;25.42
169;3.231;4.62;22.49;24.74;25.52
170;3.231;4.62;22.49;24.85;25.63
171;3.231;4.62;22.49;24.85;25.42
172;3.231;4.62;22.49;24.95;25.63
173;3.23;4.62;22.39;25.36;25.84
174;3.23;4.62;22.49;24.95;25.73
175;3.229;4.62;22.49;24.95;25.73
176;3.229;4.62;22.49;25.78;25.63
177;3.228;4.62;22.49;24.95;25.73
178;3.228;4.62;22.49;25.05;25.73
179;3.228;4.62;22.49;25.15;25.63
180;3.228;4.62;22.49;25.05;26.04
181;3.228;4.62;22.49;25.15;25.84
182;3.228;4.62;22.49;25.15;25.73
183;3.229;4.62;22.49;25.15;25.73
184;3.228;4.62;22.49;25.15;25.94
185;3.228;4.62;22.49;25.26;25.94
186;3.228;4.62;22.49;25.26;25.94
187;3.227;4.62;22.49;25.26;25.94
188;3.227;4.62;22.49;25.46;25.84
189;3.227;4.62;22.39;25.36;26.04
190;3.227;4.62;22.49;25.46;26.04
191;3.227;4.62;22.49;25.36;25.84
192;3.227;4.62;22.39;25.36;26.26
193;3.227;4.62;22.49;25.46;26.57
194;3.228;4.62;22.39;25.46;26.15
195;3.228;4.62;22.49;25.46;26.15
196;3.227;4.62;22.39;25.57;26.15
197;3.227;4.62;22.39;25.67;26.15
198;3.227;4.62;22.39;25.57;26.15
199;3.227;4.62;22.39;25.57;26.26
200;3.228;4.62;22.39;25.67;26.15
201;3.228;4.62;22.39;25.57;26.04
202;3.228;4.62;22.39;25.67;26.47
203;3.228;4.62;22.39;25.67;26.36
204;3.227;4.62;22.39;25.46;26.57
205;3.227;4.62;22.39;25.78;26.47
206;3.227;4.62;22.39;25.78;26.68
207;3.226;4.62;22.39;25.78;26.47
208;3.228;4.62;22.39;25.78;26.47
209;3.228;4.62;22.39;25.88;26.57
210;3.228;4.62;22.39;25.88;26.57
211;3.228;4.62;22.39;25.88;26.57
212;3.228;4.62;22.39;25.36;27.0
213;3.227;4.62;22.39;25.98;26.47
214;3.226;4.62;22.39;25.88;27.96
215;3.226;4.62;22.39;25.98;26.78
216;3.226;4.62;22.39;26.09;26.68
217;3.226;4.62;22.39;26.09;26.78
218;3.226;4.62;22.39;26.09;26.68
219;3.225;4.62;22.39;26.09;26.78
220;3.225;4.62;22.39;26.19;26.78
221;3.226;4.62;22.39;26.19;27.0
222;3.225;4.62;22.39;26.19;26.78
223;3.225;4.62;22.39;26.19;26.89
224;3.225;4.62;22.39;26.19;26.89
225;3.225;4.62;22.39;26.29;27.0
226;3.225;4.62;22.39;26.29;27.0
227;3.225;4.62;22.39;26.29;27.0
228;3.224;4.62;22.39;26.4;27.0
229;3.224;4.62;22.39;26.4;26.68
230;3.224;4.62;22.39;26.4;27.1
231;3.224;4.62;22.39;26.5;27.1
232;3.223;4.62;22.39;26.4;26.89
233;3.224;4.62;22.39;26.5;27.1
234;3.223;4.62;22.39;26.5;27.1
235;3.223;4.62;22.39;26.5;27.1
236;3.223;4.62;22.39;26.5;27.21
237;3.222;4.62;22.39;26.61;27.21
238;3.225;4.62;22.39;26.61;27.21
239;3.225;4.62;22.39;26.61;27.42
240;3.225;4.62;22.39;26.61;27.31
241;3.224;4.62;22.39;26.61;27.31
242;3.225;4.62;22.39;26.71;27.31
243;3.225;4.62;22.39;26.71;27.31
244;3.224;4.62;22.39;26.82;27.85
245;3.223;4.62;22.39;26.82;27.42
246;3.223;4.62;22.39;26.92;27.53
247;3.223;4.62;22.39;26.82;27.42
248;3.223;4.62;22.39;27.02;27.53
249;3.223;4.62;22.39;26.92;27.53
250;3.221;4.62;22.39;27.02;28.28
251;3.221;4.62;22.39;26.82;27.53
252;3.22;4.62;22.39;26.92;27.53
253;3.22;4.62;22.39;27.23;27.31
254;3.219;4.62;22.49;27.02;27.64
255;3.219;4.62;22.39;27.02;27.64
256;3.218;4.62;22.39;27.02;27.64
257;3.218;4.62;22.39;27.02;27.64
258;3.219;4.62;22.39;26.92;27.53
259;3.217;4.62;22.39;27.13;27.74
260;3.215;4.62;22.39;27.13;27.64
261;3.217;4.62;22.39;27.13;27.85
262;3.217;4.62;22.39;27.13;27.74
263;3.218;4.62;22.49;27.23;27.74
264;3.217;4.62;22.39;27.23;27.85
265;3.217;4.62;22.39;27.23;27.85
266;3.217;4.62;22.39;27.23;27.85
267;3.218;4.62;22.39;27.23;27.85
268;3.217;4.62;22.39;27.34;27.96
269;3.216;4.62;22.39;27.34;27.96
270;3.214;4.62;22.39;27.34;27.96
271;3.212;4.62;22.39;27.34;27.96
272;3.214;4.62;22.39;27.44;27.96
273;3.213;4.62;22.39;27.44;28.06
274;3.214;4.62;22.39;27.44;28.06
275;3.214;4.62;22.39;27.55;27.96
276;3.214;4.62;22.39;27.55;28.17
277;3.213;4.62;22.39;27.55;28.06
278;3.216;4.62;22.39;27.55;28.17
279;3.217;4.62;22.39;27.65;28.28
280;3.217;4.62;22.39;27.55;28.17
281;3.217;4.62;22.39;27.55;28.17
282;3.217;4.62;22.39;27.55;28.28
283;3.218;4.62;22.39;27.44;28.06
284;3.217;4.62;22.39;27.65;28.28
285;3.218;4.62;22.39;27.65;28.28
286;3.217;4.62;22.39;27.76;28.5
287;3.217;4.62;22.39;27.65;28.39
288;3.217;4.62;22.49;27.86;28.39
289;3.217;4.62;22.49;27.76;28.71
290;3.216;4.62;22.39;27.76;28.39
291;3.216;4.62;22.39;27.76;28.39
292;3.216;4.62;22.39;27.86;28.5
293;3.216;4.62;22.39;27.86;28.17
294;3.216;4.62;22.49;27.97;28.6
295;3.215;4.62;22.39;27.97;28.5
296;3.215;4.62;22.39;27.97;28.6
297;3.215;4.62;22.39;27.86;28.5
298;3.215;4.62;22.39;27.97;28.39
299;3.214;4.62;22.39;27.86;28.6
300;3.214;4.62;22.39;27.86;28.93
301;3.213;4.62;22.39;28.08;28.71
302;3.212;4.62;22.39;28.08;28.82
303;3.212;4.62;22.39;28.08;28.71
304;3.213;4.62;22.39;28.18;28.6
305;3.212;4.62;22.39;28.18;28.71
306;3.212;4.62;22.39;28.18;28.82
307;3.212;4.62;22.39;27.97;28.82
308;3.212;4.62;22.39;28.39;28.71
309;3.212;4.62;22.39;28.29;28.93
310;3.211;4.62;22.39;28.29;28.82
311;3.211;4.62;22.39;28.29;28.82
312;3.211;4.62;22.39;28.29;28.93
313;3.21;4.62;22.39;28.29;28.71
314;3.21;4.62;22.39;28.39;28.93
315;3.21;4.62;22.39;28.39;28.71
316;3.209;4.62;22.39;28.39;28.93
317;3.209;4.62;22.39;28.39;29.04
318;3.209;4.62;22.49;28.6;28.82
319;3.208;4.62;22.39;28.5;29.04
320;3.207;4.62;22.49;28.5;29.04
321;3.208;4.62;22.39;28.5;29.15
322;3.207;4.62;22.39;28.5;28.93
323;3.206;4.62;22.39;28.6;28.93
324;3.206;4.62;22.39;28.5;29.26
325;3.205;4.62;22.39;28.6;29.15
326;3.205;4.62;22.39;28.71;29.26
327;3.204;4.62;22.39;28.6;29.26
328;3.204;4.62;22.39;28.6;29.26
329;3.203;4.62;22.39;28.71;29.26
330;3.202;4.62;22.39;28.71;28.93
331;3.202;4.62;22.39;28.71;29.26
332;3.202;4.62;22.39;28.82;29.15
333;3.202;4.62;22.39;28.82;29.47
334;3.2;4.62;22.39;28.71;29.37
335;3.199;4.62;22.39;28.82;29.47
336;3.2;4.62;22.39;28.82;29.37
337;3.202;4.62;22.39;28.92;29.37
338;3.202;4.62;22.39;28.82;29.37
339;3.202;4.62;22.39;28.82;29.58
340;3.201;4.62;22.39;28.92;30.69
341;3.201;4.62;22.39;28.92;29.47
342;3.2;4.62;22.39;28.92;29.47
343;3.2;4.62;22.39;28.92;29.47
344;3.199;4.62;22.39;28.92;29.58
345;3.197;4.62;22.39;29.03;29.58
346;3.198;4.62;22.39;30.21;29.58
347;3.198;4.62;22.39;28.92;29.58
348;3.2;4.62;22.39;29.03;29.47
349;3.2;4.62;22.39;29.03;29.69
350;3.2;4.62;22.39;29.14;29.69
351;3.2;4.62;22.39;29.14;29.58
352;3.199;4.62;22.39;28.92;29.69
353;3.199;4.62;22.39;29.14;29.8
354;3.198;4.62;22.39;29.14;29.69
355;3.198;4.62;22.39;29.24;29.8
356;3.198;4.62;22.39;29.24;29.8
357;3.198;4.62;22.39;29.24;29.8
358;3.196;4.62;22.39;29.24;29.8
359;3.196;4.62;22.39;29.24;29.8
360;3.195;4.62;22.39;29.24;29.8
361;3.196;4.62;22.39;29.24;29.8
362;3.196;4.62;22.39;29.24;29.8
363;3.196;4.62;22.39;29.35;29.91
364;3.196;4.62;22.39;29.35;30.02
365;3.196;4.62;22.49;29.46;30.02
366;3.195;4.62;22.39;29.35;29.91
367;3.194;4.62;22.39;29.46;30.13
368;3.193;4.62;22.39;29.46;30.02
369;3.193;4.62;22.39;29.46;29.91
370;3.194;4.62;22.39;29.46;29.91
371;3.194;4.62;22.39;29.67;30.02
372;3.192;4.62;22.39;29.46;30.13
373;3.193;4.62;22.39;29.56;30.13
374;3.191;4.62;22.39;29.56;30.02
375;3.192;4.62;22.39;29.56;29.91
376;3.192;4.62;22.39;29.67;30.13
377;3.189;4.62;22.39;29.56;30.24
378;3.194;4.62;22.39;29.67;30.13
379;3.194;4.62;22.39;29.67;30.47
380;3.194;4.62;22.39;29.67;30.24
381;3.194;4.62;22.39;29.78;30.24
382;3.194;4.62;22.39;29.67;30.13
383;3.193;4.62;22.39;29.88;30.02
384;3.193;4.62;22.39;29.78;30.24
385;3.192;4.62;22.39;29.78;30.58
386;3.191;4.62;22.39;29.78;30.58
387;3.191;4.62;22.39;29.35;30.13
388;3.19;4.62;22.39;29.88;30.36
389;3.19;4.62;22.39;30.1;30.24
390;3.189;4.62;22.39;29.67;30.24
391;3.189;4.62;22.39;29.88;30.47
392;3.186;4.62;22.39;29.99;30.36
393;3.187;4.62;22.39;29.99;30.36
394;3.188;4.62;22.39;29.99;30.47
395;3.188;4.62;22.39;29.99;30.47
396;3.187;4.62;22.39;29.99;30.47
397;3.186;4.62;22.39;29.99;30.69
398;3.186;4.62;22.39;29.99;30.58
399;3.186;4.62;22.39;29.99;30.58
400;3.186;4.62;22.39;30.1;30.69
401;3.186;4.62;22.39;30.1;30.58
402;3.185;4.62;22.39;30.1;30.58
403;3.184;4.62;22.39;30.1;30.69
404;3.185;4.62;22.39;29.99;30.8
405;3.186;4.62;22.39;30.1;30.8
406;3.187;4.62;22.39;30.64;30.8
407;3.187;4.62;22.39;30.1;30.58
408;3.187;4.62;22.39;30.32;30.69
409;3.186;4.62;22.39;30.32;30.69
410;3.186;4.62;22.39;30.21;30.8
411;3.185;4.62;22.39;30.21;30.8
412;3.185;4.62;22.39;30.32;30.8
413;3.184;4.62;22.39;30.32;31.02
414;3.184;4.62;22.39;30.21;31.13
415;3.181;4.62;22.7;30.32;30.8
416;3.185;4.62;22.39;30.32;30.8
417;3.185;4.62;22.39;30.32;30.8
418;3.184;4.62;22.39;30.21;30.8
419;3.184;4.62;22.39;30.42;30.91
420;3.184;4.62;22.39;30.42;30.91
421;3.184;4.62;22.39;30.42;30.91
422;3.183;4.62;22.39;30.64;31.36
423;3.182;4.62;22.39;30.42;30.91
424;3.182;4.62;22.39;30.53;31.02
425;3.182;4.62;22.39;30.42;30.91
426;3.182;4.62;22.39;30.53;31.13
427;3.181;4.62;22.39;30.53;31.02
428;3.182;4.62;22.39;30.53;31.02
429;3.181;4.62;22.39;30.53;31.02
430;3.181;4.62;22.39;30.64;31.02
431;3.18;4.62;22.39;30.64;31.02
432;3.179;4.62;22.39;30.64;31.13
433;3.179;4.62;22.39;30.64;31.13
434;3.178;4.62;22.39;29.99;31.13
435;3.178;4.62;22.39;30.75;31.25
436;3.178;4.62;22.39;30.75;31.25
437;3.177;4.62;22.39;30.75;31.13
438;3.177;4.62;22.49;30.64;31.13
439;3.176;4.62;22.39;30.75;31.36
440;3.176;4.62;22.39;30.75;31.25
441;3.175;4.62;22.39;30.75;31.25
442;3.174;4.62;22.39;30.96;31.58
443;3.174;4.62;22.39;30.64;31.36
444;3.173;4.62;22.39;30.86;31.36
445;3.172;4.62;22.29;30.86;31.36
446;3.171;4.62;22.39;30.64;31.25
447;3.175;4.62;22.39;30.86;31.36
448;3.175;4.62;22.39;30.86;31.36
449;3.174;4.62;22.39;30.96;31.47
450;3.174;4.62;22.39;30.96;31.47
451;3.174;4.62;22.39;30.96;31.58
452;3.173;4.62;22.39;30.96;31.47
453;3.173;4.62;22.39;30.96;31.7
454;3.171;4.62;22.39;30.96;31.36
455;3.171;4.62;22.39;30.96;31.36
456;3.171;4.62;22.39;31.07;31.47
457;3.171;4.62;22.39;31.07;31.47
458;3.171;4.62;22.39;30.96;32.04
459;3.17;4.62;22.39;31.07;31.58
460;3.17;4.62;22.39;31.07;31.58
461;3.17;4.62;22.39;31.18;31.58
462;3.17;4.62;22.39;31.07;31.7
463;3.17;4.62;22.39;31.07;31.58
464;3.17;4.62;22.39;31.18;31.7
465;3.169;4.62;22.39;31.07;31.25
466;3.168;4.62;22.39;31.18;31.47
467;3.168;4.62;22.39;31.29;31.7
468;3.168;4.62;22.39;31.18;31.47
469;3.167;4.62;22.39;31.18;31.7
470;3.167;4.62;22.39;31.18;31.81
471;3.165;4.62;22.39;31.18;31.7
472;3.164;4.62;22.39;31.84;31.58
473;3.164;4.62;22.39;31.4;31.81
474;3.164;4.62;22.39;31.29;31.92
475;3.165;4.62;22.39;31.4;31.81
476;3.168;4.62;22.39;31.4;31.81
477;3.167;4.62;22.39;31.4;31.81
478;3.166;4.62;22.39;31.4;31.81
479;3.165;4.62;22.39;31.4;31.81
480;3.167;4.62;22.39;31.29;31.92
481;3.168;4.62;22.39;31.4;31.81
482;3.168;4.62;22.39;31.51;31.92
483;3.168;4.62;22.39;31.29;31.92
484;3.167;4.62;22.39;31.51;31.92
485;3.166;4.62;22.39;31.51;31.92
486;3.166;4.62;22.39;31.62;31.81
487;3.166;4.62;22.39;31.4;32.04
488;3.165;4.62;22.49;31.51;33.29
489;3.164;4.62;22.39;30.32;32.26
490;3.164;4.62;22.39;31.51;32.04
491;3.164;4.62;22.39;31.62;32.15
492;3.163;4.62;22.39;31.62;32.04
493;3.163;4.62;22.39;31.62;31.92
494;3.163;4.62;22.39;31.73;32.04
495;3.163;4.62;22.39;31.62;31.92
496;3.163;4.62;22.39;31.73;32.26
497;3.163;4.62;22.39;31.62;32.26
498;3.162;4.62;22.39;30.96;31.92
499;3.161;4.62;22.39;31.62;32.15
500;3.161;4.62;22.39;31.73;32.26
501;3.161;4.62;22.49;31.84;32.61
502;3.161;4.62;22.39;31.62;32.26
503;3.16;4.62;22.39;31.73;32.26
504;3.16;4.62;22.39;31.62;32.04
505;3.16;4.62;22.39;31.84;32.26
506;3.16;4.62;22.39;31.73;32.26
507;3.16;4.62;22.39;31.73;32.26
508;3.159;4.62;22.39;31.84;32.15
509;3.159;4.62;22.39;31.84;32.26
510;3.159;4.62;22.39;31.84;32.38
511;3.158;4.62;22.19;31.84;32.49
512;3.157;4.62;22.39;31.84;32.38
513;3.157;4.62;22.39;31.95;32.26
514;3.156;4.62;22.39;31.95;32.38
515;3.155;4.62;22.39;31.84;32.38
516;3.155;4.62;22.39;31.95;32.38
517;3.155;4.62;22.39;31.95;32.38
518;3.152;4.62;22.39;31.95;32.38
519;3.155;4.62;22.39;31.95;32.38
520;3.155;4.62;22.39;32.28;32.38
521;3.154;4.62;22.39;32.06;32.49
522;3.152;4.62;22.39;32.17;32.49
523;3.153;4.62;22.39;32.06;32.72
524;3.151;4.62;22.39;32.06;32.49
525;3.153;4.62;22.39;32.06;32.49
526;3.154;4.62;22.39;32.06;32.49
527;3.153;4.62;22.39;32.06;32.49
528;3.153;4.62;22.39;32.17;32.49
529;3.153;4.62;22.39;32.06;32.61
530;3.153;4.62;22.39;32.06;32.61
531;3.152;4.62;22.29;32.28;32.49
532;3.152;4.62;22.39;32.17;32.61
533;3.151;4.62;22.39;32.17;32.83
534;3.15;4.62;22.39;32.06;32.61
535;3.15;4.62;22.39;32.17;32.61
536;3.149;4.62;22.39;32.17;32.72
537;3.149;4.62;22.39;32.5;32.95
538;3.148;4.62;22.39;32.39;32.49
539;3.147;4.62;22.39;32.28;32.49
540;3.146;4.62;22.39;32.39;32.72
541;3.144;4.62;22.39;32.28;32.72
542;3.145;4.62;22.39;32.28;32.83
543;3.145;4.62;22.39;32.39;32.72
544;3.145;4.62;22.39;32.39;31.7
545;3.145;4.62;22.29;32.39;32.72
546;3.145;4.62;22.39;32.28;32.72
547;3.145;4.62;22.39;32.39;32.83
548;3.144;4.62;22.39;32.39;32.72
549;3.143;4.62;22.39;32.5;32.95
550;3.143;4.62;22.39;32.39;32.83
551;3.148;4.62;22.39;32.5;32.83
552;3.148;4.62;22.39;32.5;32.83
553;3.147;4.62;22.39;32.5;32.83
554;3.147;4.62;22.39;32.5;32.83
555;3.147;4.62;22.39;32.5;32.83
556;3.146;4.62;22.39;32.39;33.06
557;3.146;4.62;22.39;32.5;32.83
558;3.145;4.62;22.39;32.61;32.95
559;3.145;4.62;22.39;32.5;32.95
560;3.144;4.62;22.39;32.61;33.06
561;3.144;4.62;22.39;32.61;32.95
562;3.144;4.62;22.39;32.5;32.95
563;3.144;4.62;22.39;32.72;33.06
564;3.143;4.62;22.39;32.61;33.06
565;3.143;4.62;22.39;32.61;32.83
566;3.143;4.62;22.39;32.61;32.95
567;3.142;4.62;22.39;32.72;33.18
568;3.142;4.62;22.39;32.83;32.95
569;3.141;4.62;22.39;32.72;32.95
570;3.141;4.62;22.39;32.5;33.06
571;3.142;4.62;22.39;32.61;33.06
572;3.142;4.62;22.39;32.72;33.18
573;3.141;4.62;22.39;32.72;34.58
574;3.141;4.62;22.39;33.05;33.29
575;3.14;4.62;22.39;32.72;32.95
576;3.14;4.62;22.39;32.72;33.18
577;3.139;4.62;22.39;32.83;33.18
578;3.138;4.62;22.39;32.72;33.18
579;3.138;4.62;22.39;32.83;33.29
580;3.138;4.62;22.39;32.83;33.18
581;3.138;4.62;22.39;32.83;33.18
582;3.138;4.62;22.39;32.83;33.18
583;3.137;4.62;22.39;32.94;33.29
584;3.137;4.62;22.39;32.94;33.18
585;3.136;4.62;22.39;32.83;33.18
586;3.136;4.62;22.49;32.83;33.29
587;3.136;4.62;22.39;32.94;33.29
588;3.135;4.62;22.39;33.05;33.64
589;3.135;4.62;22.39;32.94;33.29
590;3.135;4.62;22.39;32.94;33.29
591;3.135;4.62;22.39;32.94;33.41
592;3.134;4.62;22.39;32.94;33.29
593;3.134;4.62;22.39;33.05;33.41
594;3.134;4.62;22.39;32.94;33.41
595;3.134;4.62;22.39;32.94;33.41
596;3.134;4.62;22.39;32.94;33.53
597;3.133;4.62;22.39;33.05;33.41
598;3.133;4.62;22.39;33.05;33.87
599;3.133;4.62;22.39;33.16;33.53
600;3.132;4.62;22.39;33.05;33.41
601;3.132;4.62;22.39;33.05;34.11
602;3.133;4.62;22.29;32.94;33.41
603;3.131;4.62;22.39;33.05;33.41
604;3.131;4.62;22.39;33.16;33.29
605;3.131;4.62;22.39;33.16;33.53
606;3.13;4.62;22.39;33.05;33.64
607;3.13;4.62;22.39;33.16;33.41
608;3.129;4.62;22.39;33.16;33.87
609;3.129;4.62;22.39;33.16;33.41
610;3.129;4.62;22.39;33.16;34.46
611;3.129;4.62;22.39;33.16;33.53
612;3.129;4.62;22.39;33.16;33.64
613;3.128;4.62;22.39;32.61;33.53
614;3.128;4.62;22.39;33.27;33.29
615;3.127;4.62;22.39;33.16;33.64
616;3.126;4.62;22.39;33.27;33.64
617;3.126;4.62;22.39;33.16;33.64
618;3.125;4.62;22.39;33.27;33.64
619;3.124;4.62;22.39;33.27;33.76
620;3.124;4.62;22.39;33.27;33.29
621;3.124;4.62;22.39;33.27;33.76
622;3.122;4.62;22.39;33.16;33.76
623;3.122;4.62;22.39;33.27;33.64
624;3.12;4.62;22.29;33.38;33.87
625;3.12;4.62;22.39;33.38;33.76
626;3.121;4.62;22.39;33.27;33.76
627;3.12;4.62;22.39;33.38;33.64
628;3.12;4.62;22.39;33.38;33.76
629;3.119;4.62;22.39;33.38;33.76
630;3.118;4.62;22.39;33.27;33.76
631;3.117;4.62;22.39;33.38;33.76
632;3.115;4.62;22.39;33.38;33.53
633;3.115;4.62;22.39;33.5;33.76
634;3.113;4.62;22.39;33.5;33.64
635;3.112;4.62;22.39;33.5;33.76
636;3.112;4.62;22.39;33.38;35.17
637;3.111;4.62;22.39;33.5;33.87
638;3.111;4.62;22.39;33.5;33.87
639;3.111;4.62;22.39;33.61;33.87
640;3.111;4.62;22.39;33.5;33.87
641;3.11;4.62;22.39;33.5;33.76
642;3.111;4.62;22.39;33.5;33.87
643;3.112;4.62;22.39;33.61;33.87
644;3.112;4.62;22.39;33.61;33.87
645;3.114;4.62;22.39;33.5;33.87
646;3.114;4.62;22.39;33.61;34.11
647;3.113;4.62;22.39;33.5;33.99
648;3.111;4.62;22.39;33.61;33.99
649;3.111;4.62;22.39;33.61;33.87
650;3.11;4.62;22.39;33.61;34.23
651;3.108;4.62;22.39;33.61;34.11
652;3.109;4.62;22.49;33.61;33.87
653;3.108;4.62;22.39;33.5;34.11
654;3.108;4.62;22.39;33.61;33.99
655;3.108;4.62;22.39;33.72;34.23
656;3.109;4.62;22.39;33.72;33.99
657;3.112;4.62;22.39;33.72;34.11
658;3.111;4.62;22.39;33.72;34.11
659;3.11;4.62;22.39;33.72;34.23
660;3.109;4.62;22.39;33.72;34.11
661;3.109;4.62;22.29;33.72;34.11
662;3.108;4.62;22.39;33.72;34.11
663;3.108;4.62;22.39;33.72;34.11
664;3.108;4.62;22.39;33.83;34.11
665;3.108;4.62;22.39;33.83;34.23
666;3.11;4.62;22.39;33.83;34.11
667;3.109;4.62;22.39;33.94;33.87
668;3.109;4.62;22.39;33.83;34.23
669;3.109;4.62;22.29;33.83;34.11
670;3.109;4.62;22.39;33.83;34.23
671;3.11;4.62;22.39;33.83;34.23
672;3.11;4.62;22.39;33.94;34.23
673;3.109;4.62;22.39;33.83;34.23
674;3.108;4.62;22.39;34.17;34.23
675;3.107;4.62;22.39;33.94;32.72
676;3.109;4.62;22.39;33.94;34.23
677;3.108;4.62;22.39;33.94;34.23
678;3.107;4.62;22.39;33.83;34.23
679;3.107;4.62;22.39;33.94;34.23
680;3.107;4.62;22.39;33.94;33.87
681;3.107;4.62;22.39;33.94;34.23
682;3.106;4.62;22.39;33.83;34.11
683;3.105;4.62;22.39;33.94;34.34
684;3.107;4.62;22.39;34.17;34.11
685;3.108;4.62;22.29;34.06;35.65
686;3.109;4.62;22.39;33.94;34.11
687;3.108;4.62;22.39;34.06;34.34
688;3.107;4.62;22.29;33.94;34.23
689;3.107;4.62;22.39;33.94;34.34
690;3.107;4.62;22.39;34.06;34.34
691;3.106;4.62;22.29;34.06;34.34
692;3.106;4.62;22.39;33.94;33.87
693;3.105;4.62;22.39;33.94;34.34
694;3.106;4.62;22.39;34.06;33.99
695;3.106;4.62;22.39;34.17;34.34
696;3.105;4.62;22.39;34.06;34.23
697;3.104;4.62;22.39;34.06;34.46
698;3.104;4.62;22.39;34.17;34.34
699;3.103;4.62;22.39;34.17;34.46
700;3.103;4.62;22.39;34.06;34.46
701;3.103;4.62;22.39;34.17;34.46
702;3.102;4.62;22.39;34.17;34.58
703;3.101;4.62;22.39;34.17;34.46
704;3.1;4.62;22.39;34.17;34.58
705;3.098;4.62;22.39;34.17;34.46
706;3.097;4.62;22.39;34.28;34.34
707;3.097;4.62;22.39;34.17;34.58
708;3.097;4.62;22.39;34.17;34.7
709;3.094;4.62;22.39;34.28;34.46
710;3.095;4.62;22.39;34.28;34.58
711;3.095;4.62;22.39;34.28;34.58
712;3.093;4.62;22.39;34.28;34.58
713;3.092;4.62;22.39;34.4;34.46
714;3.092;4.62;22.29;34.28;34.58
715;3.092;4.62;22.39;34.06;34.81
716;3.092;4.62;22.39;34.28;34.58
717;3.091;4.62;22.39;34.28;34.58
718;3.091;4.62;22.39;34.06;34.7
719;3.09;4.62;22.39;34.28;34.7
720;3.088;4.62;22.39;34.4;34.7
721;3.087;4.62;22.39;34.4;34.7
722;3.085;4.62;22.49;34.4;34.7
723;3.087;4.62;22.39;34.4;34.7
724;3.087;4.62;22.39;34.28;34.81
725;3.087;4.62;22.39;34.4;34.7
726;3.085;4.62;22.39;34.4;34.7
727;3.085;4.62;22.39;34.4;34.7
728;3.083;4.62;22.39;34.4;34.7
729;3.083;4.62;22.39;34.28;34.7
730;3.086;4.62;22.39;34.51;34.81
731;3.086;4.62;22.39;34.51;34.81
732;3.086;4.62;22.39;34.51;34.81
733;3.087;4.62;22.39;34.4;34.81
734;3.088;4.62;22.39;34.28;34.23
735;3.087;4.62;22.39;34.51;34.81
736;3.087;4.62;22.39;34.51;34.81
737;3.086;4.62;22.39;34.62;34.93
738;3.086;4.62;22.39;34.51;34.81
739;3.085;4.62;22.39;34.62;34.93
740;3.085;4.62;22.39;34.51;35.05
741;3.085;4.62;22.39;34.62;34.81
742;3.085;4.62;22.39;34.62;34.81
743;3.084;4.62;22.39;34.62;34.81
744;3.084;4.62;22.39;34.62;34.81
745;3.083;4.62;22.39;34.74;33.06
746;3.083;4.62;22.39;34.62;35.17
747;3.082;4.62;22.39;34.62;34.93
748;3.082;4.62;22.39;34.62;34.93
749;3.082;4.62;22.39;34.51;34.93
750;3.081;4.62;22.39;34.62;34.93
751;3.081;4.62;22.39;34.62;34.93
752;3.08;4.62;22.39;34.74;34.93
753;3.079;4.62;22.39;34.62;35.05
754;3.079;4.62;22.39;34.74;34.93
755;3.078;4.62;22.29;34.51;34.81
756;3.076;4.62;22.39;34.74;35.05
757;3.076;4.62;22.39;34.62;34.93
758;3.075;4.62;22.39;34.74;35.05
759;3.076;4.62;22.39;34.74;34.81
760;3.078;4.62;22.39;34.74;34.81
761;3.077;4.62;22.39;34.74;35.05
762;3.077;4.62;22.39;34.85;35.05
763;3.076;4.62;22.39;34.74;35.05
764;3.078;4.62;22.39;34.85;35.05
765;3.078;4.62;22.39;34.85;35.17
766;3.077;4.62;22.39;34.74;35.17
767;3.078;4.62;22.39;34.74;35.05
768;3.077;4.62;22.39;34.74;35.17
769;3.077;4.62;22.39;34.85;35.05
770;3.075;4.62;22.39;34.85;35.05
771;3.075;4.62;22.39;34.85;35.17
772;3.075;4.62;22.39;34.85;35.17
773;3.075;4.62;22.39;34.62;34.81
774;3.074;4.62;22.39;34.85;35.17
775;3.073;4.62;22.39;34.96;35.17
776;3.072;4.62;22.39;34.85;35.17
777;3.072;4.62;22.39;34.85;35.41
778;3.072;4.62;22.39;34.96;35.17
779;3.072;4.62;22.39;34.96;33.87
780;3.071;4.62;22.39;34.85;35.29
781;3.071;4.62;22.39;34.96;35.17
782;3.07;4.62;22.39;34.96;35.29
783;3.069;4.62;22.39;34.96;35.29
784;3.068;4.62;22.39;34.85;35.29
785;3.067;4.62;22.39;34.96;35.05
786;3.068;4.62;22.39;33.61;35.29
787;3.07;4.62;22.39;35.08;35.53
788;3.07;4.62;22.39;34.51;35.29
789;3.069;4.62;22.39;35.08;35.05
790;3.069;4.62;22.39;35.08;35.29
791;3.068;4.62;22.39;35.08;35.29
792;3.067;4.62;22.39;35.08;35.29
793;3.066;4.62;22.39;35.08;35.29
794;3.066;4.62;22.39;34.85;35.29
795;3.066;4.62;22.39;35.42;35.29
796;3.066;4.62;22.39;35.76;35.17
797;3.066;4.62;22.39;35.08;35.41
798;3.066;4.62;22.39;35.08;35.29
799;3.067;4.62;22.39;35.08;35.29
800;3.066;4.62;22.39;35.08;35.29
801;3.066;4.62;22.39;35.19;35.41
802;3.065;4.62;22.39;35.19;35.77
803;3.066;4.62;22.39;35.08;35.41
804;3.066;4.62;22.39;35.19;35.41
805;3.065;4.62;22.39;35.19;35.41
806;3.065;4.62;22.39;35.19;35.89
807;3.065;4.62;22.39;35.19;35.41
808;3.065;4.62;22.39;35.19;35.29
809;3.065;4.62;22.39;35.53;35.53
810;3.064;4.62;22.39;35.19;35.41
811;3.064;4.62;22.39;35.19;35.65
812;3.065;4.62;22.39;35.19;35.53
813;3.065;4.62;22.39;35.08;35.65
814;3.065;4.62;22.39;35.3;35.53
815;3.064;4.62;22.39;35.19;35.53
816;3.063;4.62;22.39;35.42;35.29
817;3.062;4.62;22.39;35.42;35.41
818;3.061;4.62;22.39;35.19;35.53
819;3.061;4.62;22.39;35.3;35.53
820;3.061;4.62;22.39;35.3;35.65
821;3.06;4.62;22.39;35.3;35.53
822;3.059;4.62;22.39;35.3;35.53
823;3.058;4.62;22.39;35.3;35.77
824;3.056;4.62;22.39;35.3;35.41
825;3.056;4.62;22.39;35.3;35.65
826;3.055;4.62;22.39;35.3;35.53
827;3.055;4.62;22.39;35.3;35.65
828;3.056;4.62;22.39;35.42;35.65
829;3.057;4.62;22.39;35.3;35.65
830;3.056;4.62;22.39;35.42;35.65
831;3.055;4.62;22.39;35.42;35.65
832;3.054;4.62;22.39;35.42;35.65
833;3.054;4.62;22.39;35.42;35.65
834;3.053;4.62;22.39;35.3;35.65
835;3.05;4.62;22.39;35.42;35.77
836;3.05;4.62;22.39;35.42;35.65
837;3.048;4.62;22.39;35.42;35.53
838;3.048;4.62;22.39;35.53;35.53
839;3.049;4.62;22.39;35.53;35.77
840;3.05;4.62;22.39;35.53;35.65
841;3.049;4.62;22.39;35.53;35.65
842;3.05;4.62;22.39;35.53;35.65
843;3.05;4.62;22.39;35.53;35.77
844;3.049;4.62;22.39;35.76;35.41
845;3.048;4.62;22.39;35.42;35.89
846;3.047;4.62;22.39;35.42;35.77
847;3.046;4.62;22.39;35.42;35.89
848;3.05;4.62;22.39;35.53;35.77
849;3.049;4.62;22.49;35.53;35.77
850;3.049;4.62;22.39;35.53;35.89
851;3.048;4.62;22.29;35.53;35.77
852;3.048;4.62;22.39;35.65;35.77
853;3.048;4.62;22.39;35.53;35.77
854;3.047;4.62;22.39;35.53;35.77
855;3.048;4.62;22.39;35.65;35.77
856;3.047;4.62;22.39;35.65;36.13
857;3.048;4.62;22.39;35.65;36.01
858;3.047;4.62;22.39;35.65;35.77
859;3.048;4.62;22.39;35.53;35.89
860;3.048;4.62;22.39;35.65;35.77
861;3.047;4.62;22.39;35.65;35.89
862;3.047;4.62;22.39;35.76;35.89
863;3.047;4.62;22.39;35.53;35.65
864;3.046;4.62;22.39;35.65;35.65
865;3.046;4.62;22.39;35.76;35.89
866;3.046;4.62;22.39;35.65;35.89
867;3.045;4.62;22.39;35.53;36.01
868;3.044;4.62;22.39;35.76;35.89
869;3.039;4.62;22.39;35.76;35.89
870;3.038;4.62;22.39;35.76;35.89
871;3.038;4.62;22.39;35.76;35.89
872;3.039;4.62;22.39;35.76;35.89
873;3.039;4.62;22.39;35.76;35.89
874;3.038;4.62;22.49;35.76;36.01
875;3.037;4.62;22.39;35.76;36.01
876;3.037;4.62;22.39;35.76;36.01
877;3.037;4.62;22.39;35.76;35.89
878;3.037;4.62;22.39;35.88;36.01
879;3.038;4.62;22.39;35.65;35.77
880;3.039;4.62;22.39;35.76;36.01
881;3.039;4.62;22.39;35.76;36.01
882;3.038;4.62;22.39;35.99;35.89
883;3.038;4.62;22.39;35.88;36.37
884;3.038;4.62;22.39;35.88;36.13
885;3.038;4.62;22.39;35.88;36.01
886;3.036;4.62;22.39;35.88;36.25
887;3.032;4.62;22.39;35.88;36.01
888;3.031;4.62;22.39;36.11;36.13
889;3.026;4.62;22.39;35.88;36.37
890;3.024;4.62;22.39;35.88;36.13
891;3.025;4.62;22.39;35.88;36.13
892;3.028;4.62;22.29;35.99;36.01
893;3.03;4.62;22.39;35.88;36.25
894;3.032;4.62;22.39;35.99;36.13
895;3.031;4.62;22.39;36.11;36.13
896;3.032;4.62;22.39;35.99;36.13
897;3.031;4.62;22.39;35.99;36.13
898;3.033;4.62;22.39;35.99;36.13
899;3.032;4.62;22.39;35.99;36.13
900;3.03;4.62;22.49;35.99;36.25
901;3.028;4.62;22.39;35.99;36.25
902;3.029;4.62;22.39;35.99;36.49
903;3.027;4.62;22.39;35.99;36.37
904;3.026;4.62;22.39;35.99;36.25
905;3.025;4.62;22.39;35.99;36.25
906;3.019;4.62;22.39;36.11;36.25
907;3.016;4.62;22.39;36.11;36.25
908;3.016;4.62;22.39;36.11;36.13
909;3.022;4.62;22.49;36.11;36.25
910;3.021;4.62;22.39;36.11;36.25
911;3.022;4.62;22.49;36.11;36.25
912;3.023;4.62;22.39;36.22;36.25
913;3.023;4.62;22.49;36.11;36.25
914;3.023;4.62;22.49;36.11;36.25
915;3.023;4.62;22.39;36.11;36.49
916;3.023;4.62;22.49;36.11;36.37
917;3.023;4.62;22.49;36.11;36.25
918;3.022;4.62;22.39;36.11;36.25
919;3.021;4.62;22.39;36.11;36.37
920;3.021;4.62;22.49;36.22;36.37
921;3.021;4.62;22.39;36.22;36.37
922;3.02;4.62;22.39;36.22;36.37
923;3.02;4.62;22.39;36.22;36.74
924;3.018;4.62;22.39;36.22;36.25
925;3.024;4.62;22.39;36.22;36.37
926;3.023;4.62;22.49;36.22;36.37
927;3.023;4.62;22.49;36.34;36.49
928;3.022;4.62;22.49;36.22;36.37
929;3.022;4.62;22.39;36.57;36.49
930;3.021;4.62;22.49;36.22;36.37
931;3.022;4.62;22.39;36.11;36.37
932;3.02;4.62;22.49;36.22;36.49
933;3.02;4.62;22.49;36.34;36.49
934;3.02;4.62;22.39;36.34;36.37
935;3.02;4.62;22.49;36.22;36.37
936;3.02;4.62;22.49;36.34;36.49
937;3.019;4.62;22.39;36.34;36.49
938;3.019;4.62;22.39;36.22;36.49
939;3.018;4.62;22.49;36.22;36.37
940;3.018;4.62;22.39;36.46;36.61
941;3.017;4.62;22.49;36.34;36.74
942;3.017;4.62;22.49;36.34;36.49
943;3.016;4.62;22.39;36.34;36.49
944;3.016;4.62;22.49;36.34;36.49
945;3.015;4.62;22.49;36.34;36.37
946;3.016;4.62;22.49;36.22;36.49
947;3.015;4.62;22.49;36.34;34.93
948;3.016;4.62;22.39;36.34;36.61
949;3.015;4.62;22.7;36.34;36.61
950;3.014;4.62;22.49;36.46;36.61
951;3.013;4.62;22.49;36.46;36.61
952;3.013;4.62;22.39;36.46;36.49
953;3.013;4.62;22.49;36.46;36.61
954;3.012;4.62;22.49;36.46;36.61
955;3.011;4.62;22.49;36.22;36.49
956;3.01;4.62;22.49;36.46;36.49
957;3.009;4.62;22.49;36.46;36.74
958;3.006;4.62;22.49;36.46;36.74
959;3.005;4.62;22.49;36.46;36.74
960;3.006;4.62;22.49;36.34;36.74
961;3.006;4.62;22.49;36.57;36.61
962;3.004;4.62;22.49;36.34;36.74
963;3.004;4.62;22.49;36.46;36.98
964;3.004;4.62;22.39;36.46;36.37
965;3.005;4.62;22.49;36.57;36.61
966;3.005;4.62;22.49;36.46;36.74
967;3.004;4.62;22.39;36.57;36.74
968;3.003;4.62;22.49;36.57;36.49
969;3.003;4.62;22.19;36.57;36.61
970;3.002;4.62;22.39;36.57;36.61
971;3.002;4.62;22.49;36.57;36.74
972;3.002;4.62;22.39;36.57;36.74
973;3.002;4.62;22.49;36.57;36.74
974;3.002;4.62;22.39;36.57;36.74
975;3.001;4.62;22.49;36.57;36.74
976;3.001;4.62;22.49;36.57;36.86
977;3.0;4.62;22.39;36.57;36.86
978;3.0;4.62;22.49;36.57;36.74
979;2.999;4.62;22.39;36.69;36.74
980;2.998;4.62;22.49;36.69;36.86
981;2.997;4.62;22.39;36.69;36.74
982;2.998;4.62;22.39;36.69;36.61
983;2.997;4.62;22.39;36.57;37.1
984;2.997;4.62;22.49;36.69;36.86
985;2.997;4.62;22.39;36.57;37.1
986;2.996;4.62;22.39;36.69;36.86
987;2.997;4.62;22.39;36.69;37.23
988;2.996;4.62;22.39;36.69;36.86
989;2.995;4.62;22.39;36.69;36.74
990;2.996;4.62;22.29;36.69;36.86
991;2.995;4.62;22.39;36.81;36.86
992;2.995;4.62;22.39;36.81;36.98
993;2.995;4.62;22.39;36.81;36.86
994;2.994;4.62;22.39;36.81;36.86
995;2.994;4.62;22.39;36.81;36.86
996;2.994;4.62;22.49;36.69;37.1
997;2.993;4.62;22.39;36.81;36.98
998;2.992;4.62;22.39;36.69;36.98
999;2.992;4.62;22.49;37.04;36.74
1000;2.992;4.62;22.39;36.81;36.98
1001;2.991;4.62;22.39;36.81;36.98
1002;2.991;4.62;22.39;36.81;36.98
1003;2.99;4.62;22.39;36.81;36.98
1004;2.988;4.62;22.39;36.81;36.86
1005;2.987;4.62;22.39;36.81;37.1
1006;2.986;4.62;22.39;36.81;36.98
1007;2.985;4.62;22.39;37.04;36.74
1008;2.984;4.62;22.49;36.69;37.1
1009;2.984;4.62;22.39;36.92;36.98
1010;2.98;4.62;22.39;36.81;36.98
1011;2.984;4.62;22.39;37.04;36.98
1012;2.985;4.62;22.39;36.81;36.98
1013;2.984;4.62;22.39;37.04;35.05
1014;2.983;4.62;22.39;36.92;37.1
1015;2.982;4.62;22.39;36.92;36.98
1016;2.983;4.62;22.39;36.81;36.86
1017;2.983;4.62;22.39;36.92;37.1
1018;2.983;4.62;22.39;36.92;36.98
1019;2.981;4.62;22.39;36.92;36.98
1020;2.98;4.62;22.39;36.92;36.86
1021;2.98;4.62;22.39;36.92;37.23
1022;2.979;4.62;22.39;36.92;37.1
1023;2.981;4.62;22.39;37.04;37.1
1024;2.982;4.62;22.39;36.92;37.1
1025;2.982;4.62;22.39;36.92;37.23
1026;2.983;4.62;22.39;37.04;37.1
1027;2.982;4.62;22.39;37.04;37.1
1028;2.981;4.62;22.39;37.04;36.98
1029;2.98;4.62;22.39;37.04;37.23
1030;2.979;4.62;22.39;37.04;37.1
1031;2.978;4.62;22.39;37.04;37.23
1032;2.978;4.62;22.39;37.04;37.23
1033;2.977;4.62;22.49;36.92;37.35
1034;2.977;4.62;22.39;37.04;37.23
1035;2.976;4.62;22.39;37.04;37.23
1036;2.974;4.62;22.39;37.04;35.29
1037;2.974;4.62;22.39;37.04;37.35
1038;2.978;4.62;22.39;37.04;37.23
1039;2.978;4.62;22.39;37.04;37.35
1040;2.977;4.62;22.39;37.04;37.23
1041;2.977;4.62;22.39;37.16;37.23
1042;2.976;4.62;22.39;37.16;37.1
1043;2.976;4.62;22.39;37.16;37.23
1044;2.975;4.62;22.39;37.16;37.23
1045;2.975;4.62;22.39;37.27;37.23
1046;2.975;4.62;22.39;37.16;37.23
1047;2.974;4.62;22.39;37.16;37.35
1048;2.974;4.62;22.39;37.16;37.1
1049;2.968;4.62;22.39;37.16;37.23
1050;2.968;4.62;22.39;37.16;37.1
1051;2.969;4.62;22.39;37.04;37.23
1052;2.968;4.62;22.39;37.16;37.35
1053;2.968;4.62;22.39;37.16;34.93
1054;2.966;4.62;22.39;37.16;37.35
1055;2.966;4.62;22.39;37.39;37.97
1056;2.965;4.62;22.39;37.16;37.47
1057;2.966;4.62;22.39;37.27;37.35
1058;2.966;4.62;22.39;37.16;37.35
1059;2.965;4.62;22.39;37.27;37.23
1060;2.964;4.62;22.39;36.81;37.23
1061;2.964;4.62;22.39;37.27;37.35
1062;2.965;4.62;22.39;37.27;37.47
1063;2.966;4.62;22.29;37.27;37.35
1064;2.965;4.62;22.39;37.27;38.22
1065;2.965;4.62;22.39;37.27;37.47
1066;2.965;4.62;22.39;37.27;37.35
1067;2.966;4.62;22.39;37.27;37.47
1068;2.964;4.62;22.39;37.51;37.47
1069;2.963;4.62;22.39;37.39;37.35
1070;2.962;4.62;22.39;37.27;37.47
1071;2.962;4.62;22.39;37.39;37.35
1072;2.962;4.62;22.39;37.39;37.47
1073;2.961;4.62;22.39;37.27;37.47
1074;2.96;4.62;22.49;37.16;37.6
1075;2.96;4.62;22.39;37.39;37.47
1076;2.959;4.62;22.39;37.39;37.47
1077;2.959;4.62;22.39;37.39;37.47
1078;2.96;4.62;22.39;37.39;37.47
1079;2.961;4.62;22.39;37.39;37.47
1080;2.959;4.62;22.39;37.39;37.47
1081;2.958;4.62;22.39;37.27;37.23
1082;2.958;4.62;22.39;37.51;37.6
1083;2.958;4.62;22.39;37.39;37.6
1084;2.958;4.62;22.39;37.51;37.6
1085;2.957;4.62;22.39;37.39;37.47
1086;2.956;4.62;22.39;37.39;37.84
1087;2.956;4.62;22.39;37.63;37.47
1088;2.955;4.62;22.39;37.74;37.97
1089;2.955;4.62;22.39;37.51;37.6
1090;2.955;4.62;22.39;37.51;37.6
1091;2.954;4.62;22.39;37.51;37.6
1092;2.954;4.62;22.6;37.98;37.35
1093;2.954;4.62;22.39;37.51;37.6
1094;2.954;4.62;22.39;37.51;37.6
1095;2.955;4.62;22.39;37.63;37.97
1096;2.953;4.62;22.49;37.51;37.6
1097;2.953;4.62;22.39;37.51;37.72
1098;2.952;4.62;22.39;37.51;37.47
1099;2.953;4.62;22.39;37.51;37.72
1100;2.951;4.62;22.39;37.63;38.34
1101;2.948;4.62;22.49;37.51;37.6
1102;2.949;4.62;22.39;37.63;37.72
1103;2.948;4.62;22.39;37.51;37.84
1104;2.947;4.62;22.39;37.63;37.6
1105;2.947;4.62;22.39;37.63;37.72
1106;2.946;4.62;22.39;37.63;37.6
1107;2.945;4.62;22.39;37.51;37.84
1108;2.945;4.62;22.39;37.63;37.72
1109;2.944;4.62;22.39;37.63;37.72
1110;2.944;4.62;22.39;37.63;37.72
1111;2.942;4.62;22.39;37.63;37.72
1112;2.942;4.62;22.39;37.63;37.97
1113;2.941;4.62;22.39;37.63;37.72
1114;2.941;4.62;22.39;37.51;37.6
1115;2.941;4.62;22.39;37.63;37.72
1116;2.942;4.62;22.39;37.86;38.09
1117;2.942;4.62;22.39;37.86;37.72
1118;2.943;4.62;22.39;37.74;37.72
1119;2.942;4.62;22.39;37.63;37.72
1120;2.943;4.62;22.39;37.63;37.72
1121;2.942;4.62;22.39;37.63;37.72
1122;2.942;4.62;22.39;37.74;37.72
1123;2.941;4.62;22.39;37.74;37.84
1124;2.939;4.62;22.39;37.86;37.6
1125;2.939;4.62;22.39;37.74;39.74
1126;2.938;4.62;22.39;37.74;37.72
1127;2.938;4.62;22.39;37.74;37.84
1128;2.938;4.62;22.39;37.74;37.84
1129;2.938;4.62;22.39;37.74;37.72
1130;2.937;4.62;22.39;37.74;37.84
1131;2.936;4.62;22.39;37.74;37.72
1132;2.936;4.62;22.39;37.74;38.09
1133;2.938;4.62;22.39;37.74;37.84
1134;2.937;4.62;22.39;37.74;37.84
1135;2.936;4.62;22.39;37.74;37.84
1136;2.934;4.62;22.39;37.74;37.84
1137;2.935;4.62;22.39;37.74;37.84
1138;2.935;4.62;22.39;37.86;37.97
1139;2.933;4.62;22.39;37.86;37.84
1140;2.932;4.62;22.39;37.74;37.84
1141;2.932;4.62;22.39;37.86;37.97
1142;2.935;4.62;22.29;37.86;37.72
1143;2.936;4.62;22.39;37.86;37.84
1144;2.936;4.62;22.39;37.74;38.09
1145;2.935;4.62;22.39;37.86;37.97
1146;2.935;4.62;22.39;37.86;37.97
1147;2.935;4.62;22.39;37.86;38.09
1148;2.935;4.62;22.39;37.86;37.97
1149;2.934;4.62;22.39;37.98;38.09
1150;2.934;4.62;22.39;37.86;37.97
1151;2.933;4.62;22.39;37.86;37.84
1152;2.933;4.62;22.39;37.86;37.97
1153;2.932;4.62;22.39;37.86;37.97
1154;2.932;4.62;22.39;37.86;37.97
1155;2.932;4.62;22.39;37.86;37.97
1156;2.932;4.62;22.39;37.98;37.97
1157;2.931;4.62;22.39;38.22;37.97
1158;2.93;4.62;22.39;37.98;37.97
1159;2.93;4.62;22.39;38.1;37.97
1160;2.93;4.62;22.39;37.86;38.09
1161;2.929;4.62;22.39;37.98;37.97
1162;2.928;4.62;22.39;37.98;37.97
1163;2.928;4.62;22.39;37.98;37.97
1164;2.928;4.62;22.39;38.1;38.22
1165;2.927;4.62;22.49;38.1;38.09
1166;2.926;4.62;22.39;38.1;38.09
1167;2.926;4.62;22.39;38.46;38.72
1168;2.926;4.62;22.39;37.98;38.09
1169;2.926;4.62;22.39;38.22;37.97
1170;2.925;4.62;22.39;37.98;37.97
1171;2.923;4.62;22.39;37.98;38.09
1172;2.923;4.62;22.39;37.98;38.09
1173;2.922;4.62;22.39;37.86;38.22
1174;2.922;4.62;22.39;37.98;38.09
1175;2.921;4.62;22.39;38.1;38.09
1176;2.921;4.62;22.39;38.1;38.09
1177;2.921;4.62;22.39;38.22;38.22
1178;2.92;4.62;22.39;38.1;38.22
1179;2.919;4.62;22.39;38.1;38.09
1180;2.92;4.62;22.39;38.1;38.22
1181;2.92;4.62;22.39;38.1;38.22
1182;2.919;4.62;22.39;38.1;38.34
1183;2.919;4.62;22.39;38.1;38.09
1184;2.918;4.62;22.39;38.22;38.09
1185;2.917;4.62;22.39;38.1;38.22
1186;2.917;4.62;22.39;38.22;37.97
1187;2.918;4.62;22.39;37.86;37.97
1188;2.917;4.62;22.39;38.22;38.22
1189;2.917;4.62;22.39;38.22;38.09
1190;2.917;4.62;22.39;38.1;38.47
1191;2.916;4.62;22.39;38.22;38.34
1192;2.916;4.62;22.39;38.22;38.22
1193;2.916;4.62;22.39;38.22;38.22
1194;2.916;4.62;22.49;38.7;38.22
1195;2.915;4.62;22.7;38.22;38.34
1196;2.915;4.62;22.39;38.22;38.09
1197;2.914;4.62;22.39;38.1;38.47
1198;2.914;4.62;22.39;38.22;38.22
1199;2.914;4.62;22.39;38.34;37.97
1200;2.914;4.62;22.39;38.1;38.34
1201;2.913;4.62;22.49;38.1;38.34
1202;2.914;4.62;22.49;38.22;38.34
1203;2.914;4.62;22.39;38.22;38.22
1204;2.914;4.62;22.39;38.22;38.47
1205;2.914;4.62;22.39;38.22;38.34
1206;2.913;4.62;22.39;38.34;38.34
1207;2.913;4.62;22.39;38.34;38.34
1208;2.913;4.62;22.39;38.22;38.34
1209;2.912;4.62;22.39;38.34;38.22
1210;2.912;4.62;22.39;38.1;38.34
1211;2.911;4.62;22.39;38.46;38.34
1212;2.91;4.62;22.39;38.22;38.47
1213;2.909;4.62;22.39;38.22;38.6
1214;2.909;4.62;22.39;38.34;38.34
1215;2.909;4.62;22.39;38.34;38.47
1216;2.909;4.62;22.39;38.34;38.34
1217;2.909;4.62;22.39;38.34;38.34
1218;2.909;4.62;22.39;38.34;38.6
1219;2.908;4.62;22.39;38.34;38.34
1220;2.907;4.62;22.39;38.34;38.34
1221;2.907;4.62;22.39;38.46;37.84
1222;2.907;4.62;22.49;38.34;38.47
1223;2.906;4.62;22.39;38.46;38.47
1224;2.905;4.62;22.39;38.34;38.6
1225;2.905;4.62;22.39;38.34;38.47
1226;2.904;4.62;22.49;38.34;38.34
1227;2.904;4.62;22.39;38.46;38.34
1228;2.903;4.62;22.39;38.34;38.72
1229;2.902;4.62;22.39;37.86;38.22
1230;2.901;4.62;22.7;38.46;38.47
1231;2.9;4.62;22.39;38.46;38.47
1232;2.899;4.62;22.39;38.46;38.47
1233;2.898;4.62;22.39;38.58;37.97
1234;2.897;4.62;22.39;38.58;38.47
1235;2.897;4.62;22.39;38.46;38.47
1236;2.896;4.62;22.39;38.46;38.47
1237;2.895;4.62;22.49;38.46;38.47
1238;2.895;4.62;22.39;38.34;38.34
1239;2.894;4.62;22.39;38.58;38.72
1240;2.894;4.62;22.39;38.46;38.34
1241;2.894;4.62;22.39;38.46;38.6
1242;2.893;4.62;22.39;38.58;38.47
1243;2.892;4.62;22.39;38.46;38.47
1244;2.892;4.62;22.49;38.58;38.47
1245;2.892;4.62;22.39;38.7;38.47
1246;2.891;4.62;22.39;38.46;38.47
1247;2.889;4.62;22.39;38.46;38.6
1248;2.889;4.62;22.39;38.7;38.47
1249;2.888;4.62;22.39;38.58;38.6
1250;2.887;4.62;22.39;38.58;38.6
1251;2.887;4.62;22.39;38.46;38.47
1252;2.886;4.62;22.39;38.82;38.6
1253;2.886;4.62;22.39;38.58;38.6
1254;2.886;4.62;22.49;38.7;38.6
1255;2.886;4.62;22.39;38.58;38.6
1256;2.886;4.62;22.39;38.58;38.6
1257;2.886;4.62;22.39;38.58;38.6
1258;2.885;4.62;22.39;38.58;38.47
1259;2.885;4.62;22.39;38.7;38.6
1260;2.885;4.62;22.49;38.22;38.6
1261;2.885;4.62;22.49;38.58;38.72
1262;2.885;4.62;22.39;38.58;38.6
1263;2.883;4.62;22.39;38.7;38.6
1264;2.883;4.62;22.39;38.58;38.6
1265;2.883;4.62;22.39;38.7;38.72
1266;2.883;4.62;22.39;38.82;38.72
1267;2.882;4.62;22.39;38.7;38.72
1268;2.882;4.62;22.39;38.7;38.6
1269;2.883;4.62;22.39;38.7;38.72
1270;2.883;4.62;22.39;38.7;38.72
1271;2.882;4.62;22.39;38.82;38.72
1272;2.882;4.62;22.39;38.7;38.85
1273;2.881;4.62;22.39;38.82;38.85
1274;2.88;4.62;22.39;38.7;38.72
1275;2.88;4.62;22.39;38.58;38.72
1276;2.878;4.62;22.39;38.82;38.72
1277;2.878;4.62;22.39;38.82;38.72
1278;2.877;4.62;22.39;38.82;36.74
1279;2.877;4.62;22.39;38.82;38.98
1280;2.877;4.62;22.39;38.58;39.1
1281;2.877;4.62;22.39;38.7;38.72
1282;2.878;4.62;22.39;38.82;38.85
1283;2.877;4.62;22.39;38.7;38.72
1284;2.877;4.62;22.39;38.82;38.72
1285;2.876;4.62;22.39;38.7;38.6
1286;2.875;4.62;22.39;38.82;38.6
1287;2.874;4.62;22.39;38.7;38.72
1288;2.874;4.62;22.39;38.7;38.72
1289;2.874;4.62;22.39;38.94;38.98
1290;2.873;4.62;22.49;38.7;38.6
1291;2.873;4.62;22.39;39.3;38.72
1292;2.872;4.62;22.49;38.82;38.85
1293;2.871;4.62;22.39;38.82;39.23
1294;2.874;4.62;22.39;39.18;38.85
1295;2.872;4.62;22.39;38.82;38.72
1296;2.871;4.62;22.39;38.82;38.98
1297;2.871;4.62;22.39;38.7;38.85
1298;2.872;4.62;22.49;38.7;38.85
1299;2.873;4.62;22.39;38.82;39.1
1300;2.872;4.62;22.39;38.94;38.85
1301;2.873;4.62;22.39;38.82;38.72
1302;2.872;4.62;22.39;38.82;38.85
1303;2.873;4.62;22.39;38.94;38.85
1304;2.873;4.62;22.39;38.94;38.72
1305;2.874;4.62;22.39;38.82;38.72
1306;2.872;4.62;22.39;38.82;38.6
1307;2.873;4.62;22.39;38.94;38.98
1308;2.872;4.62;22.39;38.94;38.72
1309;2.871;4.62;22.39;38.94;38.98
1310;2.87;4.62;22.39;38.94;40.52
1311;2.869;4.62;22.39;38.82;38.6
1312;2.869;4.62;22.39;38.94;38.98
1313;2.868;4.62;22.39;38.94;38.98
1314;2.867;4.62;22.39;38.94;38.98
1315;2.866;4.62;22.39;38.94;38.98
1316;2.868;4.62;22.39;38.82;39.23
1317;2.867;4.62;22.39;38.94;38.98
1318;2.867;4.62;22.39;38.94;38.98
1319;2.867;4.62;22.29;38.94;38.98
1320;2.868;4.62;22.39;39.06;38.98
1321;2.868;4.62;22.39;39.06;38.85
1322;2.867;4.62;22.39;38.94;38.98
1323;2.866;4.62;22.49;39.06;39.1
1324;2.865;4.62;22.39;38.94;38.98
1325;2.864;4.62;22.39;39.06;39.23
1326;2.866;4.62;22.39;38.82;38.72
1327;2.865;4.62;22.39;39.06;39.1
1328;2.865;4.62;22.39;39.06;38.98
1329;2.864;4.62;22.49;39.06;38.98
1330;2.865;4.62;22.39;39.06;39.23
1331;2.865;4.62;22.39;39.06;39.1
1332;2.865;4.62;22.39;39.06;39.1
1333;2.865;4.62;22.39;39.06;39.1
1334;2.865;4.62;22.39;39.06;39.1
1335;2.864;4.62;22.39;40.03;39.1
1336;2.864;4.62;22.39;39.3;38.98
1337;2.865;4.62;22.39;39.06;38.98
1338;2.864;4.62;22.39;39.18;39.23
1339;2.865;4.62;22.39;39.18;38.6
1340;2.865;4.62;22.39;39.18;38.98
1341;2.863;4.62;22.39;39.18;39.1
1342;2.863;4.62;22.39;39.18;39.1
1343;2.862;4.62;22.39;39.18;39.1
1344;2.862;4.62;22.39;39.18;39.23
1345;2.862;4.62;22.39;39.06;39.23
1346;2.861;4.62;22.39;39.18;39.1
1347;2.86;4.62;22.39;39.3;39.23
1348;2.859;4.62;22.39;39.18;39.1
1349;2.859;4.62;22.49;39.06;39.1
1350;2.857;4.62;22.39;39.18;38.98
1351;2.858;4.62;22.39;39.18;39.23
1352;2.857;4.62;22.39;39.18;38.98
1353;2.857;4.62;22.39;39.3;39.23
1354;2.855;4.62;22.39;39.42;39.36
1355;2.854;4.62;22.39;39.18;39.23
1356;2.855;4.62;22.39;39.18;39.49
1357;2.855;4.62;22.39;39.3;39.23
1358;2.854;4.62;22.39;39.3;39.23
1359;2.854;4.62;22.39;39.06;39.23
1360;2.856;4.62;22.39;39.3;39.23
1361;2.856;4.62;22.39;39.3;39.23
1362;2.855;4.62;22.39;39.18;39.23
1363;2.857;4.62;22.39;39.3;39.36
1364;2.855;4.62;22.39;39.3;39.23
1365;2.854;4.62;22.39;39.3;39.23
1366;2.852;4.62;22.39;39.3;39.1
1367;2.847;4.62;22.39;39.3;39.23
1368;2.846;4.62;22.39;39.3;39.23
1369;2.843;4.62;22.39;39.3;39.23
1370;2.841;4.62;22.39;39.3;39.23
1371;2.842;4.62;22.39;39.3;39.36
1372;2.844;4.62;22.39;39.3;39.36
1373;2.843;4.62;22.39;39.42;39.23
1374;2.843;4.62;22.39;39.66;39.49
1375;2.843;4.62;22.39;39.42;39.36
1376;2.842;4.62;22.39;39.42;39.1
1377;2.84;4.62;22.39;39.42;39.36
1378;2.842;4.62;22.39;39.42;39.36
1379;2.842;4.62;22.39;39.42;38.98
1380;2.842;4.62;22.39;39.42;39.36
1381;2.842;4.62;22.39;39.42;39.23
1382;2.841;4.62;22.39;39.42;39.36
1383;2.839;4.62;22.39;39.42;39.23
1384;2.84;4.62;22.39;39.42;39.36
1385;2.84;4.62;22.39;39.42;39.36
1386;2.838;4.62;22.39;39.42;39.61
1387;2.838;4.62;22.39;39.42;39.36
1388;2.838;4.62;22.39;39.42;39.36
1389;2.838;4.62;22.39;39.42;39.49
1390;2.838;4.62;22.39;39.42;39.49
1391;2.838;4.62;22.39;39.42;39.61
1392;2.838;4.62;22.39;39.42;39.49
1393;2.84;4.62;22.39;39.3;39.36
1394;2.84;4.62;22.39;39.42;39.49
1395;2.84;4.62;22.49;39.42;39.74
1396;2.841;4.62;22.39;39.54;39.49
1397;2.842;4.62;22.39;39.54;39.23
1398;2.84;4.62;22.39;39.42;39.23
1399;2.839;4.62;22.39;39.54;39.36
1400;2.837;4.62;22.39;39.54;39.49
1401;2.837;4.62;22.39;39.54;39.61
1402;2.836;4.62;22.39;39.54;39.49
1403;2.836;4.62;22.39;39.66;39.49
1404;2.835;4.62;22.39;39.54;39.49
1405;2.832;4.62;22.39;39.78;39.36
1406;2.832;4.62;22.39;39.54;39.49
1407;2.832;4.62;22.39;39.54;39.49
1408;2.83;4.62;22.39;39.54;39.49
1409;2.829;4.62;22.39;39.54;39.49
1410;2.829;4.62;22.39;39.54;39.87
1411;2.831;4.62;22.39;39.42;39.74
1412;2.833;4.62;22.39;39.78;39.61
1413;2.833;4.62;22.39;39.54;39.49
1414;2.833;4.62;22.39;39.66;39.49
1415;2.832;4.62;22.39;39.66;39.61
1416;2.832;4.62;22.39;39.54;39.61
1417;2.832;4.62;22.39;39.78;39.49
1418;2.831;4.62;22.39;39.54;39.49
1419;2.83;4.62;22.39;39.66;39.49
1420;2.829;4.62;22.39;39.54;39.61
1421;2.83;4.62;22.39;39.54;39.61
1422;2.83;4.62;22.39;39.66;39.61
1423;2.831;4.62;22.39;39.66;39.61
1424;2.832;4.62;22.39;39.66;39.61
1425;2.83;4.62;22.39;39.66;39.61
1426;2.828;4.62;22.39;39.66;39.61
1427;2.83;4.62;22.39;39.54;39.74
1428;2.828;4.62;22.39;39.66;39.61
1429;2.828;4.62;22.39;39.54;39.61
1430;2.828;4.62;22.39;39.66;39.74
1431;2.831;4.62;22.39;39.78;39.61
1432;2.831;4.62;22.39;39.66;39.74
1433;2.831;4.62;22.39;39.54;39.87
1434;2.829;4.62;22.39;39.66;39.74
1435;2.824;4.62;22.39;39.78;39.61
1436;2.826;4.62;22.39;39.66;39.36
1437;2.826;4.62;22.39;39.66;39.61
1438;2.826;4.62;22.39;39.66;39.74
1439;2.824;4.62;22.39;39.78;39.74
1440;2.823;4.62;22.39;39.78;39.74
1441;2.822;4.62;22.39;39.78;39.74
1442;2.829;4.62;22.39;39.91;39.74
1443;2.83;4.62;22.49;39.91;39.74
1444;2.829;4.62;22.49;39.78;37.47
1445;2.829;4.62;22.39;39.54;39.74
1446;2.828;4.62;22.39;39.78;39.74
1447;2.827;4.62;22.39;39.78;40.39
1448;2.825;4.62;22.39;39.78;39.74
1449;2.824;4.62;22.49;39.78;39.74
1450;2.824;4.62;22.39;39.91;39.74
1451;2.824;4.62;22.39;39.91;39.87
1452;2.824;4.62;22.39;39.78;39.74
1453;2.824;4.62;22.39;39.78;39.74
1454;2.823;4.62;22.39;39.78;39.74
1455;2.823;4.62;22.39;39.78;39.74
1456;2.823;4.62;22.39;39.91;39.74
1457;2.823;4.62;22.39;39.78;39.1
1458;2.825;4.62;22.39;39.78;39.87
1459;2.824;4.62;22.39;39.91;39.87
1460;2.824;4.62;22.39;39.91;39.87
1461;2.824;4.62;22.39;40.77;39.61
1462;2.823;4.62;22.39;39.91;39.87
1463;2.823;4.62;22.39;39.91;39.87
1464;2.823;4.62;22.39;39.91;39.74
1465;2.822;4.62;22.39;39.91;39.87
1466;2.821;4.62;22.39;39.91;40.0
1467;2.82;4.62;22.39;39.91;39.87
1468;2.821;4.62;22.39;39.91;39.87
1469;2.819;4.62;22.39;39.91;39.74
1470;2.819;4.62;22.39;40.03;39.74
1471;2.818;4.62;22.39;40.03;40.26
1472;2.817;4.62;22.39;39.91;39.87
1473;2.817;4.62;22.49;40.03;40.0
1474;2.817;4.62;22.39;40.03;39.87
1475;2.816;4.62;22.39;39.91;40.0
1476;2.815;4.62;22.39;39.91;40.0
1477;2.814;4.62;22.39;40.03;39.87
1478;2.814;4.62;22.39;40.03;40.13
1479;2.812;4.62;22.39;40.03;39.74
1480;2.813;4.62;22.39;39.91;40.0
1481;2.811;4.62;22.39;40.15;40.0
1482;2.809;4.62;22.39;39.91;40.0
1483;2.807;4.62;22.39;40.03;39.87
1484;2.806;4.62;22.39;39.91;40.26
1485;2.808;4.62;22.39;40.03;40.0
1486;2.811;4.62;22.39;40.15;40.0
1487;2.811;4.62;22.39;40.03;40.0
1488;2.811;4.62;22.39;39.91;39.74
1489;2.81;4.62;22.39;40.03;40.0
1490;2.811;4.62;22.39;39.91;39.87
1491;2.813;4.62;22.39;40.03;40.0
1492;2.81;4.62;22.39;40.03;40.0
1493;2.811;4.62;22.39;40.03;40.0
1494;2.811;4.62;22.39;40.15;40.13
1495;2.811;4.62;22.39;40.15;40.0
1496;2.81;4.62;22.39;40.15;40.26
1497;2.81;4.62;22.39;40.15;40.0
1498;2.809;4.62;22.39;40.15;40.13
1499;2.808;4.62;22.39;39.91;40.0
1500;2.808;4.62;22.39;40.15;40.0
1501;2.809;4.62;22.39;40.15;40.0
1502;2.808;4.62;22.39;40.15;40.0
1503;2.81;4.62;22.39;40.15;39.61
1504;2.81;4.62;22.39;40.15;40.0
1505;2.809;4.62;22.39;40.27;40.0
1506;2.809;4.62;22.39;40.15;40.0
1507;2.809;4.62;22.39;40.15;40.0
1508;2.808;4.62;22.39;40.27;39.87
1509;2.807;4.62;22.39;40.27;40.13
1510;2.808;4.62;22.49;40.27;40.0
1511;2.808;4.62;22.39;40.15;40.13
1512;2.807;4.62;22.39;40.27;40.13
1513;2.806;4.62;22.39;40.27;40.13
1514;2.806;4.62;22.39;40.15;40.13
1515;2.805;4.62;22.39;40.27;40.13
1516;2.805;4.62;22.39;40.15;40.0
1517;2.805;4.62;22.39;40.27;40.13
1518;2.805;4.62;22.39;40.15;40.13
1519;2.806;4.62;22.39;40.15;40.0
1520;2.805;4.62;22.49;40.15;40.13
1521;2.805;4.62;22.39;40.4;40.0
1522;2.804;4.62;22.39;40.27;40.13
1523;2.803;4.62;22.39;40.27;40.13
1524;2.804;4.62;22.39;40.15;40.26
1525;2.804;4.62;22.39;40.15;40.13
1526;2.802;4.62;22.39;40.27;40.13
1527;2.8;4.62;22.39;40.27;40.26
1528;2.799;4.62;22.39;40.27;40.13
1529;2.799;4.62;22.39;40.27;40.13
1530;2.801;4.62;22.39;40.4;40.26
1531;2.8;4.62;22.39;40.4;40.26
1532;2.8;4.62;22.39;40.52;40.26
1533;2.8;4.62;22.39;40.27;40.26
1534;2.8;4.62;22.39;40.4;40.26
1535;2.799;4.62;22.39;40.4;40.13
1536;2.799;4.62;22.39;40.4;40.26
1537;2.799;4.62;22.39;40.4;40.13
1538;2.798;4.62;22.39;40.4;40.26
1539;2.798;4.62;22.39;40.4;40.26
1540;2.798;4.62;22.39;40.15;40.0
1541;2.797;4.62;22.39;40.4;40.26
1542;2.796;4.62;22.39;40.4;40.26
1543;2.795;4.62;22.39;40.4;40.13
1544;2.794;4.62;22.39;40.52;40.13
1545;2.793;4.62;22.39;40.4;40.39
1546;2.79;4.62;22.39;40.27;40.39
1547;2.79;4.62;22.39;40.4;38.72
1548;2.789;4.62;22.49;40.4;40.26
1549;2.788;4.62;22.49;40.4;40.39
1550;2.787;4.62;22.39;40.4;40.78
1551;2.787;4.62;22.8;40.64;40.0
1552;2.791;4.62;22.39;40.4;40.26
1553;2.787;4.62;22.49;40.4;40.26
1554;2.787;4.62;22.29;40.52;40.13
1555;2.789;4.62;22.39;40.52;40.39
1556;2.787;4.62;22.39;40.64;40.39
1557;2.787;4.62;22.39;40.52;40.26
1558;2.786;4.62;22.39;40.52;40.26
1559;2.787;4.62;22.39;40.52;40.26
1560;2.788;4.62;22.39;40.64;40.26
1561;2.788;4.62;22.39;40.52;40.26
1562;2.787;4.62;22.39;40.52;40.26
1563;2.785;4.62;22.39;40.52;40.39
1564;2.784;4.62;22.39;40.4;40.26
1565;2.784;4.62;22.39;40.52;40.52
1566;2.783;4.62;22.39;40.4;40.39
1567;2.784;4.62;22.39;40.52;40.39
1568;2.783;4.62;22.39;40.52;40.39
1569;2.784;4.62;22.39;40.64;40.39
1570;2.784;4.62;22.39;40.52;40.39
1571;2.784;4.62;22.39;39.66;40.39
1572;2.784;4.62;22.39;40.64;40.26
1573;2.783;4.62;22.39;40.52;40.39
1574;2.782;4.62;22.39;40.52;40.39
1575;2.782;4.62;22.39;40.52;40.39
1576;2.782;4.62;22.39;40.52;40.52
1577;2.781;4.62;22.39;40.52;40.39
1578;2.781;4.62;22.39;40.52;40.65
1579;2.78;4.62;22.39;40.52;40.52
1580;2.78;4.62;22.39;40.52;40.39
1581;2.78;4.62;22.39;40.64;40.39
1582;2.779;4.62;22.39;40.52;40.39
1583;2.78;4.62;22.39;40.15;40.39
1584;2.782;4.62;22.39;40.52;40.39
1585;2.781;4.62;22.39;40.89;40.39
1586;2.78;4.62;22.39;40.64;40.39
1587;2.779;4.62;22.39;40.64;40.39
1588;2.779;4.62;22.39;40.52;40.52
1589;2.782;4.62;22.39;40.64;40.39
1590;2.782;4.62;22.39;40.64;40.39
1591;2.782;4.62;22.39;40.64;40.39
1592;2.782;4.62;22.39;40.77;40.39
1593;2.779;4.62;22.39;40.77;40.52
1594;2.778;4.62;22.39;40.64;40.52
1595;2.778;4.62;22.39;40.52;40.26
1596;2.778;4.62;22.39;40.64;40.52
1597;2.778;4.62;22.39;40.4;40.26
1598;2.778;4.62;22.39;40.64;40.65
1599;2.777;4.62;22.49;40.77;40.78
1600;2.778;4.62;22.39;40.4;40.65
1601;2.776;4.62;22.39;40.64;40.52
1602;2.776;4.62;22.39;40.77;40.52
1603;2.775;4.62;22.49;40.77;40.39
1604;2.775;4.62;22.39;40.64;40.52
1605;2.774;4.62;22.39;40.77;40.39
1606;2.774;4.62;22.39;40.77;40.52
1607;2.774;4.62;22.39;40.64;40.52
1608;2.774;4.62;22.39;40.89;40.78
1609;2.773;4.62;22.39;40.77;40.52
1610;2.773;4.62;22.39;40.77;40.52
1611;2.772;4.62;22.39;40.77;40.52
1612;2.771;4.62;22.39;40.77;40.52
1613;2.772;4.62;22.39;40.77;40.39
1614;2.772;4.62;22.39;40.64;40.52
1615;2.77;4.62;22.39;40.64;40.13
1616;2.77;4.62;22.39;40.77;40.52
1617;2.769;4.62;22.39;40.64;40.52
1618;2.77;4.62;22.39;40.77;40.78
1619;2.769;4.62;22.39;40.77;40.65
1620;2.769;4.62;22.39;40.77;40.65
1621;2.768;4.62;22.39;40.77;40.78
1622;2.768;4.62;22.39;40.77;40.65
1623;2.768;4.62;22.39;40.77;40.65
1624;2.767;4.62;22.39;40.77;40.78
1625;2.766;4.62;22.49;40.89;40.39
1626;2.767;4.62;22.39;40.64;40.65
1627;2.766;4.62;22.39;40.77;40.65
1628;2.766;4.62;22.39;40.77;40.39
1629;2.766;4.62;22.39;40.89;40.52
1630;2.767;4.62;22.39;40.89;40.78
1631;2.767;4.62;22.39;40.89;40.65
1632;2.767;4.62;22.39;41.01;40.78
1633;2.768;4.62;22.39;40.77;40.52
1634;2.768;4.62;22.39;40.89;40.78
1635;2.767;4.62;22.49;40.89;40.65
1636;2.767;4.62;22.39;40.89;40.91
1637;2.767;4.62;22.39;40.89;40.65
1638;2.767;4.62;22.39;40.77;40.65
1639;2.767;4.62;22.39;41.39;40.78
1640;2.766;4.62;22.39;40.77;40.78
1641;2.765;4.62;22.39;40.89;40.91
1642;2.766;4.62;22.39;40.89;40.65
1643;2.765;4.62;22.39;40.89;40.78
1644;2.764;4.62;22.39;41.01;40.78
1645;2.764;4.62;22.39;40.89;40.65
1646;2.764;4.62;22.49;40.64;40.65
1647;2.764;4.62;22.39;41.01;40.78
1648;2.763;4.62;22.39;40.89;40.65
1649;2.763;4.62;22.49;40.89;40.91
1650;2.762;4.62;22.49;40.89;40.65
1651;2.763;4.62;22.39;40.89;39.74
1652;2.762;4.62;22.39;40.77;40.78
1653;2.761;4.62;22.39;40.89;40.78
1654;2.761;4.62;22.39;40.89;40.78
1655;2.76;4.62;22.39;41.01;40.91
1656;2.759;4.62;22.39;40.89;40.78
1657;2.759;4.62;22.39;40.89;40.78
1658;2.758;4.62;22.39;40.89;40.65
1659;2.758;4.62;22.39;40.89;40.78
1660;2.757;4.62;22.39;41.14;40.65
1661;2.756;4.62;22.39;41.14;40.65
1662;2.756;4.62;22.39;41.01;41.04
1663;2.756;4.62;22.39;41.01;40.78
1664;2.755;4.62;22.39;41.01;40.78
1665;2.755;4.62;22.39;41.01;39.87
1666;2.755;4.62;22.39;41.01;41.04
1667;2.756;4.62;22.39;41.01;40.65
1668;2.756;4.62;22.39;41.14;40.78
1669;2.756;4.62;22.39;41.01;40.78
1670;2.755;4.62;22.39;40.89;40.78
1671;2.756;4.62;22.49;39.91;41.18
1672;2.756;4.62;22.39;41.01;40.91
1673;2.755;4.62;22.39;41.14;40.91
1674;2.754;4.62;22.39;41.01;40.78
1675;2.754;4.62;22.39;41.01;40.91
1676;2.758;4.62;22.49;41.01;40.78
1677;2.758;4.62;22.49;40.64;40.78
1678;2.757;4.62;22.49;41.14;41.18
1679;2.758;4.62;22.39;41.01;40.91
1680;2.757;4.62;22.49;41.01;40.91
1681;2.756;4.62;22.49;41.01;40.91
1682;2.756;4.62;22.49;41.14;40.91
1683;2.755;4.62;22.49;41.14;40.91
1684;2.754;4.62;22.49;41.14;40.91
1685;2.754;4.62;22.49;41.14;41.04
1686;2.752;4.62;22.49;41.14;40.91
1687;2.753;4.62;22.49;41.14;40.65
1688;2.752;4.62;22.49;41.01;41.18
1689;2.752;4.62;22.49;41.01;40.91
1690;2.752;4.62;22.49;41.26;40.78
1691;2.751;4.62;22.49;41.14;40.78
1692;2.751;4.62;22.49;41.14;41.04
1693;2.747;4.62;22.49;41.14;40.91
1694;2.746;4.62;22.49;41.14;40.65
1695;2.746;4.62;22.49;42.52;40.78
1696;2.745;4.62;22.49;41.14;40.91
1697;2.745;4.62;22.49;41.01;40.91
1698;2.744;4.62;22.49;41.14;40.91
1699;2.743;4.62;22.49;41.26;40.91
1700;2.742;4.62;22.49;41.14;40.78
1701;2.741;4.62;22.49;41.01;41.04
1702;2.741;4.62;22.49;41.26;40.91
1703;2.741;4.62;22.49;41.14;40.91
1704;2.741;4.62;22.39;41.26;40.91
1705;2.742;4.62;22.49;41.14;40.91
1706;2.742;4.62;22.49;41.26;40.91
1707;2.742;4.62;22.49;41.14;40.91
1708;2.742;4.62;22.49;41.14;41.04
1709;2.741;4.62;22.49;41.14;40.91
1710;2.741;4.62;22.49;41.26;41.04
1711;2.74;4.62;22.49;41.14;40.78
1712;2.74;4.62;22.49;41.26;41.04
1713;2.74;4.62;22.49;41.26;41.04
1714;2.74;4.62;22.49;41.26;40.91
1715;2.74;4.62;22.49;41.14;40.91
1716;2.739;4.62;22.49;41.26;41.04
1717;2.738;4.62;22.49;41.26;40.91
1718;2.738;4.62;22.49;41.26;41.04
1719;2.738;4.62;22.39;41.26;41.04
1720;2.737;4.62;22.49;41.26;41.04
1721;2.737;4.62;22.39;41.26;41.04
1722;2.738;4.62;22.39;41.26;41.04
1723;2.738;4.62;22.39;41.26;41.04
1724;2.737;4.62;22.49;41.14;41.04
1725;2.737;4.62;22.39;41.26;41.04
1726;2.737;4.62;22.39;41.39;41.04
1727;2.736;4.62;22.39;41.26;41.04
1728;2.735;4.62;22.39;41.51;41.04
1729;2.735;4.62;22.39;41.26;41.04
1730;2.734;4.62;22.49;41.26;41.04
1731;2.733;4.62;22.39;41.51;41.04
1732;2.733;4.62;22.39;41.39;41.18
1733;2.732;4.62;22.49;41.39;41.04
1734;2.732;4.62;22.39;41.26;41.18
1735;2.731;4.62;22.49;41.26;41.18
1736;2.731;4.62;22.39;41.26;41.04
1737;2.73;4.62;22.49;41.89;41.04
1738;2.73;4.62;22.29;41.39;41.44
1739;2.73;4.62;22.49;41.39;41.18
1740;2.728;4.62;22.39;41.39;41.31
1741;2.729;4.62;22.49;42.02;41.31
1742;2.727;4.62;22.49;41.14;38.85
1743;2.727;4.62;22.49;41.39;41.04
1744;2.728;4.62;22.49;40.15;41.18
1745;2.727;4.62;22.49;41.39;41.18
1746;2.727;4.62;22.49;41.39;41.18
1747;2.728;4.62;22.49;41.39;40.91
1748;2.728;4.62;22.49;41.51;41.31
1749;2.728;4.62;22.39;41.39;41.18
1750;2.727;4.62;22.49;41.39;41.18
1751;2.726;4.62;22.39;41.51;41.18
1752;2.725;4.62;22.39;41.39;41.44
1753;2.724;4.62;22.39;41.51;41.18
1754;2.724;4.62;22.39;41.51;41.18
1755;2.722;4.62;22.49;41.51;41.31
1756;2.723;4.62;22.39;41.51;41.18
1757;2.724;4.62;22.39;41.39;41.18
1758;2.724;4.62;22.39;41.51;41.18
1759;2.724;4.62;22.39;41.51;41.31
1760;2.725;4.62;22.39;41.51;41.31
1761;2.724;4.62;22.49;41.39;41.04
1762;2.724;4.62;22.39;41.01;41.31
1763;2.723;4.62;22.39;41.39;41.31
1764;2.723;4.62;22.39;41.51;41.18
1765;2.723;4.62;22.39;41.51;41.31
1766;2.722;4.62;22.39;41.51;41.18
1767;2.722;4.62;22.39;41.51;41.31
1768;2.721;4.62;22.49;41.64;41.18
1769;2.721;4.62;22.39;41.51;41.31
1770;2.72;4.62;22.39;41.39;41.18
1771;2.72;4.62;22.39;41.51;41.31
1772;2.72;4.62;22.49;41.64;41.04
1773;2.72;4.62;22.39;41.39;41.31
1774;2.719;4.62;22.39;41.64;41.31
1775;2.718;4.62;22.49;41.51;41.31
1776;2.718;4.62;22.39;41.64;41.31
1777;2.718;4.62;22.49;41.51;41.04
1778;2.718;4.62;22.49;41.51;41.31
1779;2.717;4.62;22.49;41.51;41.31
1780;2.716;4.62;22.39;41.64;41.31
1781;2.716;4.62;22.49;41.51;41.31
1782;2.715;4.62;22.49;41.64;41.04
1783;2.714;4.62;22.49;41.64;41.31
1784;2.714;4.62;22.49;41.64;41.44
1785;2.714;4.62;22.39;41.51;41.44
1786;2.714;4.62;22.39;41.64;41.31
1787;2.713;4.62;22.49;41.64;41.31
1788;2.713;4.62;22.39;41.76;41.31
1789;2.712;4.62;22.39;41.64;41.31
1790;2.711;4.62;22.39;41.64;41.31
1791;2.711;4.62;22.39;41.64;41.31
1792;2.711;4.62;22.39;41.64;41.31
1793;2.711;4.62;22.39;41.64;41.44
1794;2.71;4.62;22.39;41.64;41.31
1795;2.71;4.62;22.49;41.64;40.39
1796;2.71;4.62;22.39;41.76;41.44
1797;2.709;4.62;22.39;41.64;41.44
1798;2.708;4.62;22.39;41.64;41.44
1799;2.708;4.62;22.39;41.76;41.44
1800;2.708;4.62;22.39;41.64;41.44
1801;2.707;4.62;22.39;41.76;41.44
1802;2.707;4.62;22.39;41.64;41.84
1803;2.706;4.62;22.39;41.64;41.57
1804;2.707;4.62;22.39;41.64;41.44
1805;2.706;4.62;22.39;41.64;41.44
1806;2.705;4.62;22.39;41.64;40.78
1807;2.706;4.62;22.39;41.76;41.44
1808;2.705;4.62;22.39;41.76;41.44
1809;2.705;4.62;22.39;41.76;41.44
1810;2.704;4.62;22.39;41.76;41.44
1811;2.704;4.62;22.39;41.76;41.44
1812;2.704;4.62;22.39;41.64;41.18
1813;2.703;4.62;22.29;41.64;41.71
1814;2.703;4.62;22.39;42.27;41.44
1815;2.703;4.62;22.39;41.76;41.71
1816;2.702;4.62;22.39;41.39;41.44
1817;2.702;4.62;22.49;41.76;43.2
1818;2.702;4.62;22.39;41.64;41.31
1819;2.701;4.62;22.39;41.76;41.57
1820;2.701;4.62;22.39;41.76;41.57
1821;2.7;4.62;22.39;41.76;41.57
1822;2.699;4.62;22.39;41.76;41.44
1823;2.699;4.62;22.49;41.76;41.57
1824;2.699;4.62;22.39;41.76;41.57
1825;2.698;4.62;22.39;41.76;41.44
1826;2.698;4.62;22.39;41.89;41.44
1827;2.697;4.62;22.39;41.76;41.44
1828;2.696;4.62;22.39;41.76;41.57
1829;2.695;4.62;22.39;41.76;41.57
1830;2.695;4.62;22.39;41.89;41.57
1831;2.694;4.62;22.39;41.76;41.71
1832;2.693;4.62;22.49;41.89;41.57
1833;2.693;4.62;22.39;41.89;41.71
1834;2.692;4.62;22.39;41.89;41.57
1835;2.691;4.62;22.39;42.02;41.57
1836;2.69;4.62;22.49;43.29;39.74
1837;2.689;4.62;22.39;41.76;41.57
1838;2.689;4.62;22.49;42.02;41.44
1839;2.688;4.62;22.49;41.89;41.57
1840;2.685;4.62;22.49;41.89;41.71
1841;2.688;4.62;22.39;41.89;41.57
1842;2.689;4.62;22.39;41.89;41.84
1843;2.687;4.62;22.49;42.02;41.57
1844;2.687;4.62;22.39;41.76;41.71
1845;2.686;4.62;22.49;41.89;41.71
1846;2.686;4.62;22.39;41.76;41.57
1847;2.685;4.62;22.49;41.89;41.44
1848;2.683;4.62;22.49;41.89;41.57
1849;2.683;4.62;22.49;41.89;41.44
1850;2.681;4.62;22.39;42.02;41.44
1851;2.68;4.62;22.49;41.89;41.71
1852;2.679;4.62;22.49;41.89;41.57
1853;2.679;4.62;22.49;42.02;41.71
1854;2.678;4.62;22.49;41.89;41.71
1855;2.678;4.62;22.49;41.89;41.71
1856;2.676;4.62;22.49;42.02;41.71
1857;2.676;4.62;22.49;41.89;41.71
1858;2.677;4.62;22.39;42.14;41.57
1859;2.675;4.62;22.49;42.02;41.71
1860;2.677;4.62;22.49;42.02;41.71
1861;2.677;4.62;22.39;42.02;41.84
1862;2.678;4.62;22.49;42.02;41.71
1863;2.678;4.62;22.49;41.89;41.71
1864;2.677;4.62;22.49;42.02;41.71
1865;2.676;4.62;22.49;42.02;41.71
1866;2.676;4.62;22.49;42.02;41.71
1867;2.676;4.62;22.49;42.02;41.71
1868;2.675;4.62;22.49;42.02;41.71
1869;2.675;4.62;22.49;42.02;41.71
1870;2.674;4.62;22.49;42.14;41.71
1871;2.673;4.62;22.49;42.02;41.71
1872;2.672;4.62;22.49;42.14;41.71
1873;2.672;4.62;22.49;42.02;41.97
1874;2.672;4.62;22.49;42.14;41.71
1875;2.67;4.62;22.49;42.14;41.84
1876;2.67;4.62;22.49;42.14;41.97
1877;2.67;4.62;22.49;42.14;41.71
1878;2.67;4.62;22.49;42.14;41.84
1879;2.672;4.62;22.6;42.14;41.71
1880;2.672;4.62;22.49;42.02;41.71
1881;2.673;4.62;22.49;42.14;41.84
1882;2.674;4.62;22.49;42.27;42.11
1883;2.674;4.62;22.49;42.14;41.84
1884;2.674;4.62;22.49;42.14;41.84
1885;2.673;4.62;22.49;42.14;41.84
1886;2.675;4.62;22.49;42.14;41.84
1887;2.675;4.62;22.49;42.02;41.71
1888;2.674;4.62;22.49;42.14;41.97
1889;2.674;4.62;22.39;42.02;39.74
1890;2.673;4.62;22.49;42.27;42.11
1891;2.673;4.62;22.49;42.27;41.97
1892;2.672;4.62;22.49;42.14;41.84
1893;2.672;4.62;22.49;42.14;41.84
1894;2.671;4.62;22.49;42.14;41.84
1895;2.67;4.62;22.49;42.27;41.97
1896;2.668;4.62;22.49;42.14;41.84
1897;2.668;4.62;22.49;43.55;42.11
1898;2.667;4.62;22.49;42.27;41.84
1899;2.665;4.62;22.49;42.27;41.84
1900;2.663;4.62;22.49;42.4;41.84
1901;2.662;4.62;22.49;42.27;41.84
1902;2.662;4.62;22.49;42.14;41.97
1903;2.661;4.62;22.49;42.27;41.84
1904;2.661;4.62;22.49;42.52;41.97
1905;2.659;4.62;22.49;42.27;41.97
1906;2.659;4.62;22.49;42.27;41.97
1907;2.658;4.62;22.49;42.27;41.97
1908;2.659;4.62;22.49;42.14;42.11
1909;2.658;4.62;22.6;42.27;41.97
1910;2.657;4.62;22.39;42.27;41.97
1911;2.656;4.62;22.49;42.27;41.97
1912;2.656;4.62;22.49;42.4;41.71
1913;2.656;4.62;22.49;42.4;42.11
1914;2.658;4.62;22.49;42.27;41.97
1915;2.659;4.62;22.49;42.4;41.84
1916;2.658;4.62;22.49;42.14;41.97
1917;2.657;4.62;22.49;42.27;41.97
1918;2.656;4.62;22.39;42.4;41.97
1919;2.654;4.62;22.49;42.27;41.97
1920;2.656;4.62;22.49;42.27;41.97
1921;2.656;4.62;22.39;42.27;42.38
1922;2.655;4.62;22.39;42.52;41.84
1923;2.654;4.62;22.39;42.91;42.11
1924;2.654;4.62;22.49;42.4;41.97
1925;2.654;4.62;22.49;42.4;42.11
1926;2.654;4.62;22.39;42.52;41.84
1927;2.652;4.62;22.49;42.27;42.11
1928;2.651;4.62;22.39;42.27;42.24
1929;2.651;4.62;22.39;42.4;42.11
1930;2.65;4.62;22.49;42.52;42.11
1931;2.652;4.62;22.39;42.4;42.11
1932;2.65;4.62;22.49;42.4;42.11
1933;2.65;4.62;22.49;42.52;41.84
1934;2.649;4.62;22.39;42.4;42.11
1935;2.65;4.62;22.39;42.65;41.97
1936;2.649;4.62;22.39;42.52;42.11
1937;2.648;4.62;22.39;42.4;42.11
1938;2.648;4.62;22.39;42.27;42.24
1939;2.647;4.62;22.39;42.4;42.11
1940;2.646;4.62;22.39;42.52;42.24
1941;2.646;4.62;22.39;42.52;42.11
1942;2.645;4.62;22.39;42.4;41.97
1943;2.645;4.62;22.39;42.52;42.11
1944;2.644;4.62;22.39;42.4;42.11
1945;2.644;4.62;22.49;42.52;42.11
1946;2.644;4.62;22.49;42.52;42.24
1947;2.643;4.62;22.39;42.52;42.24
1948;2.641;4.62;22.39;42.52;41.71
1949;2.641;4.62;22.39;42.52;42.24
1950;2.639;4.62;22.39;42.52;41.44
1951;2.639;4.62;22.39;42.52;42.24
1952;2.638;4.62;22.39;42.52;42.24
1953;2.638;4.62;22.49;42.52;42.24
1954;2.637;4.62;22.39;42.52;42.24
1955;2.636;4.62;22.39;42.65;42.11
1956;2.635;4.62;22.39;42.65;42.38
1957;2.635;4.62;22.39;42.52;42.38
1958;2.635;4.62;22.39;42.52;42.24
1959;2.634;4.62;22.39;42.52;42.24
1960;2.634;4.62;22.39;42.65;42.65
1961;2.632;4.62;22.39;42.65;42.24
1962;2.631;4.62;22.39;42.65;42.38
1963;2.632;4.62;22.39;42.65;42.24
1964;2.632;4.62;22.39;42.52;42.24
1965;2.63;4.62;22.39;43.55;42.24
1966;2.629;4.62;22.39;42.78;42.11
1967;2.623;4.62;22.49;42.65;42.24
1968;2.62;4.62;22.39;42.65;42.24
1969;2.618;4.62;22.49;42.65;42.51
1970;2.616;4.62;22.39;42.91;42.24
1971;2.617;4.62;22.39;42.78;42.38
1972;2.617;4.62;22.49;42.91;42.24
1973;2.616;4.62;22.39;42.52;42.51
1974;2.615;4.62;22.39;42.78;42.38
1975;2.617;4.62;22.39;42.65;42.11
1976;2.616;4.62;22.39;42.65;42.38
1977;2.616;4.62;22.39;42.78;42.38
1978;2.614;4.62;22.39;42.65;42.11
1979;2.615;4.62;22.49;42.52;42.38
1980;2.613;4.62;22.39;42.78;42.38
1981;2.613;4.62;22.39;42.78;42.11
1982;2.613;4.62;22.39;43.29;42.51
1983;2.612;4.62;22.39;42.65;42.65
1984;2.612;4.62;22.39;42.91;42.38
1985;2.61;4.62;22.39;42.78;42.51
1986;2.611;4.62;22.39;42.78;41.44
1987;2.61;4.62;22.39;42.78;42.38
1988;2.608;4.62;22.39;42.78;42.24
1989;2.609;4.62;22.39;42.78;42.65
1990;2.608;4.62;22.39;42.78;42.38
1991;2.609;4.62;22.39;42.78;42.51
1992;2.609;4.62;22.39;42.65;42.65
1993;2.608;4.62;22.39;42.91;42.51
1994;2.608;4.62;22.39;42.78;42.38
1995;2.606;4.62;22.39;42.78;42.24
1996;2.605;4.62;22.39;42.78;42.38
1997;2.605;4.62;22.39;42.78;42.38
1998;2.605;4.62;22.39;43.03;42.24
1999;2.605;4.62;22.39;42.78;42.38
2000;2.606;4.62;22.39;42.91;42.51
2001;2.605;4.62;22.39;42.91;42.51
2002;2.603;4.62;22.39;42.91;42.24
2003;2.602;4.62;22.49;42.91;42.65
2004;2.602;4.62;22.39;42.91;42.51
2005;2.601;4.62;22.39;42.91;42.65
2006;2.6;4.62;22.39;43.03;42.51
2007;2.598;4.62;22.39;42.91;42.51
2008;2.598;4.62;22.39;43.03;42.51
2009;2.599;4.62;22.49;42.91;42.65
2010;2.599;4.62;22.39;42.91;42.51
2011;2.6;4.62;22.39;42.91;42.65
2012;2.599;4.62;22.39;42.91;42.51
2013;2.598;4.62;22.39;42.91;42.51
2014;2.597;4.62;22.39;43.16;42.65
2015;2.596;4.62;22.39;43.03;42.65
2016;2.596;4.62;22.39;43.16;42.65
2017;2.597;4.62;22.39;42.91;42.24
2018;2.597;4.62;22.39;43.03;42.65
2019;2.595;4.62;22.39;43.03;42.51
2020;2.595;4.62;22.39;43.03;42.51
2021;2.593;4.62;22.39;43.03;42.65
2022;2.591;4.62;22.39;42.78;42.65
2023;2.59;4.62;22.49;43.03;42.65
2024;2.59;4.62;22.39;43.03;42.65
2025;2.59;4.62;22.39;43.03;42.65
2026;2.59;4.62;22.39;43.03;42.65
2027;2.589;4.62;22.39;43.03;42.65
2028;2.588;4.62;22.39;43.03;42.51
2029;2.588;4.62;22.39;43.03;42.65
2030;2.587;4.62;22.39;43.16;42.65
2031;2.586;4.62;22.49;43.16;42.79
2032;2.587;4.62;22.39;43.03;42.51
2033;2.587;4.62;22.39;43.03;42.79
2034;2.587;4.62;22.39;43.16;42.65
2035;2.586;4.62;22.39;43.03;42.79
2036;2.585;4.62;22.39;43.16;42.79
2037;2.585;4.62;22.39;43.16;42.79
2038;2.585;4.62;22.39;43.16;42.79
2039;2.583;4.62;22.39;43.03;42.79
2040;2.582;4.62;22.49;43.16;42.92
2041;2.583;4.62;22.39;42.91;42.92
2042;2.583;4.62;22.49;43.16;42.79
2043;2.582;4.62;22.39;43.16;42.79
2044;2.581;4.62;22.39;43.03;42.92
2045;2.581;4.62;22.39;43.16;42.79
2046;2.581;4.62;22.39;43.16;42.79
2047;2.581;4.62;22.39;43.03;42.79
2048;2.581;4.62;22.39;43.16;42.79
2049;2.58;4.62;22.39;43.16;42.79
2050;2.579;4.62;22.39;43.16;43.2
2051;2.578;4.62;22.39;43.16;42.92
2052;2.578;4.62;22.39;43.29;42.79
2053;2.577;4.62;22.39;43.29;42.79
2054;2.577;4.62;22.39;43.29;42.92
2055;2.578;4.62;22.39;43.29;43.2
2056;2.577;4.62;22.39;43.16;42.79
2057;2.576;4.62;22.39;43.29;43.06
2058;2.575;4.62;22.39;43.29;42.92
2059;2.575;4.62;22.39;43.42;42.92
2060;2.575;4.62;22.39;43.94;43.06
2061;2.574;4.62;22.49;43.42;42.92
2062;2.573;4.62;22.39;43.29;42.92
2063;2.572;4.62;22.39;43.42;42.92
2064;2.572;4.62;22.39;43.55;42.79
2065;2.57;4.62;22.39;43.42;42.92
2066;2.569;4.62;22.39;43.29;42.92
2067;2.568;4.62;22.39;43.42;42.92
2068;2.567;4.62;22.39;43.42;42.92
2069;2.566;4.62;22.39;43.42;43.2
2070;2.566;4.62;22.39;43.16;42.92
2071;2.565;4.62;22.39;43.42;42.92
2072;2.564;4.62;22.39;43.42;42.92
2073;2.563;4.62;22.39;43.42;43.06
2074;2.563;4.62;22.39;43.55;42.92
2075;2.563;4.62;22.49;43.42;43.06
2076;2.562;4.62;22.39;43.42;43.06
2077;2.561;4.62;22.39;43.55;42.92
2078;2.561;4.62;22.39;43.42;42.92
2079;2.56;4.62;22.39;43.55;43.06
2080;2.559;4.62;22.49;43.55;43.06
2081;2.558;4.62;22.39;43.81;43.06
2082;2.558;4.62;22.49;43.55;43.06
2083;2.557;4.62;22.39;43.55;43.06
2084;2.556;4.62;22.39;43.55;42.92
2085;2.555;4.62;22.39;43.55;43.06
2086;2.554;4.62;22.49;43.29;43.06
2087;2.553;4.62;22.39;43.55;43.06
2088;2.553;4.62;22.39;43.68;43.06
2089;2.553;4.62;22.39;43.68;43.06
2090;2.552;4.62;22.39;43.55;43.06
2091;2.551;4.62;22.39;43.42;43.06
2092;2.55;4.62;22.39;43.68;42.92
2093;2.549;4.62;22.39;43.55;43.2
2094;2.548;4.62;22.39;43.55;43.2
2095;2.547;4.62;22.39;43.68;43.2
2096;2.547;4.62;22.39;43.68;43.2
2097;2.547;4.62;22.39;43.68;43.2
2098;2.546;4.62;22.39;43.81;41.57
2099;2.546;4.62;22.39;43.68;43.2
2100;2.545;4.62;22.39;43.68;43.2
2101;2.544;4.62;22.49;43.68;43.2
2102;2.544;4.62;22.49;43.55;42.79
2103;2.542;4.62;22.39;43.68;43.2
2104;2.541;4.62;22.39;43.68;43.2
2105;2.541;4.62;22.39;43.68;43.06
2106;2.541;4.62;22.49;43.68;43.2
2107;2.541;4.62;22.39;43.68;43.2
2108;2.54;4.62;22.39;43.81;43.06
2109;2.54;4.62;22.39;43.68;43.33
2110;2.539;4.62;22.39;43.68;43.2
2111;2.539;4.62;22.39;43.68;43.2
2112;2.538;4.62;22.39;43.81;43.2
2113;2.537;4.62;22.39;43.94;43.33
2114;2.537;4.62;22.39;43.81;43.33
2115;2.536;4.62;22.39;43.68;43.33
2116;2.535;4.62;22.39;43.81;43.33
2117;2.534;4.62;22.39;43.68;43.2
2118;2.534;4.62;22.39;43.81;43.2
2119;2.532;4.62;22.39;43.81;43.33
2120;2.533;4.62;22.39;43.81;43.33
2121;2.531;4.62;22.39;43.81;43.33
2122;2.53;4.62;22.39;43.81;43.47
2123;2.529;4.62;22.39;43.81;43.33
2124;2.528;4.62;22.39;43.81;43.33
2125;2.527;4.62;22.39;43.94;43.33
2126;2.526;4.62;22.39;44.07;43.47
2127;2.526;4.62;22.39;43.94;43.47
2128;2.525;4.62;22.39;43.94;43.33
2129;2.524;4.62;22.39;43.94;43.47
2130;2.524;4.62;22.09;44.07;43.47
2131;2.523;4.62;22.39;43.94;43.47
2132;2.522;4.62;22.39;43.94;43.33
2133;2.521;4.62;22.49;44.07;43.47
2134;2.52;4.62;22.39;43.94;43.47
2135;2.518;4.62;22.39;44.2;43.47
2136;2.516;4.62;22.39;44.2;43.33
2137;2.516;4.62;22.39;44.07;43.47
2138;2.516;4.62;22.39;43.94;43.47
2139;2.516;4.62;22.39;44.07;43.47
2140;2.515;4.62;22.39;44.07;43.47
2141;2.514;4.62;22.39;44.07;43.47
2142;2.514;4.62;22.39;43.94;43.61
2143;2.512;4.62;22.39;44.07;43.47
2144;2.513;4.62;22.39;44.07;43.47
2145;2.513;4.62;22.39;44.07;43.61
2146;2.512;4.62;22.39;43.94;43.89
2147;2.512;4.62;22.39;44.07;43.61
2148;2.511;4.62;22.39;44.2;43.47
2149;2.51;4.62;22.39;44.07;43.61
2150;2.509;4.62;22.39;44.2;43.47
2151;2.508;4.62;22.39;44.2;43.61
2152;2.508;4.62;22.39;44.07;43.75
2153;2.506;4.62;22.39;44.2;43.61
2154;2.505;4.62;22.39;44.2;43.61
2155;2.503;4.62;22.39;44.07;43.61
2156;2.502;4.62;22.39;44.2;43.61
2157;2.502;4.62;22.39;43.94;43.61
