time;voltage;current;ambient_temperature;surface_temperature_plus;surface_temperature_minus
0;0.004;0.0;22.6;21.08;21.42
1;3.112;6.116;22.49;20.98;21.42
2;3.062;6.16;22.49;21.08;21.42
3;3.068;6.161;22.49;21.28;21.52
4;3.061;6.16;22.49;21.08;21.42
5;3.053;6.161;22.49;21.08;21.32
6;3.041;6.161;22.49;21.08;21.73
7;3.041;6.16;22.49;21.08;21.42
8;3.047;6.16;22.49;21.08;21.42
9;3.048;6.16;22.49;21.18;21.42
10;3.052;6.161;22.49;21.18;21.62
11;3.05;6.16;22.6;21.18;21.52
12;3.052;6.161;22.49;21.18;21.73
13;3.051;6.161;22.49;21.18;21.52
14;3.048;6.16;22.49;21.18;21.22
15;3.05;6.16;22.49;21.18;21.52
16;3.052;6.16;22.49;21.18;21.52
17;3.05;6.16;22.49;21.18;21.62
18;3.048;6.161;22.49;21.28;21.62
19;3.047;6.16;22.49;21.28;21.73
20;3.045;6.16;22.49;21.28;22.33
21;3.045;6.16;22.49;21.38;21.73
22;3.042;6.161;22.6;21.38;21.73
23;3.041;6.16;22.49;21.38;21.83
24;3.041;6.16;22.49;21.48;21.83
25;3.042;6.16;22.49;21.38;21.83
26;3.044;6.16;22.49;21.48;21.83
27;3.04;6.161;22.49;21.58;22.13
28;3.039;6.161;22.49;21.58;21.93
29;3.037;6.161;22.6;21.58;22.03
30;3.036;6.161;22.6;21.58;21.93
31;3.034;6.161;22.6;21.68;22.03
32;3.034;6.161;22.6;21.68;22.03
33;3.035;6.161;22.49;21.68;22.03
34;3.035;6.161;22.49;21.78;22.23
35;3.034;6.161;22.6;21.89;22.23
36;3.033;6.161;22.6;21.78;22.23
37;3.035;6.161;22.6;21.89;22.33
38;3.035;6.161;22.7;21.89;22.23
39;3.035;6.161;22.6;21.89;22.33
40;3.035;6.161;22.6;21.89;22.43
41;3.035;6.161;22.6;22.19;22.43
42;3.032;6.161;22.6;21.89;22.53
43;3.03;6.161;22.6;22.09;22.53
44;3.03;6.161;22.6;22.09;22.33
45;3.03;6.161;22.6;22.19;22.53
46;3.031;6.161;22.6;22.19;22.74
47;3.03;6.161;22.6;22.19;22.74
48;3.029;6.161;22.6;22.29;22.84
49;3.03;6.161;22.6;22.29;22.74
50;3.031;6.161;22.6;22.39;23.56
51;3.03;6.161;22.6;22.39;23.04
52;3.029;6.161;22.7;22.39;23.15
53;3.029;6.161;22.6;22.39;23.04
54;3.028;6.161;22.6;22.39;22.94
55;3.027;6.161;22.6;22.49;23.04
56;3.028;6.161;22.7;22.49;22.84
57;3.026;6.161;22.6;22.7;23.25
58;3.027;6.161;22.7;22.6;23.25
59;3.026;6.161;22.7;22.7;23.25
60;3.025;6.161;22.7;22.7;23.35
61;3.03;6.161;22.6;22.7;23.35
62;3.029;6.161;22.7;22.9;23.66
63;3.029;6.161;22.7;22.9;23.45
64;3.028;6.161;22.7;22.9;23.56
65;3.029;6.161;22.6;22.9;23.45
66;3.031;6.161;22.6;23.1;23.56
67;3.03;6.161;22.7;22.9;23.56
68;3.029;6.161;22.7;23.0;23.66
69;3.03;6.161;22.6;23.0;23.76
70;3.029;6.161;22.7;23.0;23.76
71;3.028;6.161;22.6;23.1;23.86
72;3.03;6.161;22.7;23.21;24.38
73;3.028;6.161;22.6;23.21;23.97
74;3.028;6.161;22.6;23.31;23.97
75;3.029;6.161;22.6;23.21;23.15
76;3.027;6.161;22.6;23.31;24.17
77;3.027;6.161;22.6;23.31;23.97
78;3.025;6.161;22.6;23.41;24.17
79;3.023;6.161;22.6;23.51;23.97
80;3.024;6.161;22.6;23.41;24.17
81;3.025;6.161;22.6;23.61;24.38
82;3.023;6.161;22.6;23.72;25.0
83;3.025;6.161;22.6;23.61;24.48
84;3.026;6.161;22.6;23.92;24.59
85;3.026;6.161;22.6;23.72;24.59
86;3.028;6.161;22.6;23.72;24.59
87;3.029;6.161;22.6;23.82;24.59
88;3.029;6.161;22.6;23.92;24.69
89;3.029;6.161;22.6;23.92;24.69
90;3.03;6.161;22.6;23.92;24.69
91;3.03;6.161;22.6;24.02;24.79
92;3.03;6.161;22.6;24.02;24.9
93;3.03;6.161;22.6;24.13;24.9
94;3.03;6.161;22.6;24.13;25.0
95;3.03;6.161;22.6;24.13;25.0
96;3.031;6.161;22.6;24.23;25.1
97;3.032;6.161;22.6;24.33;25.1
98;3.031;6.161;22.6;24.33;25.21
99;3.031;6.161;22.7;24.33;25.21
100;3.032;6.161;22.6;24.43;25.31
101;3.032;6.161;22.6;24.33;25.52
102;3.032;6.161;22.6;24.54;25.42
103;3.033;6.161;22.6;24.64;25.31
104;3.031;6.161;22.6;24.64;25.31
105;3.031;6.161;22.49;24.64;25.52
106;3.031;6.161;22.6;24.64;25.52
107;3.033;6.161;22.6;24.54;25.63
108;3.032;6.161;22.6;24.85;25.52
109;3.032;6.161;22.6;24.74;25.63
110;3.031;6.161;22.6;24.85;25.84
111;3.031;6.161;22.49;25.57;25.84
112;3.031;6.161;22.6;25.05;25.84
113;3.03;6.16;22.49;25.05;26.04
114;3.03;6.161;22.6;25.05;26.04
115;3.031;6.161;22.6;25.15;25.94
116;3.031;6.161;22.6;25.15;26.04
117;3.031;6.161;22.6;24.85;26.04
118;3.031;6.161;22.6;25.26;26.15
119;3.033;6.161;22.6;25.36;25.73
120;3.033;6.161;22.6;25.46;26.15
121;3.032;6.161;22.6;25.46;26.15
122;3.031;6.161;22.6;25.36;26.57
123;3.03;6.161;22.6;25.46;26.47
124;3.03;6.161;22.6;25.67;26.36
125;3.03;6.161;22.6;26.5;26.47
126;3.029;6.161;22.6;25.57;26.57
127;3.027;6.161;22.6;25.67;26.68
128;3.027;6.161;22.6;25.57;26.78
129;3.026;6.161;22.7;25.78;26.78
130;3.026;6.161;22.6;25.88;26.57
131;3.026;6.161;22.7;25.78;26.78
132;3.025;6.161;22.7;25.88;26.89
133;3.023;6.161;22.6;25.88;26.89
134;3.023;6.161;22.6;25.98;26.89
135;3.024;6.161;22.6;26.09;27.0
136;3.023;6.161;22.6;26.09;27.0
137;3.024;6.161;22.6;26.19;27.1
138;3.023;6.161;22.6;26.19;27.1
139;3.025;6.161;22.6;26.29;27.0
140;3.024;6.161;22.6;26.29;27.21
141;3.027;6.161;22.7;26.29;27.21
142;3.026;6.161;22.6;26.4;27.31
143;3.025;6.161;22.6;26.4;27.31
144;3.026;6.161;22.6;26.5;27.53
145;3.027;6.161;22.7;26.5;27.42
146;3.025;6.161;22.6;26.5;27.53
147;3.024;6.161;22.6;26.71;27.53
148;3.023;6.161;22.7;26.71;27.64
149;3.023;6.161;22.6;26.71;27.64
150;3.025;6.161;22.6;26.71;27.64
151;3.026;6.161;22.6;26.82;27.74
152;3.025;6.161;22.6;26.71;27.85
153;3.025;6.161;22.6;27.02;27.96
154;3.023;6.161;22.6;26.92;27.85
155;3.021;6.161;22.6;27.02;27.96
156;3.022;6.161;22.6;27.02;27.74
157;3.022;6.161;22.6;27.13;28.06
158;3.021;6.161;22.49;27.13;28.06
159;3.022;6.161;22.6;27.13;28.06
160;3.023;6.161;22.6;27.13;27.53
161;3.022;6.161;22.49;27.13;28.17
162;3.023;6.161;22.49;27.23;28.28
163;3.022;6.161;22.49;27.34;28.28
164;3.022;6.161;22.6;27.34;28.28
165;3.021;6.161;22.49;27.23;28.39
166;3.021;6.161;22.49;27.44;28.28
167;3.021;6.161;22.49;27.55;28.5
168;3.02;6.161;22.49;27.55;28.5
169;3.022;6.161;22.49;27.55;28.82
170;3.022;6.161;22.49;27.65;28.6
171;3.021;6.161;22.49;27.76;28.71
172;3.02;6.161;22.7;27.76;27.96
173;3.021;6.161;22.6;27.76;28.93
174;3.019;6.161;22.49;27.86;28.82
175;3.019;6.161;22.6;27.86;28.82
176;3.019;6.161;22.49;27.86;28.93
177;3.019;6.161;22.6;27.86;28.93
178;3.019;6.161;22.6;27.97;28.93
179;3.02;6.161;22.6;28.08;29.04
180;3.018;6.161;22.7;28.08;29.04
181;3.018;6.161;22.6;28.08;29.15
182;3.018;6.161;22.6;28.18;29.15
183;3.017;6.161;22.6;28.18;29.15
184;3.02;6.161;22.49;28.29;29.15
185;3.02;6.161;22.6;28.39;29.26
186;3.023;6.161;22.6;28.29;29.37
187;3.023;6.161;22.6;28.5;29.37
188;3.022;6.161;22.49;28.39;29.37
189;3.018;6.161;22.6;28.5;29.47
190;3.017;6.161;22.49;28.5;29.58
191;3.018;6.161;22.49;28.5;29.58
192;3.018;6.161;22.6;28.71;29.47
193;3.017;6.161;22.6;28.71;29.58
194;3.015;6.161;22.6;28.82;29.69
195;3.015;6.161;22.49;28.82;29.69
196;3.016;6.161;22.6;28.5;29.91
197;3.017;6.161;22.6;28.82;29.8
198;3.016;6.161;22.6;29.78;29.8
199;3.012;6.161;22.6;28.92;30.02
200;3.011;6.161;22.6;28.92;29.91
201;3.012;6.161;22.6;28.92;30.02
202;3.014;6.161;22.6;29.14;29.91
203;3.017;6.161;22.49;28.92;29.91
204;3.017;6.161;22.49;29.14;30.36
205;3.014;6.161;22.6;29.14;30.13
206;3.012;6.161;22.6;29.14;30.24
207;3.011;6.161;22.49;29.24;30.24
208;3.009;6.161;22.6;29.24;30.24
209;3.009;6.161;22.6;29.24;30.24
210;3.009;6.161;22.6;29.35;30.36
211;3.009;6.16;22.6;29.35;30.36
212;3.012;6.161;22.49;29.46;30.47
213;3.012;6.16;22.49;29.35;30.24
214;3.01;6.161;22.6;29.46;30.58
215;3.01;6.161;22.6;29.46;30.69
216;3.009;6.161;22.49;29.56;30.58
217;3.008;6.161;22.49;29.67;30.69
218;3.006;6.161;22.49;29.67;30.69
219;3.007;6.161;22.49;29.67;30.47
220;3.006;6.161;22.6;29.78;30.69
221;3.005;6.161;22.49;29.78;30.8
222;3.007;6.161;22.49;29.78;30.91
223;3.009;6.161;22.49;29.99;30.91
224;3.01;6.161;22.6;29.99;30.91
225;3.004;6.161;22.49;29.88;31.02
226;3.003;6.161;22.6;29.99;31.02
227;3.004;6.161;22.49;29.99;30.8
228;3.007;6.161;22.49;30.1;31.02
229;3.007;6.161;22.49;29.99;30.91
230;3.007;6.161;22.6;30.1;31.13
231;3.008;6.161;22.49;30.32;31.25
232;3.007;6.161;22.49;30.1;31.25
233;3.006;6.161;22.49;30.21;31.36
234;3.007;6.161;22.49;30.32;31.36
235;3.005;6.161;22.49;30.42;31.25
236;3.006;6.161;22.49;30.53;31.36
237;3.006;6.161;22.49;30.42;31.47
238;3.006;6.161;22.49;30.42;31.58
239;3.006;6.16;22.49;30.42;31.58
240;3.006;6.161;22.49;30.53;31.58
241;3.005;6.161;22.49;30.64;31.58
242;3.011;6.161;22.49;30.64;31.47
243;3.01;6.161;22.49;30.53;31.58
244;3.008;6.16;22.49;30.75;31.7
245;3.008;6.161;22.49;30.75;31.81
246;3.005;6.161;22.49;30.75;31.81
247;3.007;6.161;22.49;30.75;31.92
248;3.006;6.161;22.49;30.86;31.92
249;3.003;6.161;22.49;30.96;31.92
250;3.0;6.161;22.49;30.32;32.15
251;3.003;6.161;22.6;30.96;32.04
252;3.002;6.161;22.49;30.96;32.04
253;3.002;6.161;22.49;31.07;32.15
254;3.001;6.161;22.49;31.29;32.04
255;3.0;6.161;22.49;31.18;32.15
256;3.0;6.16;22.49;31.18;32.26
257;3.002;6.161;22.49;31.18;32.26
258;3.001;6.161;22.49;31.29;32.26
259;3.0;6.161;22.49;31.29;32.26
260;2.996;6.161;22.49;31.29;32.26
261;2.996;6.161;22.49;31.4;32.38
262;2.996;6.161;22.49;31.4;32.26
263;2.997;6.161;22.49;31.4;32.49
264;2.998;6.161;22.49;31.51;32.49
265;2.998;6.161;22.49;31.51;32.49
266;2.996;6.161;22.49;31.51;32.61
267;2.996;6.161;22.49;31.51;32.49
268;2.996;6.161;22.49;31.62;32.61
269;2.995;6.161;22.49;31.62;32.72
270;2.995;6.161;22.49;32.06;32.72
271;2.994;6.161;22.49;31.84;32.83
272;2.995;6.161;22.49;31.73;32.72
273;2.996;6.161;22.49;31.73;32.83
274;2.997;6.161;22.49;31.84;32.95
275;2.995;6.161;22.49;31.84;32.95
276;2.999;6.161;22.49;31.95;32.95
277;2.997;6.16;22.49;31.95;33.06
278;2.995;6.161;22.49;32.06;32.95
279;2.995;6.16;22.49;32.06;32.72
280;2.992;6.16;22.49;32.17;33.06
281;2.992;6.16;22.49;32.06;33.06
282;2.992;6.16;22.49;32.17;33.18
283;2.993;6.16;22.49;32.17;33.29
284;2.992;6.161;22.49;32.28;33.18
285;2.992;6.161;22.49;32.28;33.41
286;2.994;6.16;22.49;32.28;33.29
287;2.993;6.161;22.49;32.72;33.87
288;2.993;6.16;22.49;32.39;33.41
289;2.995;6.161;22.49;32.5;33.29
290;2.994;6.161;22.49;32.28;33.41
291;2.995;6.161;22.49;32.5;33.53
292;2.994;6.161;22.49;32.5;33.64
293;2.99;6.161;22.49;32.5;33.53
294;2.988;6.161;22.49;32.61;33.53
295;2.986;6.161;22.49;32.61;33.64
296;2.984;6.161;22.49;32.61;33.64
297;2.985;6.161;22.49;32.72;33.64
298;2.985;6.161;22.49;32.72;33.64
299;2.985;6.161;22.49;32.83;33.87
300;2.986;6.161;22.49;32.83;33.87
301;2.987;6.16;22.49;32.94;33.64
302;2.988;6.161;22.49;32.94;33.64
303;2.982;6.16;22.49;32.94;33.87
304;2.98;6.161;22.49;32.94;33.87
305;2.977;6.16;22.6;32.94;33.99
306;2.976;6.161;22.49;33.05;33.99
307;2.975;6.161;22.49;33.05;33.99
308;2.978;6.161;22.49;33.05;33.99
309;2.98;6.161;22.49;33.16;34.11
310;2.979;6.161;22.49;33.05;34.11
311;2.977;6.161;22.49;33.16;34.23
312;2.978;6.161;22.49;33.27;34.23
313;2.978;6.161;22.49;33.27;34.23
314;2.977;6.161;22.49;33.38;33.41
315;2.976;6.161;22.49;33.38;33.99
316;2.975;6.161;22.49;33.38;34.34
317;2.973;6.161;22.49;33.5;34.34
318;2.974;6.161;22.49;33.38;34.34
319;2.976;6.161;22.49;33.5;34.46
320;2.977;6.161;22.6;33.61;34.34
321;2.976;6.16;22.49;33.5;34.93
322;2.974;6.16;22.49;33.61;34.58
323;2.973;6.16;22.49;33.61;34.7
324;2.968;6.161;22.49;33.61;34.46
325;2.972;6.161;22.49;33.61;34.58
326;2.969;6.161;22.49;33.61;34.46
327;2.969;6.161;22.49;33.72;34.7
328;2.97;6.161;22.49;33.72;34.7
329;2.971;6.161;22.6;33.94;34.58
330;2.969;6.161;22.49;33.83;34.46
331;2.967;6.161;22.49;33.94;34.81
332;2.967;6.161;22.49;33.83;34.81
333;2.967;6.161;22.49;33.94;34.81
334;2.967;6.161;22.6;34.06;34.93
335;2.965;6.161;22.6;33.94;34.93
336;2.964;6.161;22.6;34.17;34.81
337;2.964;6.161;22.49;33.94;35.05
338;2.963;6.16;22.49;34.06;35.05
339;2.96;6.161;22.49;34.17;35.05
340;2.962;6.161;22.49;34.17;35.17
341;2.963;6.161;22.49;34.17;35.17
342;2.963;6.161;22.49;34.17;35.17
343;2.964;6.161;22.6;34.4;35.17
344;2.964;6.161;22.49;34.4;35.29
345;2.966;6.161;22.49;34.4;35.65
346;2.968;6.161;22.49;34.28;35.29
347;2.965;6.16;22.49;34.4;35.29
348;2.966;6.161;22.49;34.4;33.87
349;2.966;6.161;22.49;34.4;35.29
350;2.964;6.161;22.49;34.51;35.53
351;2.963;6.161;22.49;34.51;35.29
352;2.966;6.161;22.49;34.51;35.53
353;2.966;6.161;22.49;34.51;35.53
354;2.966;6.16;22.6;34.62;35.65
355;2.968;6.16;22.49;34.62;35.53
356;2.968;6.16;22.49;35.19;35.53
357;2.966;6.161;22.49;34.74;35.65
358;2.964;6.161;22.49;34.74;35.77
359;2.963;6.16;22.6;34.74;35.65
360;2.962;6.16;22.49;34.74;35.77
361;2.962;6.161;22.49;34.85;35.77
362;2.96;6.161;22.6;34.85;35.77
363;2.96;6.161;22.6;34.85;35.77
364;2.958;6.161;22.6;34.96;35.77
365;2.956;6.16;22.49;34.96;35.89
366;2.954;6.161;22.49;34.96;35.89
367;2.956;6.16;22.49;34.85;36.01
368;2.957;6.161;22.6;35.08;36.01
369;2.954;6.161;22.49;35.3;35.77
370;2.953;6.161;22.49;35.08;35.89
371;2.95;6.161;22.49;35.19;35.89
372;2.95;6.161;22.49;35.19;36.13
373;2.951;6.161;22.49;35.19;36.13
374;2.951;6.161;22.49;35.19;36.13
375;2.951;6.161;22.49;35.3;36.13
376;2.95;6.161;22.49;35.3;36.13
377;2.951;6.161;22.49;35.42;36.25
378;2.948;6.161;22.49;35.3;36.37
379;2.948;6.161;22.49;35.42;36.25
380;2.95;6.161;22.49;35.42;36.25
381;2.949;6.161;22.49;35.53;36.25
382;2.948;6.161;22.49;35.53;36.37
383;2.949;6.161;22.49;35.53;36.37
384;2.947;6.161;22.29;35.53;36.61
385;2.945;6.161;22.49;35.53;36.37
386;2.944;6.161;22.49;35.53;36.37
387;2.944;6.161;22.49;35.65;36.49
388;2.943;6.16;22.49;35.65;36.49
389;2.945;6.16;22.49;35.65;36.49
390;2.946;6.161;22.49;35.65;36.61
391;2.948;6.161;22.49;35.76;36.74
392;2.946;6.161;22.49;35.76;36.74
393;2.944;6.161;22.6;35.88;36.86
394;2.947;6.161;22.49;35.88;37.35
395;2.945;6.161;22.49;36.92;36.74
396;2.943;6.161;22.49;35.88;36.86
397;2.944;6.161;22.49;35.88;36.74
398;2.942;6.161;22.49;35.99;36.86
399;2.94;6.161;22.49;35.99;36.86
400;2.94;6.161;22.49;35.88;36.86
401;2.942;6.161;22.49;35.88;36.74
402;2.939;6.161;22.49;36.11;36.98
403;2.94;6.161;22.49;36.11;36.98
404;2.94;6.161;22.49;36.11;36.98
405;2.949;6.161;22.49;36.22;36.98
406;2.943;6.161;22.49;36.11;36.86
407;2.94;6.161;22.49;36.22;36.98
408;2.937;6.161;22.49;36.22;37.1
409;2.935;6.161;22.49;36.22;37.23
410;2.938;6.161;22.49;36.34;37.1
411;2.938;6.161;22.49;36.22;37.23
412;2.936;6.161;22.49;36.34;37.1
413;2.937;6.161;22.49;36.34;37.6
414;2.938;6.161;22.49;36.46;37.23
415;2.934;6.161;22.49;36.34;37.35
416;2.936;6.161;22.49;36.57;37.6
417;2.936;6.161;22.49;36.57;37.35
418;2.935;6.161;22.49;36.46;37.35
419;2.935;6.161;22.49;36.57;37.23
420;2.934;6.161;22.49;36.57;37.35
421;2.933;6.161;22.49;36.57;37.47
422;2.932;6.161;22.49;36.57;37.35
423;2.929;6.161;22.6;36.69;37.47
424;2.931;6.161;22.6;36.69;37.47
425;2.928;6.161;22.6;36.69;37.47
426;2.93;6.161;22.7;36.69;37.1
427;2.928;6.161;22.49;36.81;37.72
428;2.929;6.161;22.49;36.81;37.47
429;2.928;6.161;22.49;36.81;37.6
430;2.928;6.161;22.49;36.81;37.72
431;2.926;6.161;22.6;36.81;37.72
432;2.926;6.161;22.6;36.92;37.72
433;2.926;6.161;22.6;36.92;37.72
434;2.928;6.161;22.6;36.92;38.09
435;2.925;6.161;22.6;36.92;37.84
436;2.923;6.161;22.49;36.92;37.84
437;2.926;6.161;22.6;37.04;37.84
438;2.926;6.16;22.6;37.04;37.84
439;2.92;6.161;22.6;37.16;37.84
440;2.917;6.161;22.49;37.16;37.84
441;2.919;6.161;22.6;37.27;37.84
442;2.919;6.161;22.6;37.16;37.97
443;2.921;6.161;22.7;37.16;37.97
444;2.92;6.161;22.6;37.27;37.97
445;2.924;6.161;22.6;37.27;38.09
446;2.926;6.161;22.6;37.27;37.97
447;2.924;6.161;22.6;37.27;38.09
448;2.92;6.161;22.6;37.27;38.09
449;2.918;6.161;22.7;37.74;37.97
450;2.916;6.161;22.6;37.39;38.09
451;2.913;6.161;22.6;37.39;38.22
452;2.917;6.161;22.6;37.39;38.22
453;2.923;6.161;22.6;37.27;38.34
454;2.917;6.16;22.6;37.51;38.22
455;2.917;6.161;22.6;37.63;38.22
456;2.918;6.161;22.6;37.51;38.34
457;2.918;6.161;22.6;37.63;38.22
458;2.919;6.161;22.6;37.51;38.22
459;2.915;6.161;22.49;37.63;38.34
460;2.914;6.161;22.6;37.63;38.34
461;2.912;6.161;22.6;37.63;38.34
462;2.909;6.161;22.6;37.63;38.47
463;2.915;6.16;22.6;37.74;38.47
464;2.908;6.16;22.49;37.63;38.47
465;2.91;6.161;22.6;37.74;38.47
466;2.912;6.161;22.49;37.86;38.47
467;2.91;6.161;22.6;37.74;38.6
468;2.92;6.161;22.49;37.86;38.6
469;2.923;6.161;22.49;37.86;38.72
470;2.921;6.161;22.6;37.86;38.6
471;2.918;6.161;22.49;37.86;38.6
472;2.918;6.161;22.6;37.98;38.47
473;2.916;6.161;22.49;37.86;38.85
474;2.916;6.161;22.49;37.98;38.72
475;2.913;6.161;22.49;37.98;38.85
476;2.914;6.161;22.49;37.98;38.72
477;2.905;6.161;22.49;37.98;38.72
478;2.903;6.161;22.49;38.22;38.72
479;2.898;6.161;22.49;38.1;38.85
480;2.91;6.161;22.49;38.1;38.98
481;2.919;6.161;22.49;38.22;38.98
482;2.918;6.161;22.49;38.1;38.85
483;2.914;6.16;22.6;38.22;38.98
484;2.915;6.161;22.49;38.22;39.1
485;2.919;6.161;22.49;38.1;38.98
486;2.917;6.161;22.49;38.22;38.98
487;2.918;6.161;22.49;38.22;38.98
488;2.916;6.161;22.49;38.34;38.98
489;2.919;6.161;22.49;38.34;39.1
490;2.915;6.161;22.49;38.22;38.98
491;2.915;6.161;22.49;38.46;39.1
492;2.914;6.161;22.49;38.34;39.1
493;2.912;6.161;22.49;38.34;39.23
494;2.909;6.161;22.49;38.34;39.1
495;2.909;6.161;22.49;38.58;39.36
496;2.911;6.161;22.49;38.46;39.23
497;2.916;6.161;22.49;37.98;39.36
498;2.915;6.161;22.49;38.58;39.23
499;2.915;6.161;22.49;38.58;39.36
500;2.917;6.161;22.49;38.58;39.36
501;2.917;6.161;22.49;38.58;39.49
502;2.917;6.161;22.49;38.58;39.36
503;2.918;6.161;22.49;38.58;39.36
504;2.918;6.161;22.49;38.58;39.36
505;2.918;6.16;22.49;38.58;39.36
506;2.917;6.161;22.49;38.58;39.23
507;2.917;6.161;22.49;38.7;39.49
508;2.917;6.161;22.49;38.7;39.49
509;2.917;6.161;22.49;38.94;39.36
510;2.914;6.161;22.49;38.82;39.49
511;2.915;6.161;22.49;38.82;39.61
512;2.914;6.161;22.49;38.82;39.61
513;2.912;6.161;22.49;38.82;39.61
514;2.912;6.161;22.49;38.82;39.36
515;2.911;6.161;22.49;38.82;39.36
516;2.91;6.161;22.49;38.82;39.61
517;2.909;6.161;22.49;38.82;39.61
518;2.909;6.161;22.6;38.94;39.74
519;2.908;6.161;22.6;38.94;39.61
520;2.908;6.161;22.6;39.06;39.74
521;2.906;6.16;22.6;38.82;39.74
522;2.905;6.16;22.6;39.06;39.74
523;2.905;6.161;22.6;39.3;39.87
524;2.907;6.161;22.7;39.06;38.98
525;2.907;6.161;22.6;39.18;39.74
526;2.907;6.161;22.6;39.18;39.87
527;2.906;6.161;22.6;39.18;39.87
528;2.906;6.161;22.6;39.18;39.87
529;2.906;6.161;22.6;39.18;39.87
530;2.905;6.161;22.6;39.3;39.87
531;2.905;6.161;22.6;39.18;39.74
532;2.905;6.161;22.49;39.3;40.26
533;2.905;6.161;22.49;39.3;40.0
534;2.904;6.161;22.49;39.3;40.13
535;2.903;6.161;22.6;39.3;40.0
536;2.903;6.161;22.49;39.42;40.0
537;2.901;6.161;22.49;39.42;40.0
538;2.901;6.161;22.49;39.54;40.13
539;2.901;6.161;22.6;39.66;40.13
540;2.898;6.161;22.49;39.42;40.13
541;2.896;6.161;22.6;39.42;40.13
542;2.896;6.161;22.49;39.54;40.13
543;2.894;6.161;22.49;39.54;40.13
544;2.893;6.161;22.6;39.42;40.26
545;2.891;6.161;22.6;39.54;40.13
546;2.891;6.161;22.49;39.54;40.26
547;2.891;6.161;22.49;39.66;40.26
548;2.891;6.161;22.49;39.66;40.26
549;2.89;6.161;22.6;39.54;40.13
550;2.89;6.161;22.6;39.78;40.52
551;2.889;6.161;22.49;39.66;40.39
552;2.888;6.161;22.49;39.78;40.52
553;2.888;6.161;22.49;39.78;40.39
554;2.886;6.161;22.49;39.78;40.39
555;2.887;6.161;22.49;39.78;40.39
556;2.885;6.161;22.49;39.78;40.39
557;2.887;6.161;22.49;39.78;40.52
558;2.887;6.161;22.6;39.78;40.52
559;2.887;6.161;22.49;39.91;40.52
560;2.887;6.161;22.49;39.91;40.52
561;2.884;6.161;22.49;39.91;40.65
562;2.884;6.161;22.49;39.91;40.78
563;2.885;6.161;22.49;40.03;40.65
564;2.884;6.161;22.49;40.03;40.65
565;2.885;6.161;22.49;38.58;38.98
566;2.885;6.161;22.49;40.03;40.65
567;2.883;6.161;22.49;40.03;40.65
568;2.881;6.161;22.6;38.82;40.65
569;2.88;6.161;22.6;40.03;40.78
570;2.88;6.161;22.6;39.91;40.78
571;2.879;6.161;22.49;40.27;40.78
572;2.882;6.161;22.6;40.27;41.18
573;2.879;6.161;22.49;40.27;40.78
574;2.878;6.161;22.49;40.03;41.18
575;2.878;6.161;22.6;40.27;40.78
576;2.877;6.161;22.6;40.15;40.91
577;2.877;6.161;22.49;40.27;40.91
578;2.876;6.161;22.6;40.27;40.91
579;2.875;6.161;22.6;40.27;40.91
580;2.878;6.16;22.49;40.27;41.04
581;2.878;6.161;22.6;40.27;41.04
582;2.877;6.16;22.6;40.4;40.91
583;2.875;6.161;22.49;40.4;41.04
584;2.873;6.161;22.6;40.4;41.04
585;2.872;6.161;22.6;40.52;40.91
586;2.872;6.161;22.6;40.52;41.31
587;2.873;6.161;22.6;40.52;41.04
588;2.872;6.161;22.6;40.52;41.18
589;2.871;6.161;22.6;40.64;41.18
590;2.869;6.161;22.6;40.64;41.31
591;2.871;6.161;22.6;40.64;41.31
592;2.873;6.161;22.6;40.64;41.18
593;2.873;6.161;22.6;40.64;41.18
594;2.872;6.16;22.6;40.52;41.44
595;2.872;6.161;22.6;40.77;41.04
596;2.872;6.161;22.6;40.89;41.44
597;2.871;6.161;22.6;40.77;41.31
598;2.871;6.161;22.6;40.77;41.31
599;2.87;6.161;22.6;40.77;41.31
600;2.871;6.161;22.6;40.77;40.91
601;2.871;6.16;22.6;40.89;41.44
602;2.871;6.161;22.6;40.89;41.44
603;2.87;6.161;22.6;40.89;41.44
604;2.868;6.16;22.6;40.89;41.44
605;2.867;6.161;22.6;41.01;41.44
606;2.866;6.161;22.6;41.01;42.24
607;2.863;6.16;22.6;40.89;41.57
608;2.86;6.161;22.6;41.01;41.84
609;2.858;6.161;22.6;41.01;41.57
610;2.857;6.161;22.6;41.01;41.57
611;2.857;6.161;22.6;41.01;41.57
612;2.856;6.161;22.6;41.01;41.57
613;2.854;6.16;22.6;41.01;41.57
614;2.853;6.16;22.6;41.14;41.57
615;2.851;6.16;22.6;41.14;41.71
616;2.849;6.16;22.6;41.14;41.57
617;2.848;6.161;22.6;41.14;41.71
618;2.851;6.161;22.6;41.14;41.84
619;2.848;6.161;22.6;41.14;43.06
620;2.847;6.16;22.6;41.26;41.71
621;2.844;6.161;22.6;41.26;41.84
622;2.842;6.16;22.6;41.26;41.44
623;2.84;6.161;22.6;41.26;41.71
624;2.838;6.161;22.6;41.39;41.71
625;2.834;6.161;22.6;41.26;41.97
626;2.833;6.161;22.6;41.39;41.84
627;2.83;6.161;22.6;41.39;41.84
628;2.833;6.161;22.6;41.39;41.84
629;2.837;6.161;22.6;41.39;41.97
630;2.847;6.161;22.6;41.39;41.97
631;2.847;6.161;22.6;41.51;41.84
632;2.845;6.161;22.6;41.39;41.97
633;2.844;6.161;22.6;41.64;41.97
634;2.841;6.161;22.6;41.51;42.11
635;2.839;6.16;22.6;41.51;42.11
636;2.832;6.161;22.6;41.51;42.11
637;2.826;6.161;22.6;41.51;42.11
638;2.826;6.161;22.6;41.64;42.24
639;2.823;6.161;22.6;41.39;42.51
640;2.83;6.161;22.6;41.64;41.84
641;2.83;6.161;22.6;41.64;42.24
642;2.83;6.161;22.6;41.64;42.24
643;2.835;6.161;22.6;41.64;42.24
644;2.834;6.161;22.6;41.64;42.24
645;2.835;6.161;22.6;41.76;42.24
646;2.831;6.161;22.6;41.64;42.24
647;2.831;6.161;22.6;41.89;42.51
648;2.832;6.161;22.6;41.76;42.24
649;2.833;6.161;22.49;41.76;42.24
650;2.834;6.161;22.6;41.76;42.38
651;2.833;6.161;22.6;41.89;42.38
652;2.835;6.161;22.49;41.89;42.24
653;2.834;6.161;22.49;41.76;42.38
654;2.838;6.16;22.49;41.89;42.38
655;2.834;6.16;22.49;42.02;42.38
656;2.831;6.16;22.6;41.89;42.38
657;2.825;6.161;22.7;41.89;43.61
658;2.824;6.161;22.6;41.89;42.51
659;2.822;6.161;22.49;42.02;42.24
660;2.817;6.161;22.49;42.02;42.51
661;2.815;6.161;22.49;42.02;42.51
662;2.814;6.161;22.49;42.02;42.51
663;2.817;6.161;22.49;42.14;42.51
664;2.817;6.161;22.49;42.14;42.51
665;2.815;6.161;22.49;42.14;42.65
666;2.826;6.161;22.49;41.89;42.51
667;2.829;6.161;22.49;42.14;42.51
668;2.829;6.16;22.49;42.14;42.65
669;2.829;6.161;22.49;42.27;42.65
670;2.829;6.161;22.49;42.27;42.65
671;2.829;6.161;22.49;42.27;42.79
672;2.828;6.161;22.49;42.02;42.79
673;2.827;6.161;22.49;42.14;42.79
674;2.825;6.161;22.49;42.27;42.79
675;2.807;6.161;22.49;42.14;43.06
676;2.8;6.161;22.49;42.4;42.79
677;2.797;6.161;22.49;42.4;42.79
678;2.797;6.161;22.49;42.4;42.92
679;2.801;6.161;22.49;42.4;42.92
680;2.786;6.16;22.49;42.52;42.92
681;2.809;6.161;22.49;42.4;42.92
682;2.81;6.161;22.49;42.4;42.92
683;2.81;6.161;22.49;42.52;42.92
684;2.809;6.161;22.6;42.52;42.92
685;2.807;6.161;22.49;42.52;42.92
686;2.807;6.161;22.49;42.65;42.79
687;2.805;6.161;22.49;42.52;43.06
688;2.806;6.161;22.49;42.65;43.06
689;2.805;6.161;22.49;42.65;43.06
690;2.805;6.161;22.49;42.65;43.06
691;2.804;6.161;22.49;42.65;42.92
692;2.795;6.161;22.49;42.78;42.92
693;2.787;6.161;22.49;42.65;42.79
694;2.79;6.161;22.49;42.78;43.06
695;2.781;6.161;22.49;42.78;43.2
696;2.788;6.161;22.49;42.78;43.2
697;2.788;6.161;22.49;42.91;43.06
698;2.786;6.161;22.49;42.78;43.06
699;2.785;6.161;22.49;42.78;43.2
700;2.792;6.161;22.49;43.03;43.06
701;2.798;6.161;22.49;42.78;43.47
702;2.795;6.161;22.49;42.91;43.2
703;2.795;6.161;22.49;42.91;43.33
704;2.794;6.161;22.49;42.78;43.33
705;2.793;6.161;22.49;42.78;43.2
706;2.792;6.161;22.49;43.16;43.2
707;2.794;6.161;22.49;43.03;43.33
708;2.79;6.161;22.49;42.91;43.2
709;2.793;6.161;22.49;42.65;43.33
710;2.791;6.161;22.49;43.03;43.47
711;2.791;6.161;22.49;43.03;43.33
712;2.791;6.161;22.49;43.03;43.47
713;2.79;6.161;22.49;43.03;43.33
714;2.788;6.161;22.49;43.03;43.47
715;2.787;6.161;22.49;43.03;43.47
716;2.787;6.161;22.49;43.03;43.47
717;2.784;6.161;22.49;43.16;43.47
718;2.785;6.161;22.49;43.16;43.47
719;2.786;6.161;22.49;42.02;43.33
720;2.787;6.161;22.49;43.16;44.03
721;2.795;6.161;22.49;43.16;43.61
722;2.798;6.161;22.49;43.29;43.61
723;2.797;6.161;22.49;43.29;43.61
724;2.8;6.161;22.49;43.29;43.61
725;2.801;6.161;22.6;43.29;43.75
726;2.801;6.161;22.49;43.29;44.03
727;2.801;6.161;22.49;43.29;43.89
728;2.801;6.161;22.49;43.29;43.89
729;2.801;6.161;22.49;43.29;43.75
730;2.8;6.161;22.49;43.42;43.75
731;2.799;6.161;22.49;43.42;43.75
732;2.799;6.161;22.49;43.29;43.75
733;2.799;6.161;22.49;43.42;43.75
734;2.798;6.161;22.49;43.42;43.75
735;2.797;6.161;22.49;43.42;43.75
736;2.797;6.161;22.49;43.68;43.89
737;2.796;6.161;22.49;43.55;43.75
738;2.797;6.161;22.49;43.55;43.89
739;2.796;6.161;22.49;43.55;43.89
740;2.795;6.161;22.49;43.42;43.89
741;2.794;6.161;22.49;43.68;43.89
742;2.794;6.161;22.6;43.55;43.89
743;2.792;6.161;22.49;43.55;43.89
744;2.792;6.161;22.49;43.55;44.03
745;2.792;6.161;22.49;43.55;44.03
746;2.79;6.161;22.49;43.68;44.03
747;2.788;6.161;22.49;43.81;44.45
748;2.787;6.161;22.49;43.81;44.03
749;2.786;6.161;22.6;43.68;44.03
750;2.787;6.161;22.49;43.68;44.03
751;2.786;6.161;22.49;43.68;44.03
752;2.786;6.161;22.49;43.68;44.03
753;2.785;6.161;22.49;43.55;44.17
754;2.785;6.161;22.49;43.81;44.17
755;2.785;6.161;22.49;43.68;44.17
756;2.784;6.161;22.49;43.81;44.17
757;2.783;6.161;22.49;43.81;44.03
758;2.779;6.161;22.49;43.81;44.31
759;2.779;6.161;22.49;43.81;44.31
760;2.78;6.161;22.49;43.81;44.03
761;2.779;6.161;22.49;43.81;44.17
762;2.778;6.161;22.49;43.94;44.17
763;2.777;6.161;22.49;43.94;44.31
764;2.775;6.161;22.49;43.94;44.31
765;2.775;6.161;22.49;44.07;44.45
766;2.773;6.161;22.6;43.81;44.31
767;2.774;6.161;22.49;43.94;44.45
768;2.777;6.161;22.6;43.94;44.59
769;2.774;6.161;22.6;44.07;44.31
770;2.772;6.161;22.6;43.94;44.31
771;2.768;6.161;22.49;44.07;44.31
772;2.766;6.161;22.49;44.07;44.45
773;2.765;6.161;22.6;44.07;44.45
774;2.765;6.161;22.6;44.07;44.45
775;2.763;6.161;22.6;44.07;44.31
776;2.761;6.161;22.6;44.07;44.45
777;2.76;6.161;22.6;44.2;44.45
778;2.759;6.161;22.6;44.2;44.45
779;2.76;6.161;22.6;44.2;44.45
780;2.761;6.161;22.6;44.2;44.45
781;2.76;6.161;22.6;44.2;44.59
782;2.758;6.161;22.6;44.2;44.59
783;2.761;6.161;22.6;44.2;44.59
784;2.761;6.161;22.6;44.33;44.59
785;2.755;6.161;22.6;44.33;44.59
786;2.753;6.161;22.6;44.33;44.59
787;2.754;6.161;22.6;44.33;44.87
788;2.755;6.161;22.6;44.33;44.59
789;2.753;6.161;22.6;44.33;44.59
790;2.753;6.161;22.6;44.46;42.79
791;2.752;6.161;22.6;44.33;44.73
792;2.751;6.16;22.6;44.33;44.73
793;2.751;6.161;22.6;44.6;45.01
794;2.749;6.161;22.6;44.33;44.87
795;2.751;6.161;22.6;44.46;44.73
796;2.749;6.161;22.6;44.6;44.59
797;2.748;6.161;22.6;44.46;44.73
798;2.747;6.161;22.6;44.46;44.87
799;2.747;6.161;22.6;44.6;44.73
800;2.748;6.161;22.6;44.6;44.87
801;2.749;6.161;22.6;44.6;44.73
802;2.747;6.161;22.6;44.6;45.01
803;2.744;6.161;22.6;44.6;44.73
804;2.745;6.161;22.6;44.6;44.87
805;2.744;6.161;22.6;44.6;44.87
806;2.741;6.161;22.6;44.6;44.87
807;2.741;6.161;22.6;44.6;44.87
808;2.74;6.161;22.6;44.73;44.87
809;2.739;6.161;22.6;44.73;44.87
810;2.736;6.16;22.6;44.73;44.45
811;2.735;6.16;22.49;44.86;44.87
812;2.733;6.16;22.49;44.73;45.01
813;2.733;6.16;22.39;44.86;45.01
814;2.733;6.16;22.49;44.86;45.01
815;2.73;6.161;22.49;44.86;45.01
816;2.729;6.161;22.49;44.86;45.01
817;2.725;6.16;22.49;44.86;45.16
818;2.724;6.161;22.49;44.73;45.01
819;2.722;6.161;22.49;44.86;45.16
820;2.723;6.161;22.49;44.86;45.59
821;2.723;6.16;22.49;44.86;45.16
822;2.72;6.16;22.49;44.86;45.16
823;2.719;6.16;22.49;44.73;45.44
824;2.719;6.16;22.49;44.86;45.3
825;2.718;6.16;22.49;44.99;45.16
826;2.716;6.16;22.49;44.99;45.16
827;2.714;6.16;22.49;44.99;45.3
828;2.714;6.16;22.49;44.99;45.3
829;2.715;6.16;22.49;44.99;45.3
830;2.713;6.16;22.49;44.6;45.3
831;2.714;6.161;22.49;44.99;45.16
832;2.714;6.161;22.6;45.13;45.3
833;2.714;6.16;22.6;45.13;45.3
834;2.714;6.161;22.6;45.13;45.44
835;2.712;6.161;22.6;45.13;45.3
836;2.712;6.16;22.6;45.13;45.3
837;2.721;6.161;22.6;45.26;45.3
838;2.731;6.161;22.6;45.13;45.16
839;2.732;6.161;22.6;45.26;45.44
840;2.731;6.161;22.6;45.13;45.44
841;2.732;6.161;22.6;45.13;45.44
842;2.731;6.161;22.7;45.53;45.44
843;2.73;6.161;22.6;45.26;45.44
844;2.732;6.161;22.7;45.13;45.3
845;2.733;6.161;22.6;45.39;45.3
846;2.733;6.161;22.6;45.26;45.44
847;2.731;6.161;22.7;45.26;45.44
848;2.733;6.161;22.7;45.13;45.73
849;2.733;6.161;22.6;45.39;45.59
850;2.737;6.161;22.7;45.39;45.44
851;2.736;6.161;22.7;45.26;45.44
852;2.737;6.161;22.7;45.39;45.44
853;2.736;6.16;22.7;45.39;45.59
854;2.736;6.161;22.6;45.39;45.59
855;2.735;6.161;22.6;45.39;45.59
856;2.737;6.16;22.7;45.66;45.59
857;2.737;6.161;22.6;45.53;45.73
858;2.739;6.16;22.6;45.39;45.73
859;2.741;6.161;22.6;45.53;45.73
860;2.742;6.161;22.6;45.53;45.44
861;2.74;6.161;22.7;45.53;45.73
862;2.74;6.161;22.6;45.53;45.73
863;2.74;6.161;22.6;45.53;45.88
864;2.74;6.161;22.6;45.53;45.73
865;2.739;6.161;22.6;45.66;45.73
866;2.739;6.161;22.39;45.66;45.73
867;2.74;6.161;22.6;45.53;45.88
868;2.739;6.161;22.6;45.66;45.88
869;2.74;6.161;22.6;45.53;45.88
870;2.741;6.161;22.6;45.8;45.44
871;2.741;6.161;22.7;45.66;45.88
872;2.74;6.161;22.6;45.66;45.88
873;2.74;6.161;22.7;45.66;45.88
874;2.74;6.161;22.6;45.66;45.88
875;2.74;6.161;22.6;45.66;45.88
876;2.739;6.161;22.6;45.66;45.88
877;2.739;6.161;22.6;45.66;45.88
878;2.738;6.161;22.6;45.93;46.02
879;2.738;6.161;22.6;45.66;45.73
880;2.737;6.16;22.6;45.53;45.88
881;2.737;6.161;22.6;45.8;46.17
882;2.737;6.161;22.7;45.8;46.46
883;2.737;6.161;22.6;45.66;46.02
884;2.737;6.161;22.6;45.8;46.02
885;2.737;6.161;22.6;45.93;46.02
886;2.737;6.16;22.6;45.8;46.31
887;2.736;6.16;22.6;45.93;46.17
888;2.736;6.16;22.6;45.93;46.17
889;2.736;6.161;22.6;45.93;46.17
890;2.735;6.16;22.6;45.93;46.17
891;2.735;6.16;22.6;45.93;46.02
892;2.735;6.16;22.6;46.07;46.17
893;2.734;6.16;22.6;46.07;46.02
894;2.734;6.161;22.6;45.93;46.17
895;2.733;6.161;22.6;46.07;46.17
896;2.733;6.161;22.6;45.93;46.02
897;2.732;6.161;22.6;45.93;46.46
898;2.731;6.161;22.6;46.07;46.31
899;2.731;6.161;22.6;46.07;46.17
900;2.731;6.161;22.6;46.2;46.31
901;2.73;6.161;22.6;46.07;46.31
902;2.73;6.161;22.6;45.13;46.31
903;2.73;6.161;22.6;46.2;46.31
904;2.729;6.161;22.7;46.2;46.31
905;2.729;6.161;22.6;46.2;46.31
906;2.728;6.161;22.6;46.2;46.02
907;2.728;6.161;22.6;46.2;46.31
908;2.728;6.161;22.6;46.2;46.31
909;2.727;6.161;22.6;46.2;46.46
910;2.726;6.161;22.6;46.2;46.46
911;2.726;6.161;22.39;46.34;46.46
912;2.726;6.161;22.6;46.2;46.46
913;2.725;6.161;22.6;46.07;46.46
914;2.725;6.161;22.6;46.34;46.61
915;2.724;6.161;22.6;46.2;46.46
916;2.723;6.16;22.49;46.2;46.61
917;2.723;6.161;22.6;46.2;46.46
918;2.723;6.161;22.6;46.34;46.61
919;2.722;6.16;22.6;46.34;46.61
920;2.722;6.16;22.6;46.47;46.61
921;2.721;6.161;22.6;46.47;46.61
922;2.721;6.161;22.49;46.34;46.61
923;2.72;6.161;22.49;46.34;46.61
924;2.719;6.161;22.6;46.34;46.75
925;2.719;6.161;22.6;46.47;46.61
926;2.718;6.161;22.6;46.61;46.75
927;2.718;6.161;22.6;46.47;46.61
928;2.717;6.161;22.49;46.75;46.75
929;2.717;6.161;22.6;46.34;46.75
930;2.716;6.161;22.6;46.47;46.61
931;2.715;6.161;22.49;46.47;46.46
932;2.715;6.161;22.6;46.61;46.61
933;2.715;6.161;22.49;46.75;46.46
934;2.714;6.161;22.6;46.61;46.75
935;2.714;6.161;22.6;46.61;46.75
936;2.713;6.161;22.49;46.61;46.61
937;2.713;6.161;22.49;46.75;46.75
938;2.713;6.161;22.6;46.61;46.61
939;2.712;6.161;22.6;46.61;46.75
940;2.711;6.161;22.6;46.61;46.75
941;2.711;6.161;22.6;46.75;46.75
942;2.71;6.161;22.6;46.75;46.9
943;2.71;6.161;22.6;46.75;46.75
944;2.71;6.161;22.6;46.88;46.9
945;2.709;6.161;22.6;46.75;46.75
946;2.709;6.16;22.6;46.75;46.75
947;2.708;6.161;22.6;46.75;46.9
948;2.708;6.16;22.7;46.88;46.9
949;2.708;6.16;22.7;46.88;46.9
950;2.707;6.16;22.7;46.88;47.05
951;2.707;6.16;22.7;46.88;46.75
952;2.706;6.16;22.7;47.02;46.9
953;2.706;6.16;22.8;46.88;46.9
954;2.705;6.16;22.7;46.88;47.05
955;2.705;6.16;22.7;46.75;46.9
956;2.704;6.161;22.7;47.02;46.9
957;2.704;6.16;22.7;47.02;47.05
958;2.703;6.161;22.7;46.88;47.35
959;2.703;6.16;22.7;47.02;47.05
960;2.702;6.161;22.7;47.02;47.05
961;2.702;6.16;22.7;47.02;46.9
962;2.701;6.161;22.7;47.02;47.05
963;2.701;6.161;22.7;47.02;47.2
964;2.701;6.161;22.7;47.02;47.05
965;2.7;6.16;22.7;47.02;47.05
966;2.7;6.161;22.7;47.3;47.05
967;2.699;6.161;22.7;47.16;47.2
968;2.699;6.161;22.7;47.16;47.05
969;2.698;6.161;22.7;47.16;47.05
970;2.698;6.161;22.7;47.3;46.61
971;2.697;6.161;22.7;47.16;47.2
972;2.697;6.161;22.7;47.16;47.2
973;2.696;6.16;22.7;47.3;47.35
974;2.696;6.161;22.7;47.16;47.2
975;2.696;6.161;22.7;47.16;47.2
976;2.695;6.161;22.7;47.3;47.2
977;2.695;6.161;22.8;47.3;47.35
978;2.694;6.161;22.7;47.3;47.35
979;2.694;6.161;22.7;47.3;47.35
980;2.693;6.161;22.7;47.3;47.2
981;2.693;6.161;22.7;47.3;47.35
982;2.692;6.161;22.7;47.3;47.35
983;2.692;6.161;22.8;47.3;47.35
984;2.691;6.161;22.7;47.57;47.35
985;2.69;6.16;22.7;47.57;47.35
986;2.69;6.161;22.7;47.44;47.35
987;2.69;6.16;22.7;47.57;47.35
988;2.689;6.16;22.7;47.3;47.5
989;2.688;6.161;22.7;47.3;47.5
990;2.688;6.16;22.7;47.02;49.96
991;2.687;6.161;22.7;47.44;47.5
992;2.687;6.161;22.7;47.3;47.5
993;2.686;6.161;22.7;47.57;47.5
994;2.686;6.161;22.7;47.44;47.65
995;2.685;6.161;22.7;47.57;47.5
996;2.685;6.16;22.7;47.57;47.5
997;2.685;6.161;22.7;47.57;47.5
998;2.685;6.16;22.7;47.57;47.65
999;2.684;6.161;22.7;47.57;47.65
1000;2.683;6.161;22.7;47.57;47.65
1001;2.682;6.161;22.7;47.71;47.65
1002;2.682;6.161;22.7;47.71;47.65
1003;2.681;6.161;22.6;47.71;47.8
1004;2.681;6.161;22.7;47.71;47.65
1005;2.68;6.161;22.7;47.71;47.8
1006;2.679;6.161;22.7;47.99;47.95
1007;2.679;6.161;22.7;47.71;47.65
1008;2.679;6.161;22.7;47.71;47.65
1009;2.678;6.161;22.7;47.85;47.95
1010;2.678;6.161;22.7;47.71;47.8
1011;2.678;6.161;22.7;47.85;47.95
1012;2.677;6.161;22.7;47.85;48.1
1013;2.677;6.161;22.7;47.71;47.65
1014;2.676;6.161;22.6;47.85;47.8
1015;2.676;6.161;22.7;47.71;47.8
1016;2.675;6.161;22.7;47.85;47.65
1017;2.675;6.161;22.7;47.85;47.8
1018;2.674;6.161;22.6;47.85;47.95
1019;2.674;6.161;22.6;47.99;47.8
1020;2.674;6.161;22.6;47.85;47.95
1021;2.673;6.161;22.6;47.85;47.8
1022;2.673;6.161;22.7;47.99;47.8
1023;2.672;6.161;22.6;47.85;47.8
1024;2.671;6.161;22.6;47.99;48.1
1025;2.671;6.161;22.7;47.99;47.8
1026;2.67;6.161;22.6;47.99;47.95
1027;2.67;6.161;22.7;48.13;47.95
1028;2.669;6.161;22.7;48.13;48.4
1029;2.669;6.161;22.6;47.99;47.95
1030;2.669;6.16;22.7;48.13;47.95
1031;2.668;6.161;22.6;48.13;48.1
1032;2.668;6.161;22.6;48.13;48.1
1033;2.667;6.161;22.7;48.13;48.1
1034;2.667;6.161;22.6;48.13;46.61
1035;2.666;6.161;22.7;48.13;48.25
1036;2.666;6.161;22.6;48.13;48.1
1037;2.666;6.161;22.6;48.13;48.25
1038;2.665;6.161;22.7;48.13;48.1
1039;2.664;6.161;22.7;47.85;48.1
1040;2.664;6.161;22.7;47.99;48.1
1041;2.663;6.161;22.7;48.13;49.64
1042;2.663;6.161;22.7;48.13;48.25
1043;2.662;6.161;22.7;48.28;47.95
1044;2.662;6.161;22.6;48.28;48.25
1045;2.661;6.161;22.7;48.13;48.4
1046;2.661;6.161;22.6;48.42;48.4
1047;2.66;6.161;22.7;48.28;47.95
1048;2.66;6.161;22.7;48.42;48.25
1049;2.659;6.161;22.7;48.42;48.1
1050;2.659;6.161;22.7;48.42;48.25
1051;2.658;6.161;22.6;48.42;48.71
1052;2.658;6.161;22.7;48.28;48.4
1053;2.657;6.16;22.7;48.42;48.25
1054;2.657;6.161;22.6;48.42;48.25
1055;2.656;6.161;22.7;48.42;48.4
1056;2.656;6.16;22.7;48.42;48.4
1057;2.656;6.16;22.7;48.28;48.1
1058;2.655;6.161;22.7;48.42;48.4
1059;2.655;6.161;22.6;48.56;48.71
1060;2.654;6.161;22.7;48.56;48.4
1061;2.654;6.161;22.7;48.56;48.4
1062;2.653;6.161;22.7;48.56;50.44
