time;voltage;current;ambient_temperature;surface_temperature_plus;surface_temperature_minus
0;0.003;0.0;21.18;19.26;19.92
1;3.403;4.389;21.18;19.16;20.02
2;3.31;4.62;21.18;19.26;19.92
3;3.313;4.62;21.18;19.26;19.92
4;3.308;4.62;21.18;19.16;19.92
5;3.308;4.62;21.18;19.37;19.82
6;3.314;4.62;21.18;19.26;20.02
7;3.318;4.62;21.18;19.26;19.92
8;3.318;4.62;21.18;19.26;20.02
9;3.318;4.62;21.18;19.26;19.92
10;3.317;4.62;21.18;19.06;20.02
11;3.316;4.62;21.18;19.26;20.02
12;3.314;4.62;21.18;19.37;19.92
13;3.314;4.62;21.18;19.37;20.02
14;3.312;4.62;21.18;19.37;20.02
15;3.31;4.62;21.18;19.37;19.92
16;3.309;4.62;21.18;19.16;20.02
17;3.308;4.62;21.18;19.47;20.72
18;3.306;4.62;21.18;19.37;19.92
19;3.304;4.62;21.18;19.37;20.12
20;3.302;4.62;21.18;19.37;20.12
21;3.301;4.62;21.18;19.47;20.12
22;3.3;4.62;21.18;19.47;20.12
23;3.298;4.62;21.18;19.47;20.02
24;3.297;4.62;21.18;19.47;20.12
25;3.296;4.62;21.18;19.57;20.02
26;3.294;4.62;21.18;19.57;20.32
27;3.293;4.62;21.28;19.57;20.22
28;3.293;4.62;21.18;19.57;20.32
29;3.292;4.62;21.28;19.67;21.52
30;3.291;4.62;21.18;19.57;19.23
31;3.291;4.62;21.18;19.57;20.32
32;3.29;4.62;21.28;19.67;20.42
33;3.289;4.62;21.18;19.57;20.32
34;3.289;4.62;21.18;19.67;20.42
35;3.288;4.62;21.18;19.77;20.42
36;3.287;4.62;21.18;19.77;20.42
37;3.286;4.62;21.18;19.77;20.52
38;3.286;4.62;21.18;19.77;20.52
39;3.285;4.62;21.18;19.77;20.52
40;3.284;4.62;21.18;19.77;20.52
41;3.284;4.62;21.18;19.77;20.62
42;3.284;4.62;21.18;19.87;20.62
43;3.284;4.62;21.18;19.87;20.72
44;3.283;4.62;21.28;19.87;20.62
45;3.283;4.62;21.18;20.07;20.72
46;3.282;4.62;21.18;19.87;20.62
47;3.282;4.62;21.18;20.07;20.72
48;3.282;4.62;21.18;19.97;20.72
49;3.281;4.62;21.18;19.97;20.72
50;3.281;4.62;21.18;19.97;20.82
51;3.28;4.62;21.28;19.97;20.82
52;3.281;4.62;21.18;20.07;20.82
53;3.28;4.62;21.28;20.07;20.92
54;3.279;4.62;21.18;20.07;20.92
55;3.279;4.62;21.18;20.17;20.92
56;3.279;4.62;21.18;20.07;20.92
57;3.278;4.62;21.18;20.17;21.02
58;3.277;4.62;21.28;20.17;21.02
59;3.277;4.62;21.28;20.27;21.02
60;3.277;4.62;21.18;20.27;21.22
61;3.277;4.62;21.18;20.27;21.12
62;3.277;4.62;21.18;20.27;21.12
63;3.277;4.62;21.18;20.27;21.12
64;3.277;4.62;21.18;20.37;21.22
65;3.277;4.62;21.18;20.37;21.22
66;3.277;4.62;21.18;20.37;21.22
67;3.278;4.62;21.18;20.37;21.22
68;3.277;4.62;21.18;20.37;20.72
69;3.278;4.62;21.18;20.37;21.12
70;3.278;4.62;21.18;20.47;21.42
71;3.278;4.62;21.18;20.47;21.12
72;3.278;4.62;21.18;20.47;21.42
73;3.279;4.62;21.18;20.37;21.32
74;3.279;4.62;21.18;20.57;21.42
75;3.279;4.62;21.18;20.57;21.52
76;3.279;4.62;21.18;20.67;21.22
77;3.279;4.62;21.18;20.67;21.32
78;3.279;4.62;21.18;20.67;21.62
79;3.279;4.62;21.18;20.77;21.62
80;3.279;4.62;21.18;20.67;21.62
81;3.279;4.62;21.18;20.67;21.73
82;3.279;4.62;21.18;20.77;21.73
83;3.28;4.62;21.18;20.77;21.62
84;3.28;4.62;21.18;20.87;21.73
85;3.28;4.62;21.18;20.87;21.83
86;3.28;4.62;21.28;20.87;21.73
87;3.28;4.62;21.28;20.98;21.83
88;3.28;4.62;21.18;20.98;21.93
89;3.28;4.62;21.18;20.98;21.83
90;3.28;4.62;21.18;21.08;21.22
91;3.28;4.62;21.18;20.98;21.93
92;3.28;4.62;21.18;21.08;21.93
93;3.28;4.62;21.18;21.08;22.13
94;3.28;4.62;21.18;21.08;22.03
95;3.281;4.62;21.18;21.18;22.13
96;3.281;4.62;21.28;21.18;22.13
97;3.281;4.62;21.18;21.18;22.13
98;3.281;4.62;21.18;21.18;22.13
99;3.281;4.62;21.08;21.28;22.13
100;3.281;4.62;21.18;21.38;22.43
101;3.281;4.62;21.08;21.28;22.33
102;3.281;4.62;21.18;21.38;22.13
103;3.281;4.62;21.08;21.38;22.23
104;3.281;4.62;21.18;21.28;22.33
105;3.281;4.62;21.18;21.38;22.43
106;3.281;4.62;21.18;21.38;22.33
107;3.281;4.62;21.18;21.38;22.43
108;3.281;4.62;21.18;21.48;22.43
109;3.281;4.62;21.18;21.48;22.43
110;3.281;4.62;21.18;21.48;22.43
111;3.281;4.62;21.08;21.58;22.53
112;3.281;4.62;21.18;21.58;22.53
113;3.281;4.62;21.18;21.58;22.53
114;3.281;4.62;21.18;21.68;22.43
115;3.281;4.62;21.08;21.68;22.64
116;3.281;4.62;21.18;21.68;22.64
117;3.281;4.62;21.18;21.78;22.74
118;3.281;4.62;21.18;21.78;22.74
119;3.282;4.62;21.18;21.78;22.74
120;3.282;4.62;21.18;21.89;22.74
121;3.282;4.62;21.18;21.78;22.74
122;3.282;4.62;21.18;21.89;22.84
123;3.282;4.62;21.18;21.89;22.84
124;3.282;4.62;21.08;21.89;22.84
125;3.282;4.62;21.08;21.89;23.04
126;3.282;4.62;21.18;21.99;22.94
127;3.282;4.62;21.08;21.99;22.94
128;3.282;4.62;21.18;21.99;22.94
129;3.282;4.62;21.18;22.19;23.04
130;3.282;4.62;21.08;22.19;23.15
131;3.282;4.62;21.08;22.19;23.15
132;3.282;4.62;21.18;22.09;23.15
133;3.282;4.62;21.08;22.19;23.15
134;3.282;4.62;21.08;22.19;23.15
135;3.282;4.62;21.08;22.19;23.25
136;3.282;4.62;21.08;22.19;23.35
137;3.282;4.62;21.28;22.29;23.25
138;3.282;4.62;21.18;22.29;23.25
139;3.282;4.62;21.08;22.39;23.35
140;3.282;4.62;21.08;22.29;23.35
141;3.282;4.62;21.08;22.39;23.45
142;3.282;4.62;21.08;22.39;23.45
143;3.282;4.62;21.08;22.39;23.45
144;3.282;4.62;21.08;22.49;23.45
145;3.282;4.62;21.08;22.6;23.56
146;3.282;4.62;21.08;22.49;23.56
147;3.282;4.62;21.08;22.6;23.66
148;3.282;4.62;21.18;22.6;23.56
149;3.282;4.62;21.08;22.6;23.66
150;3.282;4.62;21.08;22.6;23.66
151;3.282;4.62;21.08;22.6;23.66
152;3.282;4.62;21.08;22.7;23.76
153;3.282;4.62;21.08;22.7;23.97
154;3.282;4.62;21.08;22.8;23.66
155;3.282;4.62;21.08;22.8;23.76
156;3.282;4.62;21.18;22.9;23.76
157;3.282;4.62;21.08;22.8;23.86
158;3.282;4.62;21.08;22.8;23.97
159;3.282;4.62;21.08;22.9;23.97
160;3.282;4.62;21.08;22.8;23.97
161;3.282;4.62;21.08;23.0;23.97
162;3.282;4.62;21.18;23.0;23.97
163;3.282;4.62;21.08;22.8;23.97
164;3.282;4.62;21.08;23.0;24.07
165;3.282;4.62;21.08;23.0;23.97
166;3.281;4.62;21.08;23.0;24.07
167;3.281;4.62;21.08;23.0;24.17
168;3.281;4.62;21.08;23.1;24.17
169;3.281;4.62;21.08;23.1;24.17
170;3.281;4.62;21.08;23.31;24.07
171;3.281;4.62;21.08;23.21;24.28
172;3.281;4.62;21.08;23.1;24.59
173;3.281;4.62;21.08;23.21;24.28
174;3.281;4.62;21.18;23.31;24.28
175;3.281;4.62;21.08;23.31;24.38
176;3.281;4.62;21.08;23.31;24.38
177;3.281;4.62;21.08;23.31;24.38
178;3.281;4.62;21.08;23.41;24.38
179;3.281;4.62;21.18;23.31;24.17
180;3.281;4.62;21.08;23.41;24.48
181;3.281;4.62;21.08;23.41;24.48
182;3.281;4.62;21.08;23.41;24.59
183;3.281;4.62;21.08;23.51;24.79
184;3.281;4.62;21.08;23.51;24.69
185;3.281;4.62;21.08;23.51;24.69
186;3.281;4.62;21.08;23.61;24.79
187;3.281;4.62;21.08;23.61;24.69
188;3.281;4.62;21.08;23.61;24.69
189;3.281;4.62;21.08;23.21;24.69
190;3.281;4.62;21.08;23.82;24.69
191;3.28;4.62;21.08;23.72;24.79
192;3.28;4.62;21.08;23.61;24.69
193;3.28;4.62;21.08;23.72;24.9
194;3.28;4.62;21.08;23.82;25.1
195;3.28;4.62;21.08;23.82;24.9
196;3.28;4.62;21.08;24.13;24.9
197;3.28;4.62;21.08;23.92;24.9
198;3.28;4.62;21.08;23.92;25.0
199;3.28;4.62;21.08;23.72;25.0
200;3.28;4.62;21.08;23.82;25.31
201;3.28;4.62;21.08;24.02;25.1
202;3.28;4.62;21.18;24.02;25.0
203;3.28;4.62;21.08;23.92;25.21
204;3.28;4.62;21.08;24.02;25.1
205;3.279;4.62;21.08;24.13;25.1
206;3.279;4.62;21.08;24.13;25.21
207;3.279;4.62;21.28;24.02;25.1
208;3.279;4.62;21.08;24.13;25.31
209;3.279;4.62;21.08;24.23;25.1
210;3.279;4.62;21.08;23.92;25.31
211;3.279;4.62;21.08;24.23;25.31
212;3.279;4.62;21.08;24.23;25.31
213;3.279;4.62;21.08;24.33;25.31
214;3.279;4.62;21.08;24.33;25.31
215;3.279;4.62;21.08;24.33;25.52
216;3.279;4.62;21.08;24.33;25.42
217;3.278;4.62;21.08;24.33;25.52
218;3.278;4.62;21.08;24.43;25.42
219;3.278;4.62;21.08;24.43;25.52
220;3.278;4.62;21.18;24.43;25.52
221;3.278;4.62;21.08;24.64;25.52
222;3.278;4.62;21.18;24.54;25.63
223;3.278;4.62;21.08;24.54;25.21
224;3.278;4.62;21.08;24.43;25.94
225;3.278;4.62;21.08;24.54;25.52
226;3.278;4.62;21.08;24.54;25.73
227;3.277;4.62;21.08;24.64;25.63
228;3.277;4.62;21.08;24.64;25.63
229;3.277;4.62;21.08;24.64;25.73
230;3.277;4.62;21.08;24.64;25.84
231;3.277;4.62;21.08;24.74;25.84
232;3.277;4.62;21.08;24.74;25.94
233;3.277;4.62;21.08;24.74;25.84
234;3.277;4.62;21.08;24.74;25.84
235;3.277;4.62;21.08;24.74;25.84
236;3.276;4.62;21.08;24.85;25.84
237;3.276;4.62;21.08;24.85;25.94
238;3.276;4.62;21.08;24.85;26.04
239;3.276;4.62;21.18;24.95;25.94
240;3.276;4.62;21.18;24.95;26.15
241;3.276;4.62;21.18;24.95;26.04
242;3.276;4.62;21.08;24.95;26.15
243;3.276;4.62;21.18;24.95;26.04
244;3.275;4.62;21.18;25.05;26.04
245;3.275;4.62;21.08;25.05;26.15
246;3.275;4.62;21.08;25.15;26.15
247;3.275;4.62;21.18;25.15;26.26
248;3.275;4.62;21.18;24.85;26.15
249;3.275;4.62;21.18;25.15;26.15
250;3.275;4.62;21.18;25.15;26.26
251;3.275;4.62;21.08;25.36;26.15
252;3.274;4.62;21.18;25.26;26.36
253;3.274;4.62;21.08;25.36;26.36
254;3.274;4.62;21.18;25.36;26.36
255;3.274;4.62;21.08;25.46;26.15
256;3.274;4.62;21.18;25.36;26.36
257;3.274;4.62;21.18;25.57;26.57
258;3.274;4.62;21.18;25.57;26.47
259;3.273;4.62;21.18;25.46;26.47
260;3.273;4.62;21.18;25.57;26.36
261;3.273;4.62;21.18;25.46;26.47
262;3.273;4.62;21.18;25.46;26.57
263;3.273;4.62;21.18;25.46;26.57
264;3.273;4.62;21.18;25.57;26.57
265;3.272;4.62;21.18;25.15;26.68
266;3.272;4.62;21.18;25.57;26.57
267;3.272;4.62;21.18;25.57;26.68
268;3.272;4.62;21.18;25.15;26.68
269;3.272;4.62;21.18;25.67;26.68
270;3.272;4.62;21.18;25.67;26.68
271;3.272;4.62;21.18;25.78;26.68
272;3.271;4.62;21.18;25.78;26.89
273;3.271;4.62;21.18;25.78;26.68
274;3.271;4.62;21.18;25.78;26.78
275;3.271;4.62;21.18;25.78;26.68
276;3.271;4.62;21.18;25.78;26.89
277;3.271;4.62;21.18;25.78;26.78
278;3.27;4.62;21.28;25.88;26.89
279;3.27;4.62;21.28;25.88;26.89
280;3.27;4.62;21.18;25.88;27.0
281;3.27;4.62;21.18;25.98;26.89
282;3.27;4.62;21.28;25.98;26.89
283;3.27;4.62;21.18;25.98;27.0
284;3.269;4.62;21.18;25.46;26.89
285;3.269;4.62;21.18;25.98;27.0
286;3.269;4.62;21.18;25.98;27.0
287;3.269;4.62;21.18;26.09;27.0
288;3.269;4.62;21.18;26.09;27.1
289;3.268;4.62;21.18;26.09;27.1
290;3.268;4.62;21.18;26.19;27.1
291;3.268;4.62;21.18;26.19;27.21
292;3.268;4.62;21.18;26.19;27.21
293;3.268;4.62;21.18;26.19;27.1
294;3.268;4.62;21.18;26.29;27.31
295;3.267;4.62;21.18;26.19;27.21
296;3.267;4.62;21.18;26.29;27.21
297;3.267;4.62;21.18;26.29;27.31
298;3.267;4.62;21.18;26.4;27.53
299;3.267;4.62;21.18;26.29;27.31
300;3.266;4.62;21.18;26.4;27.31
301;3.266;4.62;21.18;26.5;27.42
302;3.266;4.62;21.18;26.4;27.42
303;3.266;4.62;21.18;26.4;27.64
304;3.266;4.62;21.18;26.4;27.53
305;3.265;4.62;21.18;26.5;27.53
306;3.265;4.62;21.08;27.13;27.64
307;3.265;4.62;21.18;26.5;27.53
308;3.265;4.62;21.18;26.4;27.53
309;3.265;4.62;21.18;26.4;27.42
310;3.264;4.62;21.18;26.61;27.53
311;3.264;4.62;21.18;26.61;27.53
312;3.264;4.62;21.18;26.61;27.53
313;3.264;4.62;21.18;26.61;27.64
314;3.264;4.62;21.08;26.61;27.64
315;3.263;4.62;21.18;26.61;28.39
316;3.263;4.62;21.18;26.61;27.74
317;3.263;4.62;21.08;26.61;27.74
318;3.263;4.62;21.18;26.71;27.74
319;3.263;4.62;21.08;26.71;27.74
320;3.262;4.62;21.18;26.82;27.74
321;3.262;4.62;21.18;26.71;27.74
322;3.262;4.62;21.18;26.82;27.74
323;3.262;4.62;21.18;26.82;27.74
324;3.262;4.62;21.08;26.82;27.85
325;3.261;4.62;21.18;26.82;27.85
326;3.261;4.62;21.08;26.92;27.85
327;3.261;4.62;21.18;26.92;27.85
328;3.261;4.62;21.18;26.92;27.96
329;3.26;4.62;21.08;26.92;27.96
330;3.26;4.62;21.08;27.02;27.96
331;3.26;4.62;21.08;26.92;27.96
332;3.26;4.62;21.08;27.02;27.96
333;3.26;4.62;21.08;26.92;28.17
334;3.259;4.62;21.08;27.02;27.96
335;3.259;4.62;21.08;27.02;27.96
336;3.259;4.62;21.08;27.13;28.06
337;3.259;4.62;21.08;27.13;28.06
338;3.258;4.62;21.08;27.13;28.06
339;3.258;4.62;21.08;27.13;28.06
340;3.258;4.62;21.18;27.13;28.06
341;3.258;4.62;21.08;27.13;28.17
342;3.258;4.62;21.08;27.23;28.17
343;3.257;4.62;21.08;27.23;28.28
344;3.257;4.62;21.08;27.23;28.17
345;3.257;4.62;21.08;27.34;28.17
346;3.257;4.62;21.08;27.23;28.28
347;3.256;4.62;21.08;27.34;28.28
348;3.256;4.62;21.08;27.34;28.28
349;3.256;4.62;21.18;27.34;28.39
350;3.256;4.62;21.08;27.34;28.28
351;3.255;4.62;21.08;27.34;28.28
352;3.255;4.62;21.08;27.44;28.39
353;3.255;4.62;21.08;27.44;28.28
354;3.255;4.62;21.08;27.34;28.5
355;3.255;4.62;21.08;27.44;28.5
356;3.254;4.62;21.08;27.65;28.28
357;3.254;4.62;21.08;27.55;28.5
358;3.254;4.62;21.08;27.44;28.5
359;3.254;4.62;21.08;27.55;28.5
360;3.253;4.62;21.08;27.55;28.5
361;3.253;4.62;21.08;27.65;28.5
362;3.253;4.62;21.08;27.55;28.5
363;3.253;4.62;21.08;27.65;28.5
364;3.252;4.62;21.08;27.65;28.6
365;3.252;4.62;21.08;27.65;28.6
366;3.252;4.62;21.08;27.65;28.6
367;3.252;4.62;21.08;27.76;28.6
368;3.251;4.62;21.08;27.65;28.6
369;3.251;4.62;21.08;27.76;28.6
370;3.251;4.62;21.08;27.76;28.6
371;3.251;4.62;21.08;27.76;28.71
372;3.25;4.62;21.08;27.76;28.71
373;3.25;4.62;21.08;27.76;28.71
374;3.25;4.62;21.08;27.76;28.71
375;3.25;4.62;21.08;27.86;28.6
376;3.249;4.62;21.08;27.86;28.82
377;3.249;4.62;21.08;27.86;28.82
378;3.249;4.62;21.08;28.5;29.15
379;3.249;4.62;21.08;27.97;28.82
380;3.248;4.62;21.08;27.97;28.93
381;3.248;4.62;21.08;27.97;28.71
382;3.248;4.62;21.08;27.97;27.53
383;3.248;4.62;21.08;27.97;29.04
384;3.247;4.62;21.08;27.97;29.04
385;3.247;4.62;21.08;28.08;29.04
386;3.247;4.62;21.08;28.08;29.15
387;3.247;4.62;21.08;28.08;29.15
388;3.246;4.62;21.08;28.08;29.04
389;3.246;4.62;21.08;28.08;29.04
390;3.246;4.62;21.08;28.08;29.04
391;3.246;4.62;21.08;28.6;28.93
392;3.245;4.62;21.08;28.08;29.04
393;3.245;4.62;21.08;28.08;29.04
394;3.245;4.62;21.08;28.29;28.93
395;3.244;4.62;21.08;28.18;29.15
396;3.244;4.62;21.08;28.18;29.15
397;3.244;4.62;21.08;28.39;29.04
398;3.244;4.62;21.08;28.29;29.15
399;3.243;4.62;21.28;28.39;29.15
400;3.243;4.62;21.08;28.29;29.15
401;3.243;4.62;21.08;28.29;29.37
402;3.243;4.62;21.08;28.29;29.26
403;3.242;4.62;21.08;28.18;29.15
404;3.242;4.62;21.08;28.29;29.26
405;3.242;4.62;21.18;28.39;29.26
406;3.241;4.62;21.08;28.39;30.69
407;3.241;4.62;21.08;28.39;29.26
408;3.241;4.62;21.08;28.39;29.37
409;3.241;4.62;21.08;28.39;29.15
410;3.24;4.62;21.08;28.39;29.37
411;3.24;4.62;21.08;28.39;29.37
412;3.24;4.62;21.08;28.5;29.47
413;3.24;4.62;21.18;28.5;29.37
414;3.239;4.62;21.08;28.5;29.47
415;3.239;4.62;21.08;28.6;29.47
416;3.239;4.62;21.08;28.5;29.37
417;3.238;4.62;21.08;28.6;29.47
418;3.238;4.62;21.18;28.6;29.26
419;3.238;4.62;21.08;28.6;29.58
420;3.238;4.62;21.08;28.6;29.47
421;3.237;4.62;21.08;28.6;29.37
422;3.237;4.62;21.08;28.71;28.93
423;3.237;4.62;21.08;28.71;29.58
424;3.236;4.62;21.08;28.71;29.69
425;3.236;4.62;21.08;28.82;29.58
426;3.236;4.62;21.08;28.71;29.8
427;3.236;4.62;21.08;28.71;29.8
428;3.235;4.62;21.08;28.71;29.58
429;3.235;4.62;21.08;28.71;29.58
430;3.235;4.62;21.08;28.82;29.69
431;3.234;4.62;21.08;28.82;29.8
432;3.234;4.62;21.08;28.82;29.69
433;3.234;4.62;21.08;28.82;29.69
434;3.234;4.62;21.08;28.82;29.69
435;3.233;4.62;21.08;28.92;29.91
436;3.233;4.62;21.08;29.03;28.93
437;3.233;4.62;21.18;28.92;29.8
438;3.232;4.62;21.18;28.92;29.8
439;3.232;4.62;21.08;28.92;29.8
440;3.232;4.62;21.08;28.92;29.8
441;3.231;4.62;21.08;28.92;29.8
442;3.231;4.62;21.08;28.92;29.69
443;3.231;4.62;21.08;29.03;29.91
444;3.231;4.62;21.08;28.92;29.91
445;3.23;4.62;21.08;29.03;29.91
446;3.23;4.62;21.08;29.03;29.91
447;3.23;4.62;21.08;29.14;29.91
448;3.229;4.62;21.08;29.03;29.91
449;3.229;4.62;21.08;29.03;29.91
450;3.229;4.62;21.08;29.14;29.8
451;3.228;4.62;21.08;29.14;30.02
452;3.228;4.62;21.08;29.14;30.02
453;3.228;4.62;21.08;29.14;30.02
454;3.228;4.62;21.08;29.14;30.02
455;3.227;4.62;21.08;29.14;30.02
456;3.227;4.62;21.08;29.14;30.02
457;3.227;4.62;21.08;29.24;30.13
458;3.226;4.62;21.08;29.24;30.02
459;3.226;4.62;21.08;29.24;29.8
460;3.226;4.62;21.18;29.24;30.13
461;3.225;4.62;21.08;29.35;30.13
462;3.225;4.62;21.08;29.35;30.02
463;3.225;4.62;21.08;29.24;30.13
464;3.225;4.62;21.08;29.35;30.13
465;3.224;4.62;21.08;29.35;30.13
466;3.224;4.62;21.08;29.35;30.24
467;3.224;4.62;21.08;29.35;30.24
468;3.223;4.62;21.08;29.35;30.24
469;3.223;4.62;21.08;29.35;30.24
470;3.223;4.62;21.08;29.35;30.47
471;3.222;4.62;21.08;29.56;30.24
472;3.222;4.62;21.08;29.46;30.24
473;3.222;4.62;21.08;29.46;30.13
474;3.221;4.62;21.08;29.99;30.47
475;3.221;4.62;21.08;29.46;30.58
476;3.221;4.62;21.08;29.56;30.36
477;3.221;4.62;21.08;29.46;30.36
478;3.22;4.62;21.18;29.46;30.47
479;3.22;4.62;21.08;29.67;30.36
480;3.22;4.62;21.08;29.56;30.02
481;3.219;4.62;21.08;29.56;30.36
482;3.219;4.62;21.08;29.56;30.47
483;3.219;4.62;21.08;29.56;30.47
484;3.218;4.62;21.08;29.67;30.47
485;3.218;4.62;21.08;29.67;30.36
486;3.218;4.62;21.08;29.56;30.47
487;3.217;4.62;21.08;29.67;30.47
488;3.217;4.62;21.08;29.67;30.47
489;3.217;4.62;21.18;29.67;30.47
490;3.217;4.62;21.08;29.67;30.58
491;3.216;4.62;21.18;29.67;30.47
492;3.216;4.62;21.08;29.67;30.58
493;3.216;4.62;21.08;29.67;30.47
494;3.215;4.62;21.08;29.67;30.58
495;3.215;4.62;21.08;29.67;30.58
496;3.215;4.62;21.08;29.78;30.69
497;3.214;4.62;21.08;29.78;30.69
498;3.214;4.62;21.08;29.78;30.69
499;3.214;4.62;21.08;29.78;30.69
500;3.214;4.62;21.08;29.88;30.69
501;3.213;4.62;21.08;29.88;30.69
502;3.213;4.62;21.08;29.78;30.69
503;3.213;4.62;21.08;29.88;30.69
504;3.212;4.62;21.08;29.88;30.69
505;3.212;4.62;21.08;29.88;30.69
506;3.212;4.62;21.08;29.88;30.8
507;3.211;4.62;21.08;29.88;30.69
508;3.211;4.62;21.18;29.99;30.8
509;3.211;4.62;21.08;29.99;30.8
510;3.21;4.62;21.08;29.99;30.8
511;3.21;4.62;21.18;29.99;30.69
512;3.21;4.62;21.08;29.99;30.69
513;3.21;4.62;21.08;29.99;30.8
514;3.209;4.62;21.08;30.1;30.8
515;3.209;4.62;21.08;29.99;30.8
516;3.209;4.62;21.08;30.21;30.8
517;3.208;4.62;21.08;30.1;30.91
518;3.208;4.62;21.08;30.1;30.91
519;3.208;4.62;21.08;30.1;30.8
520;3.207;4.62;21.08;30.1;30.91
521;3.207;4.62;21.08;29.99;31.02
522;3.207;4.62;21.08;30.1;30.91
523;3.206;4.62;21.08;30.1;30.91
524;3.206;4.62;21.08;30.21;30.91
525;3.206;4.62;21.18;30.1;31.13
526;3.205;4.62;21.08;30.21;31.02
527;3.205;4.62;21.08;30.21;30.91
528;3.205;4.62;21.08;30.21;31.02
529;3.205;4.62;21.08;30.21;30.91
530;3.204;4.62;21.08;30.21;31.02
531;3.204;4.62;21.08;30.21;31.02
532;3.204;4.62;21.08;30.32;31.02
533;3.203;4.62;21.08;30.21;32.04
534;3.203;4.62;21.08;30.1;32.26
535;3.203;4.62;21.08;30.21;31.47
536;3.202;4.62;21.08;30.32;31.13
537;3.202;4.62;21.08;30.32;31.13
538;3.202;4.62;21.08;30.42;31.13
539;3.201;4.62;21.08;30.32;31.02
540;3.201;4.62;21.08;30.32;31.25
541;3.201;4.62;21.08;30.32;31.47
542;3.2;4.62;21.08;30.32;31.02
543;3.2;4.62;21.18;30.32;31.13
544;3.2;4.62;21.08;30.42;31.13
545;3.2;4.62;21.08;30.42;31.25
546;3.199;4.62;21.08;30.42;31.02
547;3.199;4.62;21.08;30.42;30.91
548;3.199;4.62;21.08;30.42;31.25
549;3.198;4.62;21.08;30.42;31.25
550;3.198;4.62;21.08;30.42;31.25
551;3.198;4.62;21.08;30.42;31.25
552;3.197;4.62;21.08;30.42;31.25
553;3.197;4.62;21.08;30.42;31.58
554;3.197;4.62;21.08;30.53;31.36
555;3.197;4.62;21.08;30.53;31.36
556;3.196;4.62;21.08;30.42;31.13
557;3.196;4.62;21.08;30.53;31.36
558;3.196;4.62;21.08;30.42;31.13
559;3.195;4.62;21.08;30.53;31.36
560;3.195;4.62;21.08;30.64;31.25
561;3.195;4.62;21.08;30.64;31.36
562;3.195;4.62;21.08;30.53;31.47
563;3.194;4.62;21.08;30.64;31.36
564;3.194;4.62;21.08;30.64;31.36
565;3.194;4.62;21.08;30.75;31.36
566;3.193;4.62;21.18;30.64;31.36
567;3.193;4.62;21.08;30.64;31.47
568;3.193;4.62;21.08;30.64;31.47
569;3.192;4.62;21.08;30.64;31.47
570;3.192;4.62;21.08;30.53;31.47
571;3.192;4.62;21.08;30.75;31.47
572;3.191;4.62;21.08;30.75;31.47
573;3.191;4.62;21.08;30.64;31.58
574;3.191;4.62;21.08;30.64;31.47
575;3.19;4.62;21.08;30.64;33.06
576;3.19;4.62;21.08;30.86;31.47
577;3.19;4.62;21.08;30.75;31.58
578;3.189;4.62;21.08;30.75;31.58
579;3.189;4.62;21.08;30.75;31.58
580;3.189;4.62;21.08;30.75;31.47
581;3.189;4.62;21.08;30.75;31.47
582;3.188;4.62;21.08;30.86;31.58
583;3.188;4.62;21.08;30.75;31.58
584;3.188;4.62;21.08;30.53;31.58
585;3.187;4.62;21.08;30.86;31.7
586;3.187;4.62;21.08;30.86;31.58
587;3.187;4.62;21.08;30.96;31.81
588;3.186;4.62;21.08;30.75;31.7
589;3.186;4.62;21.08;30.96;31.58
590;3.186;4.62;21.08;30.86;31.7
591;3.185;4.62;21.08;30.86;31.81
592;3.185;4.62;21.08;30.96;31.7
593;3.185;4.62;21.08;30.96;31.7
594;3.184;4.62;21.08;30.96;31.92
595;3.184;4.62;21.08;30.96;31.7
596;3.184;4.62;21.08;30.96;31.7
597;3.183;4.62;21.08;30.75;31.7
598;3.183;4.62;21.08;30.86;31.81
599;3.183;4.62;21.08;31.07;31.92
600;3.182;4.62;21.08;30.96;31.81
601;3.182;4.62;21.08;30.96;31.81
602;3.182;4.62;21.08;30.96;32.15
603;3.181;4.62;21.08;30.96;31.81
604;3.181;4.62;21.08;31.07;31.81
605;3.181;4.62;21.08;31.18;31.81
606;3.18;4.62;21.08;30.96;31.81
607;3.18;4.62;21.18;31.07;31.81
608;3.18;4.62;21.08;30.96;31.92
609;3.18;4.62;21.08;31.07;31.92
610;3.179;4.62;21.08;31.07;31.92
611;3.179;4.62;21.18;30.96;32.04
612;3.179;4.62;21.18;31.07;31.92
613;3.178;4.62;21.08;30.96;31.81
614;3.178;4.62;21.08;31.18;32.15
615;3.178;4.62;21.08;31.07;31.47
616;3.177;4.62;21.08;31.18;31.92
617;3.177;4.62;21.08;31.18;31.92
618;3.177;4.62;21.08;31.18;32.26
619;3.176;4.62;21.08;31.18;32.04
620;3.176;4.62;21.08;31.29;32.15
621;3.176;4.62;21.08;31.18;32.04
622;3.175;4.62;21.08;31.18;32.04
623;3.175;4.62;21.08;31.18;31.7
624;3.175;4.62;21.18;31.18;31.92
625;3.174;4.62;21.18;31.29;32.04
626;3.174;4.62;21.18;31.29;32.04
627;3.174;4.62;21.18;31.29;31.92
628;3.174;4.62;21.08;31.07;32.04
629;3.173;4.62;21.08;31.29;32.15
630;3.173;4.62;21.18;31.29;32.04
631;3.173;4.62;21.18;31.29;32.04
632;3.172;4.62;21.18;30.86;32.38
633;3.172;4.62;21.18;31.29;32.15
634;3.172;4.62;21.08;31.18;32.38
635;3.171;4.62;21.18;31.29;32.15
636;3.171;4.62;21.18;31.4;32.04
637;3.171;4.62;21.18;31.4;32.15
638;3.17;4.62;21.18;31.4;32.04
639;3.17;4.62;21.18;31.4;32.15
640;3.17;4.62;21.18;31.4;32.04
641;3.17;4.62;21.18;31.4;32.15
642;3.169;4.62;21.18;31.4;32.15
643;3.169;4.62;21.18;31.4;32.26
644;3.169;4.62;21.18;31.4;32.15
645;3.168;4.62;21.18;31.4;32.26
646;3.168;4.62;21.18;31.51;32.38
647;3.168;4.62;21.18;31.51;32.26
648;3.167;4.62;21.18;31.51;32.26
649;3.167;4.62;21.18;31.51;32.26
650;3.166;4.62;21.18;31.51;32.26
651;3.166;4.62;21.18;31.51;32.04
652;3.166;4.62;21.18;31.51;32.04
653;3.165;4.62;21.18;31.51;32.26
654;3.165;4.62;21.18;31.51;32.15
655;3.165;4.62;21.18;31.62;32.38
656;3.164;4.62;21.18;31.51;32.26
657;3.164;4.62;21.18;31.51;32.38
658;3.164;4.62;21.18;31.51;32.38
659;3.163;4.62;21.18;31.62;32.38
660;3.163;4.62;21.18;31.62;32.38
661;3.163;4.62;21.18;31.62;32.38
662;3.162;4.62;21.18;31.62;32.38
663;3.162;4.62;21.18;31.62;32.38
664;3.162;4.62;21.18;31.73;32.26
665;3.161;4.62;21.18;31.62;34.23
666;3.161;4.62;21.18;31.62;32.38
667;3.161;4.62;21.18;31.62;32.38
668;3.16;4.62;21.18;31.73;32.38
669;3.16;4.62;21.18;31.84;32.61
670;3.16;4.62;21.18;31.73;32.38
671;3.159;4.62;21.18;31.73;32.49
672;3.159;4.62;21.18;31.73;32.61
673;3.159;4.62;21.18;31.84;32.38
674;3.158;4.62;21.28;31.73;32.49
675;3.158;4.62;21.28;31.73;32.38
676;3.158;4.62;21.28;31.73;32.49
677;3.157;4.62;21.28;31.84;32.49
678;3.157;4.62;21.28;31.73;32.49
679;3.157;4.62;21.28;31.84;32.49
680;3.156;4.62;21.28;31.84;32.49
681;3.156;4.62;21.28;31.84;32.61
682;3.156;4.62;21.28;31.84;32.61
683;3.156;4.62;21.28;31.84;32.61
684;3.155;4.62;21.28;31.84;32.61
685;3.155;4.62;21.28;31.84;32.61
686;3.155;4.62;21.28;31.84;32.61
687;3.154;4.62;21.28;31.73;32.49
688;3.154;4.62;21.28;31.84;32.49
689;3.154;4.62;21.28;31.95;32.61
690;3.154;4.62;21.28;31.84;32.49
691;3.153;4.62;21.28;31.84;32.61
692;3.153;4.62;21.28;31.84;32.61
693;3.152;4.62;21.28;31.84;32.61
694;3.152;4.62;21.28;31.95;32.61
695;3.152;4.62;21.28;31.95;32.61
696;3.151;4.62;21.28;31.95;32.72
697;3.151;4.62;21.28;31.95;32.61
698;3.151;4.62;21.28;31.95;32.61
699;3.15;4.62;21.28;31.95;32.61
700;3.15;4.62;21.28;31.95;32.72
701;3.15;4.62;21.28;32.06;32.83
702;3.149;4.62;21.28;31.95;32.72
703;3.149;4.62;21.28;31.95;32.72
704;3.149;4.62;21.48;32.06;32.72
705;3.149;4.62;21.28;31.95;32.72
706;3.148;4.62;21.28;32.06;32.72
707;3.148;4.62;21.28;31.95;32.72
708;3.148;4.62;21.28;31.84;32.72
709;3.147;4.62;21.28;32.06;32.72
710;3.147;4.62;21.28;32.06;32.83
711;3.147;4.62;21.28;32.06;32.83
712;3.146;4.62;21.28;32.06;31.13
713;3.146;4.62;21.28;32.17;32.83
714;3.146;4.62;21.28;32.17;32.83
715;3.145;4.62;21.28;32.06;32.83
716;3.145;4.62;21.28;32.17;32.83
717;3.145;4.62;21.28;32.06;32.83
718;3.144;4.62;21.28;32.17;32.83
719;3.144;4.62;21.28;32.17;33.06
720;3.143;4.62;21.28;32.17;32.83
721;3.143;4.62;21.28;32.06;32.49
722;3.143;4.62;21.28;32.17;32.83
723;3.142;4.62;21.28;32.17;32.95
724;3.142;4.62;21.28;32.17;32.83
725;3.142;4.62;21.28;32.17;32.95
726;3.141;4.62;21.28;32.17;32.95
727;3.141;4.62;21.38;32.17;32.95
728;3.14;4.62;21.38;32.39;32.72
729;3.14;4.62;21.28;32.17;32.95
730;3.14;4.62;21.38;32.17;32.83
731;3.139;4.62;21.28;32.28;32.95
732;3.139;4.62;21.38;32.06;32.95
733;3.138;4.62;21.38;32.28;32.95
734;3.138;4.62;21.38;32.28;32.95
735;3.137;4.62;21.38;32.28;32.95
736;3.137;4.62;21.38;32.17;32.95
737;3.137;4.62;21.28;31.73;32.95
738;3.136;4.62;21.38;32.39;32.95
739;3.136;4.62;21.38;32.28;32.95
740;3.136;4.62;21.38;32.39;32.95
741;3.135;4.62;21.28;32.28;33.06
742;3.135;4.62;21.28;32.28;33.29
743;3.134;4.62;21.28;32.39;33.06
744;3.134;4.62;21.38;32.28;33.29
745;3.134;4.62;21.38;32.39;33.06
746;3.133;4.62;21.38;32.39;32.95
747;3.133;4.62;21.38;32.39;33.18
748;3.133;4.62;21.38;32.39;33.06
749;3.132;4.62;21.38;32.39;33.06
750;3.132;4.62;21.38;32.39;33.06
751;3.132;4.62;21.38;32.39;33.06
752;3.131;4.62;21.38;32.5;32.95
753;3.131;4.62;21.38;32.39;33.18
754;3.131;4.62;21.38;32.39;33.06
755;3.13;4.62;21.38;32.39;33.18
756;3.13;4.62;21.38;32.61;33.41
757;3.13;4.62;21.38;32.5;32.95
758;3.129;4.62;21.38;32.39;33.18
759;3.129;4.62;21.38;32.5;33.18
760;3.128;4.62;21.38;32.5;33.29
761;3.128;4.62;21.38;32.5;33.29
762;3.128;4.62;21.38;32.5;33.18
763;3.127;4.62;21.38;32.5;33.18
764;3.127;4.62;21.38;32.5;33.18
765;3.127;4.62;21.28;32.5;33.18
766;3.126;4.62;21.38;32.72;33.18
767;3.126;4.62;21.38;32.5;33.18
768;3.125;4.62;21.38;32.61;33.18
769;3.125;4.62;21.38;32.5;33.18
770;3.125;4.62;21.38;32.61;33.29
771;3.124;4.62;21.38;32.61;33.41
772;3.124;4.62;21.38;32.5;33.18
773;3.124;4.62;21.38;32.5;33.18
774;3.123;4.62;21.38;32.61;33.41
775;3.123;4.62;21.38;32.61;33.29
776;3.122;4.62;21.38;32.61;33.29
777;3.122;4.62;21.38;32.5;33.41
778;3.122;4.62;21.28;32.61;32.95
779;3.121;4.62;21.38;32.61;33.29
780;3.121;4.62;21.28;32.61;33.18
781;3.121;4.62;21.38;32.61;33.29
782;3.12;4.62;21.38;32.83;33.18
783;3.12;4.62;21.38;32.61;33.29
784;3.12;4.62;21.48;32.61;33.29
785;3.119;4.62;21.38;32.61;33.29
786;3.119;4.62;21.38;32.61;33.41
787;3.118;4.62;21.38;32.83;33.29
788;3.118;4.62;21.38;32.61;33.41
789;3.118;4.62;21.38;32.72;33.41
790;3.117;4.62;21.38;32.72;33.41
791;3.117;4.62;21.18;32.72;33.41
792;3.117;4.62;21.38;32.72;33.41
793;3.116;4.62;21.38;32.72;33.41
794;3.116;4.62;21.38;32.72;33.41
795;3.115;4.62;21.38;32.72;33.41
796;3.115;4.62;21.38;32.72;33.53
797;3.115;4.62;21.38;32.72;33.29
798;3.114;4.62;21.38;32.61;33.64
799;3.114;4.62;21.38;32.61;33.53
800;3.114;4.62;21.28;32.72;33.53
801;3.113;4.62;21.38;32.94;33.53
802;3.113;4.62;21.38;32.83;33.53
803;3.112;4.62;21.38;32.83;33.53
804;3.112;4.62;21.28;32.83;33.53
805;3.112;4.62;21.28;32.72;33.53
806;3.111;4.62;21.28;32.83;33.41
807;3.111;4.62;21.28;32.83;33.53
808;3.111;4.62;21.28;32.83;33.53
809;3.11;4.62;21.28;32.72;33.53
810;3.11;4.62;21.28;32.83;33.53
811;3.109;4.62;21.38;32.83;33.64
812;3.109;4.62;21.28;32.83;33.53
813;3.109;4.62;21.28;32.83;33.53
814;3.108;4.62;21.28;32.83;33.53
815;3.108;4.62;21.28;32.83;33.64
816;3.107;4.62;21.28;32.94;33.53
817;3.107;4.62;21.28;32.83;33.53
818;3.106;4.62;21.28;32.94;33.53
819;3.106;4.62;21.38;33.05;33.53
820;3.106;4.62;21.38;32.94;33.64
821;3.105;4.62;21.38;32.94;33.53
822;3.105;4.62;21.38;32.94;33.53
823;3.105;4.62;21.38;32.94;33.64
824;3.104;4.62;21.38;33.05;33.53
825;3.104;4.62;21.38;32.83;33.64
826;3.103;4.62;21.38;32.94;33.64
827;3.103;4.62;21.38;33.05;33.99
828;3.102;4.62;21.38;32.94;33.64
829;3.102;4.62;21.38;32.39;33.41
830;3.102;4.62;21.38;33.05;33.64
831;3.101;4.62;21.38;33.16;33.87
832;3.101;4.62;21.38;32.94;33.53
833;3.101;4.62;21.38;33.05;33.76
834;3.1;4.62;21.48;33.05;33.64
835;3.1;4.62;21.38;33.05;33.76
836;3.1;4.62;21.38;33.05;33.64
837;3.099;4.62;21.38;33.27;33.76
838;3.099;4.62;21.38;33.16;33.64
839;3.098;4.62;21.38;33.05;33.76
840;3.098;4.62;21.38;33.05;33.76
841;3.098;4.62;21.38;33.16;33.76
842;3.097;4.62;21.38;33.16;33.76
843;3.097;4.62;21.38;33.05;33.76
844;3.096;4.62;21.68;33.27;33.64
845;3.096;4.62;21.38;33.16;33.76
846;3.096;4.62;21.38;33.16;33.76
847;3.095;4.62;21.38;33.16;33.76
848;3.095;4.62;21.38;33.16;33.76
849;3.094;4.62;21.28;33.05;33.76
850;3.094;4.62;21.38;33.16;33.76
851;3.094;4.62;21.38;33.05;33.41
852;3.093;4.62;21.28;33.05;33.76
853;3.093;4.62;21.38;33.16;33.87
854;3.092;4.62;21.28;33.27;33.87
855;3.092;4.62;21.28;33.16;33.87
856;3.091;4.62;21.28;33.27;33.87
857;3.091;4.62;21.28;33.27;33.76
858;3.091;4.62;21.38;33.27;33.87
859;3.09;4.62;21.28;33.27;33.76
860;3.09;4.62;21.28;33.27;33.87
861;3.09;4.62;21.28;33.27;33.99
862;3.089;4.62;21.28;33.27;33.87
863;3.089;4.62;21.38;33.27;33.87
864;3.088;4.62;21.28;33.27;33.99
865;3.088;4.62;21.38;33.27;33.87
866;3.087;4.62;21.38;33.27;33.64
867;3.087;4.62;21.48;33.27;33.87
868;3.087;4.62;21.38;33.27;33.87
869;3.086;4.62;21.38;33.38;33.64
870;3.086;4.62;21.38;33.27;33.87
871;3.085;4.62;21.38;33.27;33.87
872;3.085;4.62;21.38;33.27;33.76
873;3.085;4.62;21.38;33.38;33.87
874;3.084;4.62;21.38;33.27;33.99
875;3.084;4.62;21.38;33.38;33.99
876;3.083;4.62;21.48;33.27;34.23
877;3.083;4.62;21.38;33.38;33.99
878;3.083;4.62;21.38;33.38;34.11
879;3.082;4.62;21.38;33.38;33.99
880;3.082;4.62;21.38;33.38;33.99
881;3.081;4.62;21.38;33.38;33.99
882;3.081;4.62;21.38;33.5;33.99
883;3.081;4.62;21.38;33.38;34.11
884;3.08;4.62;21.38;33.38;33.99
885;3.08;4.62;21.38;33.5;33.99
886;3.079;4.62;21.28;33.5;33.99
887;3.079;4.62;21.38;33.5;34.11
888;3.078;4.62;21.38;33.38;34.11
889;3.078;4.62;21.38;33.61;33.99
890;3.078;4.62;21.38;33.5;34.11
891;3.077;4.62;21.38;33.5;33.99
892;3.077;4.62;21.38;33.5;33.99
893;3.076;4.62;21.38;33.38;34.11
894;3.076;4.62;21.38;33.5;34.11
895;3.076;4.62;21.38;33.5;34.11
896;3.075;4.62;21.38;33.5;34.11
897;3.075;4.62;21.38;33.5;34.11
898;3.074;4.62;21.38;33.5;34.11
899;3.074;4.62;21.38;33.5;34.11
900;3.074;4.62;21.38;33.5;34.23
901;3.073;4.62;21.38;33.5;34.11
902;3.073;4.62;21.38;33.5;34.23
903;3.072;4.62;21.38;33.61;34.11
904;3.072;4.62;21.28;33.5;34.23
905;3.072;4.62;21.28;33.61;34.23
906;3.071;4.62;21.28;33.61;34.23
907;3.071;4.62;21.28;33.61;34.23
908;3.07;4.62;21.28;33.61;34.23
909;3.07;4.62;21.28;33.5;34.23
910;3.07;4.62;21.28;33.61;34.23
911;3.069;4.62;21.28;33.61;34.34
912;3.069;4.62;21.28;33.61;34.23
913;3.068;4.62;21.18;33.61;34.34
914;3.068;4.62;21.28;33.94;34.23
915;3.067;4.62;21.28;33.61;34.23
916;3.067;4.62;21.28;33.61;34.23
917;3.067;4.62;21.28;33.61;34.23
918;3.066;4.62;21.28;33.61;34.46
919;3.066;4.62;21.28;33.72;34.23
920;3.065;4.62;21.28;33.72;33.29
921;3.065;4.62;21.28;33.72;34.34
922;3.065;4.62;21.28;33.72;34.34
923;3.064;4.62;21.28;33.72;34.34
924;3.064;4.62;21.28;33.72;34.34
925;3.063;4.62;21.28;33.83;34.34
926;3.063;4.62;21.28;33.72;34.34
927;3.063;4.62;21.28;33.94;34.34
928;3.062;4.62;21.28;33.72;34.34
929;3.062;4.62;21.28;33.72;34.34
930;3.061;4.62;21.28;33.72;34.46
931;3.061;4.62;21.28;33.72;34.34
932;3.06;4.62;21.28;33.72;34.46
933;3.06;4.62;21.28;33.72;34.46
934;3.06;4.62;21.28;33.72;34.46
935;3.059;4.62;21.28;33.72;34.46
936;3.059;4.62;21.28;33.72;34.46
937;3.058;4.62;21.28;33.83;34.46
938;3.058;4.62;21.28;33.61;34.34
939;3.057;4.62;21.28;33.83;34.11
940;3.057;4.62;21.28;33.83;34.46
941;3.057;4.62;21.28;33.83;34.46
942;3.056;4.62;21.28;33.83;34.46
943;3.056;4.62;21.28;33.83;34.46
944;3.055;4.62;21.28;33.83;34.7
945;3.055;4.62;21.28;33.83;34.46
946;3.055;4.62;21.28;33.72;34.34
947;3.054;4.62;21.28;33.94;34.7
948;3.054;4.62;21.28;34.17;34.46
949;3.053;4.62;21.28;34.06;34.46
950;3.053;4.62;21.28;33.94;34.58
951;3.053;4.62;21.28;34.06;34.58
952;3.052;4.62;21.28;33.94;34.46
953;3.052;4.62;21.18;33.94;34.58
954;3.051;4.62;21.18;33.94;34.81
955;3.051;4.62;21.18;33.94;34.58
956;3.05;4.62;21.28;34.06;34.58
957;3.05;4.62;21.28;33.94;34.58
958;3.05;4.62;21.28;33.94;34.58
959;3.049;4.62;21.28;33.94;34.34
960;3.049;4.62;21.28;33.94;34.58
961;3.048;4.62;21.28;33.94;34.58
962;3.048;4.62;21.28;33.94;34.58
963;3.048;4.62;21.28;34.06;34.58
964;3.047;4.62;21.28;34.06;34.7
965;3.047;4.62;21.28;33.94;34.7
966;3.046;4.62;21.28;34.06;34.7
967;3.046;4.62;21.28;34.06;34.7
968;3.046;4.62;21.18;34.06;34.7
969;3.045;4.62;21.28;34.06;34.7
970;3.045;4.62;21.28;34.06;34.7
971;3.045;4.62;21.18;34.06;34.7
972;3.044;4.62;21.28;34.06;34.81
973;3.044;4.62;21.18;34.06;34.7
974;3.043;4.62;21.18;34.06;34.7
975;3.043;4.62;21.18;34.06;34.7
976;3.042;4.62;21.18;34.06;34.81
977;3.042;4.62;21.18;34.06;34.7
978;3.042;4.62;21.18;34.06;34.7
979;3.041;4.62;21.18;34.06;34.81
980;3.041;4.62;21.18;34.06;34.81
981;3.04;4.62;21.18;34.06;34.93
982;3.04;4.62;21.28;34.17;34.93
983;3.04;4.62;21.18;34.17;34.81
984;3.039;4.62;21.18;34.17;34.81
985;3.039;4.62;21.18;34.06;34.46
986;3.038;4.62;21.18;34.17;34.93
987;3.038;4.62;21.18;34.06;34.81
988;3.037;4.62;21.18;34.17;34.81
989;3.037;4.62;21.18;34.17;34.81
990;3.037;4.62;21.18;34.28;34.81
991;3.036;4.62;21.18;34.17;34.93
992;3.036;4.62;21.18;34.17;34.81
993;3.035;4.62;21.18;34.17;34.81
994;3.035;4.62;21.18;34.28;34.93
995;3.034;4.62;21.18;34.17;34.81
996;3.034;4.62;21.18;34.17;34.81
997;3.034;4.62;21.18;34.17;34.81
998;3.033;4.62;21.18;34.06;35.05
999;3.033;4.62;21.28;34.17;34.46
1000;3.033;4.62;21.18;34.17;34.93
1001;3.032;4.62;21.28;34.17;35.05
1002;3.032;4.62;21.28;34.28;34.81
1003;3.031;4.62;21.18;34.28;34.93
1004;3.031;4.62;21.28;34.28;34.93
1005;3.03;4.62;21.28;34.28;34.93
1006;3.03;4.62;21.18;34.28;34.93
1007;3.03;4.62;21.28;34.28;34.93
1008;3.029;4.62;21.28;34.28;34.93
1009;3.029;4.62;21.18;34.28;34.93
1010;3.028;4.62;21.18;34.28;34.81
1011;3.028;4.62;21.18;34.28;34.93
1012;3.027;4.62;21.18;34.28;34.93
1013;3.027;4.62;21.18;34.4;35.05
1014;3.027;4.62;21.18;34.4;35.05
1015;3.026;4.62;21.18;34.17;35.05
1016;3.026;4.62;21.18;34.4;35.05
1017;3.025;4.62;21.18;34.28;35.05
1018;3.025;4.62;21.18;34.4;35.05
1019;3.025;4.62;21.18;34.4;35.17
1020;3.024;4.62;21.28;34.4;35.05
1021;3.024;4.62;21.18;34.4;35.05
1022;3.023;4.62;21.18;34.51;34.93
1023;3.023;4.62;21.28;34.4;35.05
1024;3.022;4.62;21.18;34.4;35.05
1025;3.022;4.62;21.18;34.4;35.05
1026;3.022;4.62;21.18;34.4;35.05
1027;3.021;4.62;21.18;34.4;35.05
1028;3.021;4.62;21.18;34.4;35.17
1029;3.021;4.62;21.18;34.51;35.05
1030;3.02;4.62;21.18;34.51;35.17
1031;3.02;4.62;21.18;34.51;35.17
1032;3.019;4.62;21.18;34.51;35.29
1033;3.019;4.62;21.18;34.51;35.17
1034;3.018;4.62;21.18;34.51;35.41
1035;3.018;4.62;21.18;34.51;35.17
1036;3.018;4.62;21.28;34.4;35.05
1037;3.017;4.62;21.28;34.51;35.17
1038;3.017;4.62;21.28;34.51;35.17
1039;3.016;4.62;21.18;34.51;35.17
1040;3.016;4.62;21.28;34.51;35.05
1041;3.016;4.62;21.28;34.51;35.05
1042;3.016;4.62;21.28;34.4;35.41
1043;3.015;4.62;21.28;34.62;35.17
1044;3.015;4.62;21.28;34.51;35.17
1045;3.014;4.62;21.28;34.51;35.29
1046;3.014;4.62;21.28;34.51;35.17
1047;3.014;4.62;21.28;34.62;35.17
1048;3.013;4.62;21.28;34.62;35.17
1049;3.013;4.62;21.28;34.51;35.29
1050;3.012;4.62;21.28;34.51;35.17
1051;3.012;4.62;21.28;34.62;35.17
1052;3.011;4.62;21.28;34.62;35.41
1053;3.011;4.62;21.28;34.62;35.17
1054;3.01;4.62;21.28;34.62;35.29
1055;3.01;4.62;21.28;34.62;35.29
1056;3.01;4.62;21.28;34.62;35.29
1057;3.009;4.62;21.28;34.62;35.29
1058;3.009;4.62;21.28;34.62;35.29
1059;3.008;4.62;21.28;34.74;35.29
1060;3.008;4.62;21.28;34.62;35.29
1061;3.008;4.62;21.28;34.62;35.41
1062;3.007;4.62;21.28;34.62;35.29
1063;3.007;4.62;21.28;34.62;35.29
1064;3.006;4.62;21.28;34.62;35.29
1065;3.006;4.62;21.28;34.74;35.29
1066;3.006;4.62;21.28;34.62;35.41
1067;3.005;4.62;21.28;34.62;35.53
1068;3.005;4.62;21.28;34.74;35.41
1069;3.004;4.62;21.28;34.62;35.41
1070;3.004;4.62;21.28;34.74;35.29
1071;3.004;4.62;21.28;34.74;35.41
1072;3.003;4.62;21.28;34.62;35.29
1073;3.003;4.62;21.28;34.74;35.41
1074;3.002;4.62;21.28;34.74;35.41
1075;3.002;4.62;21.28;34.74;35.41
1076;3.001;4.62;21.28;34.74;35.41
1077;3.001;4.62;21.28;34.85;35.41
1078;3.001;4.62;21.28;34.74;35.41
1079;3.0;4.62;21.28;34.74;35.41
1080;3.0;4.62;21.28;34.74;35.41
1081;2.999;4.62;21.28;34.74;35.41
1082;2.999;4.62;21.28;33.61;35.77
1083;2.999;4.62;21.38;34.74;35.53
1084;2.998;4.62;21.28;34.74;35.41
1085;2.998;4.62;21.28;34.74;35.41
1086;2.997;4.62;21.28;34.74;34.93
1087;2.997;4.62;21.28;34.62;35.29
1088;2.997;4.62;21.28;34.74;35.41
1089;2.996;4.62;21.28;34.85;35.41
1090;2.996;4.62;21.28;34.85;35.53
1091;2.995;4.62;21.48;34.85;35.53
1092;2.995;4.62;21.08;34.85;35.53
1093;2.995;4.62;21.28;34.85;35.53
1094;2.994;4.62;21.28;34.85;35.53
1095;2.994;4.62;21.18;34.85;35.53
1096;2.993;4.62;21.28;34.85;35.53
1097;2.993;4.62;21.28;34.85;35.41
1098;2.993;4.62;21.28;34.85;35.65
1099;2.992;4.62;21.28;34.96;35.53
1100;2.992;4.62;21.28;34.85;35.53
1101;2.991;4.62;21.28;34.85;35.77
1102;2.991;4.62;21.28;34.85;35.77
1103;2.991;4.62;21.28;34.96;35.89
1104;2.99;4.62;21.28;34.85;35.53
1105;2.99;4.62;21.28;34.62;35.53
1106;2.989;4.62;21.28;34.96;35.53
1107;2.989;4.62;21.28;34.96;35.17
1108;2.989;4.62;21.28;34.96;35.53
1109;2.988;4.62;21.28;34.85;35.29
1110;2.988;4.62;21.28;34.96;35.65
1111;2.987;4.62;21.28;34.96;35.65
1112;2.987;4.62;21.28;34.85;35.41
1113;2.987;4.62;21.28;34.96;35.53
1114;2.986;4.62;21.28;34.96;35.65
1115;2.986;4.62;21.28;35.08;35.65
1116;2.985;4.62;21.28;35.08;35.53
1117;2.985;4.62;21.28;34.96;35.65
1118;2.985;4.62;21.28;34.96;35.65
1119;2.984;4.62;21.28;34.96;35.65
1120;2.984;4.62;21.28;35.08;35.77
1121;2.983;4.62;21.28;34.96;35.77
1122;2.983;4.62;21.28;34.96;35.65
1123;2.983;4.62;21.28;35.19;35.41
1124;2.982;4.62;21.28;35.08;35.89
1125;2.982;4.62;21.28;34.96;35.77
1126;2.981;4.62;21.28;35.08;35.77
1127;2.981;4.62;21.28;35.08;35.77
1128;2.981;4.62;21.28;35.08;35.65
1129;2.98;4.62;21.28;35.08;35.65
1130;2.98;4.62;21.28;35.08;35.77
1131;2.979;4.62;21.28;35.08;35.65
1132;2.979;4.62;21.28;35.08;35.77
1133;2.978;4.62;21.28;35.08;35.77
1134;2.978;4.62;21.28;35.08;35.65
1135;2.978;4.62;21.28;35.08;35.77
1136;2.977;4.62;21.28;35.3;35.77
1137;2.977;4.62;21.28;35.08;35.65
1138;2.977;4.62;21.28;35.08;35.77
1139;2.976;4.62;21.28;35.08;35.89
1140;2.976;4.62;21.28;35.08;35.77
1141;2.975;4.62;21.28;35.08;35.77
1142;2.975;4.62;21.28;35.08;35.77
1143;2.975;4.62;21.28;35.19;35.77
1144;2.974;4.62;21.28;35.3;35.77
1145;2.974;4.62;21.28;35.19;35.77
1146;2.973;4.62;21.18;35.19;35.77
1147;2.973;4.62;21.28;35.19;35.77
1148;2.973;4.62;21.28;35.19;35.89
1149;2.972;4.62;21.38;35.19;35.77
1150;2.972;4.62;21.18;35.19;35.89
1151;2.971;4.62;21.28;35.19;35.89
1152;2.971;4.62;21.28;35.19;35.89
1153;2.971;4.62;21.18;35.19;35.89
1154;2.97;4.62;21.18;35.19;35.89
1155;2.97;4.62;21.18;35.19;36.13
1156;2.97;4.62;21.18;35.19;35.89
1157;2.969;4.62;21.18;34.96;35.89
1158;2.969;4.62;21.18;35.3;35.89
1159;2.968;4.62;21.18;35.3;35.89
1160;2.968;4.62;21.28;35.3;35.89
1161;2.968;4.62;21.28;35.3;35.89
1162;2.967;4.62;21.28;35.08;35.89
1163;2.967;4.62;21.18;35.3;36.01
1164;2.967;4.62;21.18;35.3;35.89
1165;2.966;4.62;21.18;35.19;35.89
1166;2.966;4.62;21.28;35.3;36.01
1167;2.965;4.62;21.28;35.3;35.89
1168;2.965;4.62;21.18;35.3;36.01
1169;2.965;4.62;21.28;35.3;36.01
1170;2.964;4.62;21.28;35.42;36.01
1171;2.964;4.62;21.18;35.3;36.01
1172;2.964;4.62;21.28;35.42;36.01
1173;2.963;4.62;21.28;35.42;36.01
1174;2.963;4.62;21.28;35.3;36.01
1175;2.962;4.62;21.28;35.3;36.01
1176;2.962;4.62;21.28;35.3;36.01
1177;2.962;4.62;21.28;35.42;36.01
1178;2.961;4.62;21.28;35.3;36.01
1179;2.961;4.62;21.28;35.42;36.01
1180;2.961;4.62;21.28;35.3;37.6
1181;2.96;4.62;21.28;35.42;36.13
1182;2.96;4.62;21.28;35.42;36.01
1183;2.96;4.62;21.28;35.53;36.13
1184;2.959;4.62;21.28;35.42;36.01
1185;2.959;4.62;21.28;35.42;36.01
1186;2.959;4.62;21.28;35.42;36.01
1187;2.958;4.62;21.28;35.42;36.01
1188;2.958;4.62;21.28;35.42;36.01
1189;2.957;4.62;21.28;35.42;36.13
1190;2.957;4.62;21.28;35.42;36.01
1191;2.957;4.62;21.28;35.53;36.01
1192;2.956;4.62;21.28;35.42;36.01
1193;2.956;4.62;21.28;35.42;36.13
1194;2.956;4.62;21.28;35.53;36.13
1195;2.955;4.62;21.28;35.53;36.13
1196;2.955;4.62;21.28;35.65;36.01
1197;2.955;4.62;21.28;35.53;36.13
1198;2.954;4.62;21.28;35.53;36.13
1199;2.954;4.62;21.28;35.53;36.13
1200;2.953;4.62;21.28;35.42;36.25
1201;2.953;4.62;21.28;35.53;36.13
1202;2.953;4.62;21.28;35.53;36.13
1203;2.952;4.62;21.28;35.53;36.01
1204;2.952;4.62;21.28;35.65;36.01
1205;2.951;4.62;21.28;35.53;36.13
1206;2.951;4.62;21.28;35.53;36.25
1207;2.951;4.62;21.28;35.65;36.13
1208;2.95;4.62;21.18;35.53;36.13
1209;2.95;4.62;21.28;35.65;36.13
1210;2.95;4.62;21.28;35.65;36.25
1211;2.949;4.62;21.28;35.65;36.25
1212;2.949;4.62;21.28;35.65;36.25
1213;2.948;4.62;21.28;35.65;36.13
1214;2.948;4.62;21.28;35.65;36.49
1215;2.948;4.62;21.18;35.65;36.25
1216;2.947;4.62;21.28;35.65;36.25
1217;2.947;4.62;21.18;35.65;36.25
1218;2.947;4.62;21.28;35.65;36.37
1219;2.946;4.62;21.18;35.65;36.25
1220;2.946;4.62;21.18;35.65;36.25
1221;2.946;4.62;21.18;35.65;36.25
1222;2.945;4.62;21.18;35.65;36.25
1223;2.945;4.62;21.18;35.08;36.25
1224;2.944;4.62;21.18;35.65;36.25
1225;2.944;4.62;21.18;35.65;36.25
1226;2.944;4.62;21.18;35.76;36.37
1227;2.943;4.62;21.18;35.76;36.25
1228;2.943;4.62;21.18;35.76;36.37
1229;2.943;4.62;21.18;35.65;36.13
1230;2.942;4.62;21.18;35.76;36.25
1231;2.942;4.62;21.18;35.76;36.37
1232;2.942;4.62;21.18;35.76;36.25
1233;2.941;4.62;21.18;35.76;36.37
1234;2.941;4.62;21.18;35.65;36.37
1235;2.941;4.62;21.18;35.76;36.37
1236;2.94;4.62;21.18;35.76;36.37
1237;2.94;4.62;21.18;35.88;36.37
1238;2.939;4.62;21.18;35.76;36.37
1239;2.939;4.62;21.28;35.88;36.49
1240;2.939;4.62;21.18;35.76;36.37
1241;2.938;4.62;21.18;35.76;36.25
1242;2.938;4.62;21.18;35.76;36.37
1243;2.938;4.62;21.18;35.76;35.77
1244;2.937;4.62;21.18;35.3;36.49
1245;2.937;4.62;21.18;35.88;36.37
1246;2.937;4.62;21.18;35.88;36.37
1247;2.936;4.62;21.18;35.88;36.49
1248;2.936;4.62;21.18;35.88;36.37
1249;2.936;4.62;21.18;35.88;36.37
1250;2.935;4.62;21.18;35.88;36.37
1251;2.935;4.62;21.18;35.88;36.49
1252;2.935;4.62;21.18;35.99;36.37
1253;2.934;4.62;21.28;35.88;36.37
1254;2.934;4.62;21.18;35.88;36.37
1255;2.933;4.62;21.28;35.88;36.37
1256;2.933;4.62;21.28;35.76;36.25
1257;2.933;4.62;21.28;35.88;36.01
1258;2.932;4.62;21.28;35.88;36.37
1259;2.932;4.62;21.28;35.88;36.37
1260;2.932;4.62;21.28;35.99;36.37
1261;2.931;4.62;21.28;35.99;37.47
1262;2.931;4.62;21.18;35.99;36.61
1263;2.931;4.62;21.28;35.88;36.49
1264;2.93;4.62;21.28;35.88;36.49
1265;2.93;4.62;21.28;35.88;36.49
1266;2.93;4.62;21.28;35.88;36.49
1267;2.929;4.62;21.28;35.99;36.49
1268;2.929;4.62;21.28;35.99;36.49
1269;2.929;4.62;21.28;35.99;36.49
1270;2.928;4.62;21.28;35.99;36.49
1271;2.928;4.62;21.28;35.99;36.49
1272;2.928;4.62;21.28;35.99;36.49
1273;2.927;4.62;21.28;35.99;36.49
1274;2.927;4.62;21.28;35.99;36.86
1275;2.926;4.62;21.28;35.99;36.49
1276;2.926;4.62;21.28;35.99;36.49
1277;2.926;4.62;21.28;35.99;36.49
1278;2.925;4.62;21.28;35.99;36.61
1279;2.925;4.62;21.28;35.99;36.49
1280;2.925;4.62;21.28;35.99;36.61
1281;2.925;4.62;21.28;35.99;36.61
1282;2.924;4.62;21.28;35.99;36.61
1283;2.924;4.62;21.18;36.11;36.61
1284;2.924;4.62;21.28;36.11;36.61
1285;2.923;4.62;21.28;36.11;36.61
1286;2.923;4.62;21.28;36.11;36.74
1287;2.923;4.62;21.28;36.11;36.49
1288;2.922;4.62;21.28;36.11;36.61
1289;2.922;4.62;21.18;36.11;36.61
1290;2.921;4.62;21.18;36.11;36.61
1291;2.921;4.62;21.28;36.11;36.61
1292;2.921;4.62;21.18;36.11;36.61
1293;2.921;4.62;21.28;36.11;36.61
1294;2.92;4.62;21.18;36.11;36.61
1295;2.92;4.62;21.28;36.11;36.61
1296;2.92;4.62;21.28;36.11;36.61
1297;2.919;4.62;21.18;36.11;36.61
1298;2.919;4.62;21.18;36.11;36.61
1299;2.919;4.62;21.18;36.11;36.61
1300;2.918;4.62;21.18;36.11;36.61
1301;2.918;4.62;21.18;36.22;36.61
1302;2.918;4.62;21.18;36.11;36.61
1303;2.917;4.62;21.18;36.22;36.61
1304;2.917;4.62;21.18;36.34;36.74
1305;2.917;4.62;21.18;36.22;36.74
1306;2.916;4.62;21.18;36.22;36.61
1307;2.916;4.62;21.18;35.76;36.74
1308;2.916;4.62;21.28;36.22;36.74
1309;2.915;4.62;21.18;36.22;36.61
1310;2.915;4.62;21.28;36.22;36.61
1311;2.915;4.62;21.28;36.22;36.61
1312;2.914;4.62;21.18;36.11;36.74
1313;2.914;4.62;21.18;36.22;36.74
1314;2.914;4.62;21.18;36.22;36.74
1315;2.913;4.62;21.18;36.34;36.74
1316;2.913;4.62;21.18;36.22;36.74
1317;2.913;4.62;21.18;36.34;36.37
1318;2.912;4.62;21.18;36.22;36.74
1319;2.912;4.62;21.18;36.22;36.74
1320;2.912;4.62;21.18;35.76;37.1
1321;2.911;4.62;21.18;36.22;36.74
1322;2.911;4.62;21.18;36.34;36.74
1323;2.911;4.62;21.28;36.22;36.86
1324;2.91;4.62;21.18;36.34;36.86
1325;2.91;4.62;21.18;36.34;36.74
1326;2.91;4.62;21.18;36.34;36.86
1327;2.91;4.62;21.18;36.34;36.74
1328;2.909;4.62;21.18;36.34;36.86
1329;2.909;4.62;21.18;36.34;36.61
1330;2.909;4.62;21.18;36.46;36.74
1331;2.908;4.62;21.18;36.34;36.86
1332;2.908;4.62;21.18;36.46;36.86
1333;2.908;4.62;21.18;36.34;36.86
1334;2.907;4.62;21.18;36.34;36.86
1335;2.907;4.62;21.18;36.34;36.86
1336;2.907;4.62;21.18;36.34;36.86
1337;2.906;4.62;21.18;36.34;36.86
1338;2.906;4.62;21.18;36.34;36.86
1339;2.906;4.62;21.18;36.46;36.98
1340;2.905;4.62;21.18;36.34;36.86
1341;2.905;4.62;21.18;36.34;36.86
1342;2.905;4.62;21.18;36.34;36.86
1343;2.904;4.62;21.28;36.34;36.86
1344;2.904;4.62;21.18;36.46;36.86
1345;2.904;4.62;21.18;36.46;36.86
1346;2.903;4.62;21.18;36.46;36.74
1347;2.903;4.62;21.18;36.46;36.98
1348;2.903;4.62;21.18;36.46;36.86
1349;2.902;4.62;21.18;36.46;36.98
1350;2.902;4.62;21.18;36.46;36.98
1351;2.902;4.62;21.18;36.46;36.98
1352;2.901;4.62;21.18;36.57;36.86
1353;2.901;4.62;21.18;36.46;36.98
1354;2.9;4.62;21.18;36.46;36.98
1355;2.9;4.62;21.18;36.46;36.98
1356;2.9;4.62;21.18;36.46;36.98
1357;2.9;4.62;21.18;36.46;36.98
1358;2.899;4.62;21.18;36.46;36.98
1359;2.899;4.62;21.18;36.46;36.98
1360;2.899;4.62;21.18;36.46;36.98
1361;2.898;4.62;21.18;36.57;36.98
1362;2.898;4.62;21.18;36.81;37.23
1363;2.898;4.62;21.08;36.34;36.98
1364;2.897;4.62;21.18;36.57;37.1
1365;2.897;4.62;21.28;36.57;37.1
1366;2.897;4.62;21.18;36.57;36.98
1367;2.896;4.62;21.18;36.57;37.1
1368;2.896;4.62;21.28;36.57;36.98
1369;2.896;4.62;21.28;36.69;36.37
1370;2.895;4.62;21.28;36.46;36.86
1371;2.895;4.62;21.28;36.69;36.86
1372;2.895;4.62;21.28;36.57;37.1
1373;2.895;4.62;21.28;36.57;37.1
1374;2.894;4.62;21.28;36.46;36.98
1375;2.894;4.62;21.38;36.57;37.1
1376;2.893;4.62;21.28;36.57;37.1
1377;2.893;4.62;21.28;36.57;37.1
1378;2.893;4.62;21.28;36.57;37.1
1379;2.892;4.62;21.28;36.69;37.1
1380;2.892;4.62;21.28;36.57;37.1
1381;2.892;4.62;21.28;36.69;37.47
1382;2.892;4.62;21.18;36.57;37.1
1383;2.891;4.62;21.28;36.57;37.1
1384;2.891;4.62;21.28;36.69;37.1
1385;2.891;4.62;21.28;36.69;37.1
1386;2.89;4.62;21.28;36.57;37.23
1387;2.89;4.62;21.18;36.69;37.1
1388;2.89;4.62;21.28;36.69;37.1
1389;2.89;4.62;21.28;37.16;37.35
1390;2.889;4.62;21.28;36.69;37.1
1391;2.889;4.62;21.28;36.69;37.1
1392;2.889;4.62;21.28;36.69;37.23
1393;2.888;4.62;21.18;36.69;37.23
1394;2.888;4.62;21.18;36.69;37.35
1395;2.888;4.62;21.18;36.69;37.23
1396;2.887;4.62;21.18;37.16;38.72
1397;2.887;4.62;21.18;36.69;37.23
1398;2.887;4.62;21.18;36.69;37.23
1399;2.886;4.62;21.18;36.69;37.23
1400;2.886;4.62;21.28;36.69;37.23
1401;2.886;4.62;21.18;36.81;37.23
1402;2.886;4.62;21.18;36.69;37.47
1403;2.885;4.62;21.18;36.92;37.23
1404;2.885;4.62;21.28;36.81;37.23
1405;2.885;4.62;21.18;36.46;37.23
1406;2.884;4.62;21.18;36.81;37.23
1407;2.884;4.62;21.18;36.69;37.1
1408;2.884;4.62;21.18;36.81;37.23
1409;2.883;4.62;21.18;36.81;37.23
1410;2.883;4.62;21.18;37.51;37.23
1411;2.883;4.62;21.18;36.81;37.23
1412;2.882;4.62;21.18;36.81;37.23
1413;2.882;4.62;21.18;36.81;37.47
1414;2.882;4.62;21.18;36.81;37.23
1415;2.881;4.62;21.18;36.69;37.35
1416;2.881;4.62;21.28;36.57;37.47
1417;2.881;4.62;21.18;36.81;37.47
1418;2.881;4.62;21.18;36.92;37.35
1419;2.88;4.62;21.18;36.81;37.35
1420;2.88;4.62;21.18;36.81;37.35
1421;2.88;4.62;21.18;36.81;37.35
1422;2.879;4.62;21.18;36.92;37.23
1423;2.879;4.62;21.28;36.81;37.47
1424;2.879;4.62;21.28;36.81;37.1
1425;2.878;4.62;21.18;36.81;37.35
1426;2.878;4.62;21.28;36.81;37.35
1427;2.878;4.62;21.18;36.92;37.35
1428;2.877;4.62;21.28;36.92;37.35
1429;2.877;4.62;21.28;36.92;37.35
1430;2.877;4.62;21.28;36.92;37.23
1431;2.877;4.62;21.18;36.92;37.35
1432;2.876;4.62;21.28;36.92;37.35
1433;2.876;4.62;21.18;37.04;37.35
1434;2.876;4.62;21.28;36.92;37.35
1435;2.875;4.62;21.28;36.92;37.35
1436;2.875;4.62;21.28;36.92;37.47
1437;2.875;4.62;21.28;36.92;37.35
1438;2.875;4.62;21.28;37.04;37.47
1439;2.874;4.62;21.28;36.92;37.35
1440;2.874;4.62;21.28;36.92;37.47
1441;2.874;4.62;21.28;36.92;36.01
1442;2.873;4.62;21.28;36.92;37.35
1443;2.873;4.62;21.28;37.04;37.84
1444;2.873;4.62;21.28;36.92;37.47
1445;2.872;4.62;21.28;37.04;37.47
1446;2.872;4.62;21.28;37.04;37.47
1447;2.872;4.62;21.28;37.04;37.47
1448;2.872;4.62;21.28;36.92;37.47
1449;2.871;4.62;21.18;37.04;37.47
1450;2.871;4.62;21.28;36.92;37.47
1451;2.871;4.62;21.28;37.04;37.23
1452;2.87;4.62;21.28;37.04;37.47
1453;2.87;4.62;21.28;37.04;37.6
1454;2.87;4.62;21.18;37.04;37.47
1455;2.869;4.62;21.18;37.04;37.47
1456;2.869;4.62;21.18;37.04;37.47
1457;2.869;4.62;21.18;37.04;37.47
1458;2.868;4.62;21.18;37.04;37.6
1459;2.868;4.62;21.18;37.04;37.47
1460;2.868;4.62;21.18;37.04;37.6
1461;2.867;4.62;21.08;36.81;37.6
1462;2.867;4.62;21.18;37.04;37.6
1463;2.867;4.62;21.18;37.04;37.6
1464;2.867;4.62;21.18;37.04;37.6
1465;2.866;4.62;21.18;37.04;37.72
1466;2.866;4.62;21.18;37.16;37.47
1467;2.866;4.62;21.18;37.16;37.47
1468;2.865;4.62;21.18;37.16;37.6
1469;2.865;4.62;21.18;37.39;37.6
1470;2.865;4.62;21.18;37.16;37.6
1471;2.864;4.62;21.18;37.16;37.6
1472;2.864;4.62;21.18;37.04;37.6
1473;2.864;4.62;21.18;37.16;37.6
1474;2.863;4.62;21.18;37.16;37.72
1475;2.863;4.62;21.18;37.16;37.6
1476;2.863;4.62;21.18;37.16;37.6
1477;2.863;4.62;21.18;37.16;37.6
1478;2.862;4.62;21.18;37.16;37.6
1479;2.862;4.62;21.18;37.16;37.35
1480;2.862;4.62;21.18;37.51;37.72
1481;2.861;4.62;21.18;37.16;37.47
1482;2.861;4.62;21.18;37.16;37.6
1483;2.861;4.62;21.18;37.16;37.6
1484;2.86;4.62;21.18;37.16;37.72
1485;2.86;4.62;21.18;37.16;37.6
1486;2.86;4.62;21.18;37.16;37.72
1487;2.859;4.62;21.28;37.16;37.6
1488;2.859;4.62;21.18;37.16;37.47
1489;2.859;4.62;21.18;37.16;37.72
1490;2.859;4.62;21.18;37.16;37.6
1491;2.859;4.62;21.18;37.16;37.72
1492;2.858;4.62;21.18;37.16;37.72
1493;2.858;4.62;21.18;37.16;37.72
1494;2.858;4.62;21.28;37.27;37.72
1495;2.857;4.62;21.18;37.16;38.09
1496;2.857;4.62;21.18;37.27;37.6
1497;2.857;4.62;21.18;37.27;37.72
1498;2.856;4.62;21.18;37.27;37.72
1499;2.856;4.62;21.08;37.16;37.97
1500;2.856;4.62;21.18;37.27;37.72
1501;2.855;4.62;21.18;37.27;37.72
1502;2.855;4.62;21.18;37.27;37.72
1503;2.855;4.62;21.18;37.27;37.72
1504;2.855;4.62;21.08;37.27;37.72
1505;2.854;4.62;21.18;37.27;37.72
1506;2.854;4.62;21.08;37.27;37.72
1507;2.854;4.62;21.08;37.27;37.84
1508;2.853;4.62;21.08;37.27;37.72
1509;2.853;4.62;21.08;37.27;37.72
1510;2.853;4.62;21.18;37.27;37.72
1511;2.852;4.62;21.08;37.27;37.72
1512;2.852;4.62;21.08;37.27;37.6
1513;2.852;4.62;21.18;37.27;37.72
1514;2.851;4.62;21.08;37.27;37.72
1515;2.851;4.62;21.48;37.39;37.72
1516;2.851;4.62;21.08;37.16;37.97
1517;2.85;4.62;21.08;37.27;37.84
1518;2.85;4.62;21.18;37.27;37.72
1519;2.85;4.62;21.08;37.27;37.84
1520;2.849;4.62;21.18;37.39;37.47
1521;2.849;4.62;21.08;37.27;38.09
1522;2.849;4.62;21.28;37.39;37.84
1523;2.849;4.62;21.18;37.39;37.72
1524;2.848;4.62;21.18;37.27;37.72
1525;2.848;4.62;21.08;37.39;37.72
1526;2.848;4.62;21.18;37.16;37.84
1527;2.847;4.62;21.08;37.39;37.84
1528;2.847;4.62;21.18;37.39;37.84
1529;2.847;4.62;21.08;37.27;37.84
1530;2.846;4.62;21.08;37.51;37.72
1531;2.846;4.62;21.08;37.27;37.84
1532;2.846;4.62;21.08;37.39;37.84
1533;2.845;4.62;21.08;37.51;37.84
1534;2.845;4.62;21.08;37.39;37.84
1535;2.845;4.62;21.08;37.39;37.72
1536;2.845;4.62;21.08;37.39;37.72
1537;2.845;4.62;21.08;37.39;37.84
1538;2.844;4.62;21.08;37.39;37.97
1539;2.844;4.62;21.18;37.51;37.97
1540;2.844;4.62;21.08;37.39;37.84
1541;2.843;4.62;21.08;37.39;37.84
1542;2.843;4.62;21.08;37.39;37.84
1543;2.843;4.62;21.18;37.39;37.97
1544;2.842;4.62;21.18;37.51;37.84
1545;2.842;4.62;21.18;37.39;37.84
1546;2.842;4.62;21.18;37.39;37.84
1547;2.841;4.62;21.18;37.39;37.84
1548;2.841;4.62;21.18;37.51;37.84
1549;2.841;4.62;21.18;37.39;37.97
1550;2.84;4.62;21.28;37.39;37.84
1551;2.84;4.62;21.18;37.39;37.84
1552;2.84;4.62;21.28;37.27;37.97
1553;2.839;4.62;21.18;37.51;37.97
1554;2.839;4.62;21.18;37.39;37.72
1555;2.839;4.62;21.18;37.51;37.84
1556;2.838;4.62;21.18;37.39;37.84
1557;2.838;4.62;21.18;37.51;38.09
1558;2.838;4.62;21.18;37.51;37.84
1559;2.837;4.62;21.18;37.39;37.72
1560;2.837;4.62;21.18;37.51;37.97
1561;2.837;4.62;21.18;37.51;37.97
1562;2.836;4.62;21.18;37.51;37.84
1563;2.836;4.62;21.18;37.51;37.72
1564;2.836;4.62;21.18;37.51;37.84
1565;2.835;4.62;21.18;37.63;37.97
1566;2.835;4.62;21.18;37.51;37.97
1567;2.835;4.62;21.18;37.51;37.97
1568;2.834;4.62;21.18;37.51;36.49
1569;2.834;4.62;21.18;37.51;37.84
1570;2.834;4.62;21.18;37.51;37.97
1571;2.833;4.62;21.18;37.51;37.97
1572;2.833;4.62;21.08;37.51;37.6
1573;2.833;4.62;21.18;37.51;37.97
1574;2.832;4.62;21.18;37.63;37.97
1575;2.832;4.62;21.18;37.51;37.97
1576;2.832;4.62;21.18;37.63;37.97
1577;2.831;4.62;21.18;37.63;37.97
1578;2.831;4.62;21.18;37.63;37.97
1579;2.831;4.62;21.18;37.63;37.97
1580;2.83;4.62;21.18;37.63;37.97
1581;2.83;4.62;21.18;37.63;37.97
1582;2.83;4.62;21.18;37.63;37.97
1583;2.829;4.62;21.18;37.63;37.97
1584;2.829;4.62;21.18;37.51;37.72
1585;2.829;4.62;21.18;37.74;37.84
1586;2.828;4.62;21.18;37.74;38.09
1587;2.828;4.62;21.18;37.63;37.97
1588;2.828;4.62;21.18;37.63;37.97
1589;2.827;4.62;21.18;37.74;37.97
1590;2.827;4.62;21.28;37.63;38.09
1591;2.827;4.62;21.18;37.51;38.09
1592;2.826;4.62;21.28;37.63;37.97
1593;2.826;4.62;21.38;37.63;38.09
1594;2.826;4.62;21.28;37.63;37.97
1595;2.825;4.62;21.28;37.63;37.97
1596;2.825;4.62;21.38;37.86;37.97
1597;2.825;4.62;21.28;37.63;38.09
1598;2.824;4.62;21.18;37.74;38.22
1599;2.824;4.62;21.28;37.63;37.97
1600;2.824;4.62;21.28;37.63;37.97
1601;2.824;4.62;21.28;37.63;37.97
1602;2.823;4.62;21.28;37.74;37.97
1603;2.823;4.62;21.28;37.63;38.22
1604;2.823;4.62;21.28;37.74;38.09
1605;2.822;4.62;21.38;37.63;37.97
1606;2.822;4.62;21.28;37.74;38.09
1607;2.821;4.62;21.28;37.63;38.09
1608;2.821;4.62;21.28;37.63;37.97
1609;2.821;4.62;21.28;37.74;37.23
1610;2.82;4.62;21.28;37.86;37.97
1611;2.82;4.62;21.28;37.86;38.09
1612;2.82;4.62;21.28;37.74;38.09
1613;2.819;4.62;21.28;37.74;38.09
1614;2.819;4.62;21.28;37.74;38.09
1615;2.819;4.62;21.28;37.63;38.09
1616;2.818;4.62;21.28;37.74;38.09
1617;2.818;4.62;21.28;37.74;37.84
1618;2.818;4.62;21.28;37.86;37.97
1619;2.817;4.62;21.28;37.74;38.09
1620;2.817;4.62;21.28;37.74;37.97
1621;2.817;4.62;21.28;37.86;38.09
1622;2.816;4.62;21.28;37.74;38.09
1623;2.816;4.62;21.28;37.74;38.09
1624;2.816;4.62;21.28;37.74;38.09
1625;2.815;4.62;21.18;37.74;38.09
1626;2.815;4.62;21.28;37.74;38.09
1627;2.815;4.62;21.18;37.74;38.09
1628;2.814;4.62;21.18;37.86;38.09
1629;2.814;4.62;21.18;37.86;38.22
1630;2.814;4.62;21.18;37.74;38.09
1631;2.813;4.62;21.18;37.74;38.09
1632;2.813;4.62;21.18;37.74;38.22
1633;2.812;4.62;21.18;37.74;38.22
1634;2.812;4.62;21.18;37.74;38.34
1635;2.812;4.62;21.18;37.86;38.09
1636;2.811;4.62;21.18;37.98;38.09
1637;2.811;4.62;21.18;37.74;38.22
1638;2.811;4.62;21.18;37.63;37.97
1639;2.811;4.62;21.18;37.98;38.22
1640;2.81;4.62;21.18;37.86;38.22
1641;2.81;4.62;21.18;37.86;38.98
1642;2.809;4.62;21.28;37.86;37.97
1643;2.809;4.62;21.18;37.86;38.22
1644;2.809;4.62;21.18;37.86;38.22
1645;2.809;4.62;21.18;37.86;38.22
1646;2.808;4.62;21.18;37.86;38.22
1647;2.808;4.62;21.18;37.86;38.09
1648;2.808;4.62;21.18;37.98;38.22
1649;2.807;4.62;21.18;37.98;38.22
1650;2.807;4.62;21.18;37.98;38.22
1651;2.806;4.62;21.28;37.86;38.22
1652;2.806;4.62;21.28;37.86;38.22
1653;2.806;4.62;21.28;37.86;38.09
1654;2.805;4.62;21.18;37.74;38.22
1655;2.805;4.62;21.28;37.98;38.09
1656;2.804;4.62;21.18;38.1;38.85
1657;2.804;4.62;21.28;37.86;38.47
1658;2.804;4.62;21.28;37.98;38.34
1659;2.803;4.62;21.28;37.98;38.47
1660;2.803;4.62;21.28;37.86;38.34
1661;2.803;4.62;21.28;37.98;38.22
1662;2.802;4.62;21.28;37.98;38.22
1663;2.802;4.62;21.28;37.98;38.22
1664;2.801;4.62;21.28;37.98;38.34
1665;2.801;4.62;21.28;37.98;38.22
1666;2.801;4.62;21.28;37.98;38.34
1667;2.8;4.62;21.38;37.98;38.22
1668;2.8;4.62;21.38;38.34;38.22
1669;2.8;4.62;21.28;37.98;38.22
1670;2.799;4.62;21.28;37.98;38.22
1671;2.799;4.62;21.28;37.98;38.34
1672;2.798;4.62;21.28;38.1;38.22
1673;2.798;4.62;21.28;37.98;38.22
1674;2.798;4.62;21.28;37.98;38.09
1675;2.797;4.62;21.38;38.1;37.97
1676;2.797;4.62;21.28;37.98;38.34
1677;2.797;4.62;21.38;38.1;38.34
1678;2.796;4.62;21.38;38.1;38.34
1679;2.796;4.62;21.28;38.1;38.34
1680;2.796;4.62;21.28;37.98;38.22
1681;2.795;4.62;21.28;37.98;38.34
1682;2.795;4.62;21.28;37.98;38.47
1683;2.795;4.62;21.28;38.1;38.47
1684;2.794;4.62;21.38;37.98;38.34
1685;2.794;4.62;21.28;37.98;38.34
1686;2.793;4.62;21.28;38.1;37.6
1687;2.793;4.62;21.28;38.22;38.34
1688;2.793;4.62;21.28;38.1;38.34
1689;2.792;4.62;21.28;38.1;38.34
1690;2.792;4.62;21.28;38.1;38.34
1691;2.792;4.62;21.28;38.1;38.34
1692;2.791;4.62;21.38;38.22;36.49
1693;2.791;4.62;21.28;38.1;38.34
1694;2.791;4.62;21.28;38.1;38.34
1695;2.79;4.62;21.28;38.22;38.85
1696;2.79;4.62;21.28;38.1;38.34
1697;2.789;4.62;21.28;38.1;38.47
1698;2.789;4.62;21.28;38.1;38.47
1699;2.789;4.62;21.28;37.98;38.47
1700;2.788;4.62;21.28;38.1;38.47
1701;2.788;4.62;21.18;38.22;38.72
1702;2.788;4.62;21.28;38.1;38.47
1703;2.787;4.62;21.18;37.98;38.6
1704;2.787;4.62;21.28;38.1;38.47
1705;2.786;4.62;21.28;38.22;38.47
1706;2.786;4.62;21.28;38.1;38.47
1707;2.786;4.62;21.18;38.22;38.72
1708;2.785;4.62;21.18;38.1;38.47
1709;2.785;4.62;21.28;38.22;38.47
1710;2.784;4.62;21.28;38.22;38.47
1711;2.784;4.62;21.18;38.22;38.47
1712;2.784;4.62;21.18;38.22;38.47
1713;2.783;4.62;21.18;38.22;38.47
1714;2.783;4.62;21.18;38.22;38.47
1715;2.783;4.62;21.18;38.22;38.47
1716;2.782;4.62;21.18;38.22;38.47
1717;2.782;4.62;21.18;38.22;38.47
1718;2.781;4.62;21.18;38.34;38.47
1719;2.781;4.62;21.18;38.22;38.6
1720;2.78;4.62;21.18;38.22;38.6
1721;2.78;4.62;21.28;38.22;38.47
1722;2.78;4.62;21.18;38.22;38.6
1723;2.78;4.62;21.18;38.22;38.6
1724;2.779;4.62;21.28;38.22;38.6
1725;2.779;4.62;21.28;38.22;38.47
1726;2.779;4.62;21.28;38.22;38.47
1727;2.779;4.62;21.28;38.1;38.72
1728;2.778;4.62;21.28;38.22;38.6
1729;2.778;4.62;21.28;38.22;38.6
1730;2.777;4.62;21.28;38.34;38.47
1731;2.777;4.62;21.28;38.22;38.6
1732;2.776;4.62;21.28;38.34;38.47
1733;2.776;4.62;21.28;38.34;38.6
1734;2.776;4.62;21.28;38.22;38.6
1735;2.775;4.62;21.28;38.22;38.6
1736;2.775;4.62;21.28;38.34;38.6
1737;2.774;4.62;21.28;38.22;38.6
1738;2.774;4.62;21.18;38.34;38.6
1739;2.773;4.62;21.28;38.34;38.6
1740;2.773;4.62;21.28;38.34;38.6
1741;2.772;4.62;21.28;38.34;38.6
1742;2.772;4.62;21.28;38.34;38.34
1743;2.772;4.62;21.28;38.34;38.6
1744;2.771;4.62;21.28;38.34;38.6
1745;2.771;4.62;21.28;38.46;38.6
1746;2.77;4.62;21.18;38.34;38.6
1747;2.77;4.62;21.28;38.34;38.6
1748;2.769;4.62;21.28;38.34;38.6
1749;2.769;4.62;21.28;38.34;38.6
1750;2.768;4.62;21.38;38.34;38.6
1751;2.768;4.62;21.28;38.46;38.72
1752;2.768;4.62;21.28;38.34;38.6
1753;2.767;4.62;21.28;38.46;38.6
1754;2.767;4.62;21.18;38.34;38.6
1755;2.766;4.62;21.28;38.34;38.6
1756;2.766;4.62;21.28;38.34;38.72
1757;2.765;4.62;21.28;38.46;38.72
1758;2.765;4.62;21.28;38.46;38.72
1759;2.765;4.62;21.28;38.46;38.72
1760;2.764;4.62;21.28;38.22;38.72
1761;2.764;4.62;21.28;38.46;38.72
1762;2.763;4.62;21.28;38.46;38.72
1763;2.763;4.62;21.28;38.34;38.6
1764;2.762;4.62;21.28;38.46;38.72
1765;2.762;4.62;21.38;38.58;38.72
1766;2.761;4.62;21.28;38.46;38.72
1767;2.761;4.62;21.38;38.46;38.72
1768;2.761;4.62;21.38;38.46;38.85
1769;2.76;4.62;21.38;38.46;38.47
1770;2.76;4.62;21.28;38.46;38.85
1771;2.759;4.62;21.28;38.46;38.6
1772;2.759;4.62;21.28;38.46;38.47
1773;2.758;4.62;21.28;38.46;38.72
1774;2.758;4.62;21.38;38.46;38.72
1775;2.758;4.62;21.28;38.46;38.72
1776;2.757;4.62;21.38;38.46;38.72
1777;2.757;4.62;21.38;38.46;38.72
1778;2.756;4.62;21.38;38.46;38.6
1779;2.756;4.62;21.38;38.46;38.72
1780;2.755;4.62;21.38;38.46;38.85
1781;2.755;4.62;21.38;38.58;38.72
1782;2.755;4.62;21.28;38.58;38.72
1783;2.754;4.62;21.38;38.46;38.72
1784;2.754;4.62;21.38;38.46;39.1
1785;2.753;4.62;21.38;38.46;38.34
1786;2.753;4.62;21.38;38.58;38.85
1787;2.752;4.62;21.38;38.58;38.6
1788;2.752;4.62;21.38;38.58;38.72
1789;2.751;4.62;21.38;38.46;38.6
1790;2.751;4.62;21.38;38.58;38.85
1791;2.751;4.62;21.38;38.7;38.85
1792;2.75;4.62;21.38;38.46;38.98
1793;2.75;4.62;21.38;38.58;38.85
1794;2.749;4.62;21.38;38.58;38.85
1795;2.749;4.62;21.38;38.58;39.23
1796;2.749;4.62;21.38;38.58;38.85
1797;2.748;4.62;21.38;38.58;38.85
1798;2.748;4.62;21.28;38.58;38.85
1799;2.747;4.62;21.38;38.58;38.85
1800;2.747;4.62;21.38;38.58;38.85
1801;2.746;4.62;21.38;38.58;38.98
1802;2.746;4.62;21.38;38.7;38.85
1803;2.745;4.62;21.38;38.58;38.85
1804;2.745;4.62;21.38;38.58;38.98
1805;2.744;4.62;21.38;38.58;38.98
1806;2.744;4.62;21.38;38.7;38.98
1807;2.743;4.62;21.38;38.7;38.85
1808;2.743;4.62;21.38;38.7;39.1
1809;2.743;4.62;21.38;38.58;38.98
1810;2.742;4.62;21.38;38.7;38.98
1811;2.742;4.62;21.28;38.7;38.98
1812;2.741;4.62;21.38;38.7;39.36
1813;2.741;4.62;21.28;38.7;38.98
1814;2.74;4.62;21.38;38.7;38.98
1815;2.74;4.62;21.28;38.82;38.85
1816;2.739;4.62;21.28;38.7;38.98
1817;2.739;4.62;21.28;38.7;39.23
1818;2.738;4.62;21.48;38.82;38.72
1819;2.738;4.62;21.28;38.7;38.98
1820;2.737;4.62;21.28;38.7;39.1
1821;2.737;4.62;21.28;38.82;38.98
1822;2.736;4.62;21.28;38.7;39.23
1823;2.736;4.62;21.28;38.7;39.1
1824;2.736;4.62;21.28;38.7;39.1
1825;2.735;4.62;21.28;38.82;38.98
1826;2.735;4.62;21.28;38.82;39.1
1827;2.734;4.62;21.38;38.82;39.1
1828;2.734;4.62;21.28;38.7;39.1
1829;2.733;4.62;21.28;38.94;39.1
1830;2.733;4.62;21.28;38.94;39.1
1831;2.732;4.62;21.28;38.82;38.98
1832;2.732;4.62;21.28;38.82;38.98
1833;2.731;4.62;21.28;38.82;39.1
1834;2.731;4.62;21.18;38.82;39.1
1835;2.73;4.62;21.18;38.82;38.98
1836;2.73;4.62;21.18;38.82;38.98
1837;2.73;4.62;21.28;38.82;39.1
1838;2.729;4.62;21.18;38.82;39.1
1839;2.729;4.62;21.18;38.82;39.1
1840;2.728;4.62;21.18;38.82;39.23
1841;2.728;4.62;21.18;38.82;39.36
1842;2.727;4.62;21.28;38.7;39.1
1843;2.727;4.62;21.28;38.7;39.1
1844;2.726;4.62;21.18;38.82;39.23
1845;2.726;4.62;21.18;38.82;39.1
1846;2.725;4.62;21.18;38.82;39.1
1847;2.725;4.62;21.18;38.94;39.1
1848;2.724;4.62;21.18;38.82;39.1
1849;2.724;4.62;21.18;38.82;38.98
1850;2.723;4.62;21.18;38.82;39.1
1851;2.723;4.62;21.18;38.94;39.23
1852;2.722;4.62;21.18;38.94;39.1
1853;2.722;4.62;21.18;38.94;39.1
1854;2.721;4.62;21.18;38.94;39.1
1855;2.721;4.62;21.08;38.94;39.36
1856;2.72;4.62;21.18;38.82;39.61
1857;2.72;4.62;21.18;38.94;39.1
1858;2.719;4.62;21.28;38.94;39.1
1859;2.719;4.62;21.18;39.06;39.1
1860;2.718;4.62;21.18;38.94;39.23
1861;2.718;4.62;21.18;38.94;39.36
1862;2.718;4.62;21.18;38.94;39.23
1863;2.717;4.62;21.18;38.94;39.23
1864;2.717;4.62;21.18;38.82;39.61
1865;2.716;4.62;21.18;39.06;39.36
1866;2.716;4.62;21.18;39.06;39.23
1867;2.715;4.62;21.18;38.94;39.36
1868;2.715;4.62;21.18;38.94;39.36
1869;2.714;4.62;21.18;38.94;39.23
1870;2.714;4.62;21.18;38.94;39.23
1871;2.713;4.62;21.18;38.94;39.23
1872;2.713;4.62;21.18;38.94;39.36
1873;2.713;4.62;21.18;39.06;39.23
1874;2.712;4.62;21.18;39.06;39.23
1875;2.712;4.62;21.18;39.06;39.36
1876;2.711;4.62;21.18;39.06;38.72
1877;2.711;4.62;21.18;39.06;39.36
1878;2.71;4.62;21.18;39.06;39.23
1879;2.71;4.62;21.18;39.06;39.36
1880;2.709;4.62;21.18;39.06;39.36
1881;2.709;4.62;21.18;39.06;39.36
1882;2.708;4.62;21.18;39.06;39.36
1883;2.708;4.62;21.18;38.94;39.74
1884;2.707;4.62;21.28;39.06;39.36
1885;2.707;4.62;21.28;39.3;39.61
1886;2.706;4.62;21.18;39.06;39.36
1887;2.706;4.62;21.18;39.06;39.36
1888;2.705;4.62;21.18;39.18;39.36
1889;2.705;4.62;21.18;39.18;39.49
1890;2.704;4.62;21.18;39.18;39.49
1891;2.704;4.62;21.18;39.06;39.49
1892;2.703;4.62;21.18;39.18;39.49
1893;2.703;4.62;21.18;39.06;39.49
1894;2.702;4.62;21.18;39.18;39.36
1895;2.702;4.62;21.18;39.18;39.36
1896;2.701;4.62;21.18;39.06;39.49
1897;2.701;4.62;21.18;39.18;39.49
1898;2.7;4.62;21.18;39.06;39.23
1899;2.7;4.62;21.38;39.06;39.49
1900;2.699;4.62;21.18;39.3;39.23
1901;2.699;4.62;21.18;39.18;39.49
1902;2.698;4.62;21.18;39.06;41.57
1903;2.698;4.62;21.18;39.3;39.61
1904;2.697;4.62;21.18;39.18;39.49
1905;2.697;4.62;21.18;39.18;39.49
1906;2.696;4.62;21.18;39.18;39.49
1907;2.696;4.62;21.18;39.18;39.49
1908;2.695;4.62;21.18;39.18;39.49
1909;2.695;4.62;21.18;39.18;39.61
1910;2.694;4.62;21.18;39.3;39.61
1911;2.693;4.62;21.18;39.3;39.61
1912;2.693;4.62;21.18;39.3;39.61
1913;2.692;4.62;21.18;39.3;39.61
1914;2.692;4.62;21.18;39.3;39.61
1915;2.691;4.62;21.18;39.3;39.61
1916;2.691;4.62;21.18;39.3;39.61
1917;2.69;4.62;21.18;39.3;40.0
1918;2.69;4.62;21.18;39.3;39.61
1919;2.689;4.62;21.18;39.42;39.61
1920;2.689;4.62;21.18;39.3;39.61
1921;2.688;4.62;21.18;39.42;39.74
1922;2.688;4.62;21.18;39.42;39.49
1923;2.687;4.62;21.18;39.42;39.87
1924;2.687;4.62;21.18;39.3;39.61
1925;2.686;4.62;21.18;39.42;39.61
1926;2.686;4.62;21.18;39.3;39.74
1927;2.685;4.62;21.18;39.3;39.74
1928;2.685;4.62;21.18;39.42;39.74
1929;2.684;4.62;21.18;39.42;39.74
1930;2.684;4.62;21.18;39.42;39.74
1931;2.683;4.62;21.18;39.42;39.61
1932;2.683;4.62;21.08;39.42;39.49
1933;2.682;4.62;21.18;39.42;39.74
1934;2.682;4.62;21.08;39.42;39.61
1935;2.681;4.62;21.18;39.18;39.74
1936;2.68;4.62;21.18;39.42;39.74
1937;2.68;4.62;21.18;39.42;39.74
1938;2.679;4.62;21.18;39.42;39.74
1939;2.679;4.62;21.08;39.42;39.74
1940;2.678;4.62;21.18;39.54;39.87
1941;2.678;4.62;21.08;39.42;39.74
1942;2.677;4.62;21.08;39.42;39.74
1943;2.677;4.62;21.08;39.42;39.74
1944;2.676;4.62;21.08;39.42;39.74
1945;2.675;4.62;21.18;39.18;39.61
1946;2.675;4.62;21.08;39.54;39.87
1947;2.674;4.62;21.18;39.54;39.74
1948;2.674;4.62;21.08;39.54;39.74
1949;2.673;4.62;21.18;39.06;39.74
1950;2.673;4.62;21.18;39.54;39.87
1951;2.672;4.62;21.08;39.54;40.13
1952;2.672;4.62;21.08;39.54;39.87
1953;2.671;4.62;21.18;39.54;39.74
1954;2.67;4.62;21.18;39.54;39.87
1955;2.67;4.62;21.18;39.91;40.13
1956;2.669;4.62;21.18;39.54;39.87
1957;2.669;4.62;21.18;39.54;39.87
1958;2.668;4.62;21.18;39.54;39.87
1959;2.668;4.62;21.18;39.54;39.87
1960;2.667;4.62;21.18;39.54;39.87
1961;2.667;4.62;21.18;39.54;39.87
1962;2.666;4.62;21.18;39.66;39.87
1963;2.666;4.62;21.18;39.66;40.0
1964;2.665;4.62;21.18;39.66;39.87
1965;2.665;4.62;21.18;39.66;39.87
1966;2.664;4.62;21.18;39.66;39.87
1967;2.664;4.62;21.18;39.66;40.0
1968;2.663;4.62;21.18;39.66;40.0
1969;2.662;4.62;21.18;39.66;39.87
1970;2.662;4.62;21.18;39.66;39.87
1971;2.661;4.62;21.18;39.66;40.0
1972;2.661;4.62;21.18;39.66;40.0
1973;2.66;4.62;21.18;39.66;40.0
1974;2.66;4.62;21.18;39.78;40.0
1975;2.659;4.62;21.18;39.66;39.74
1976;2.658;4.62;21.18;39.78;40.0
1977;2.658;4.62;21.18;39.66;40.0
1978;2.657;4.62;21.18;39.78;40.13
1979;2.656;4.62;21.18;39.78;40.0
1980;2.656;4.62;21.18;39.78;40.0
1981;2.655;4.62;21.28;39.78;40.0
1982;2.655;4.62;21.18;39.78;40.0
1983;2.654;4.62;21.18;39.78;40.0
1984;2.654;4.62;21.18;39.78;40.0
1985;2.653;4.62;21.28;39.78;40.13
1986;2.652;4.62;21.08;39.78;40.13
1987;2.652;4.62;21.18;39.91;40.13
1988;2.651;4.62;21.18;39.91;40.13
1989;2.65;4.62;21.08;39.78;40.13
1990;2.65;4.62;21.18;39.91;40.13
1991;2.649;4.62;21.18;39.91;40.13
1992;2.649;4.62;21.08;39.91;40.13
1993;2.648;4.62;21.18;39.91;40.0
1994;2.648;4.62;21.18;39.91;40.0
1995;2.647;4.62;21.18;39.91;40.13
1996;2.647;4.62;21.18;39.91;42.24
1997;2.646;4.62;21.18;39.91;40.13
1998;2.645;4.62;21.08;39.91;40.13
1999;2.645;4.62;21.18;39.91;40.13
2000;2.644;4.62;21.08;39.91;40.13
2001;2.644;4.62;21.18;39.91;40.13
2002;2.644;4.62;21.08;39.91;40.13
2003;2.643;4.62;21.08;40.03;40.13
2004;2.643;4.62;21.08;40.03;40.13
2005;2.642;4.62;21.08;40.03;40.13
2006;2.642;4.62;21.08;40.03;40.13
2007;2.641;4.62;21.08;40.03;40.39
2008;2.64;4.62;21.08;40.03;40.13
2009;2.639;4.62;21.08;40.03;40.13
2010;2.639;4.62;21.08;40.03;40.13
2011;2.638;4.62;21.08;40.03;40.26
2012;2.638;4.62;21.08;40.03;40.13
2013;2.637;4.62;21.08;40.03;40.26
2014;2.636;4.62;21.08;39.91;40.39
2015;2.636;4.62;21.08;40.15;40.26
2016;2.635;4.62;21.08;40.03;40.26
2017;2.634;4.62;21.08;39.91;40.65
2018;2.634;4.62;21.08;40.03;40.26
2019;2.633;4.62;21.08;39.91;40.13
2020;2.632;4.62;21.08;40.15;40.26
2021;2.632;4.62;21.08;40.15;40.26
2022;2.631;4.62;21.08;40.15;40.26
2023;2.63;4.62;21.08;40.03;38.6
2024;2.63;4.62;21.08;40.15;39.87
2025;2.63;4.62;21.08;40.15;40.26
2026;2.63;4.62;21.08;40.15;40.39
2027;2.629;4.62;21.08;40.15;40.39
2028;2.629;4.62;21.08;40.15;40.39
2029;2.628;4.62;21.08;40.15;40.39
2030;2.627;4.62;21.08;40.15;40.39
2031;2.626;4.62;21.18;40.27;40.52
2032;2.625;4.62;21.08;40.27;40.39
2033;2.625;4.62;21.08;40.03;40.39
2034;2.624;4.62;21.08;40.15;40.39
2035;2.623;4.62;21.08;40.27;40.39
2036;2.622;4.62;21.08;40.27;40.39
2037;2.622;4.62;21.08;40.15;40.26
2038;2.621;4.62;21.18;40.4;40.39
2039;2.62;4.62;21.08;40.27;40.39
2040;2.62;4.62;21.18;40.27;40.39
2041;2.619;4.62;21.08;40.27;40.39
2042;2.618;4.62;21.08;40.27;40.39
2043;2.618;4.62;21.08;40.27;40.26
2044;2.617;4.62;21.08;40.27;40.39
2045;2.616;4.62;21.18;40.27;40.52
2046;2.615;4.62;21.28;40.27;40.91
2047;2.615;4.62;21.18;40.27;40.39
2048;2.614;4.62;21.08;40.27;40.52
2049;2.613;4.62;21.08;40.27;40.52
2050;2.613;4.62;21.08;40.27;40.65
2051;2.612;4.62;21.08;40.4;42.11
2052;2.612;4.62;21.08;40.27;40.26
2053;2.611;4.62;21.08;40.4;40.52
2054;2.61;4.62;21.08;40.4;40.52
2055;2.609;4.62;21.08;40.03;40.26
2056;2.609;4.62;21.08;40.4;40.52
2057;2.608;4.62;21.08;40.4;40.39
2058;2.607;4.62;21.08;40.52;40.78
2059;2.607;4.62;21.18;40.4;40.65
2060;2.606;4.62;21.08;40.4;40.52
2061;2.605;4.62;21.08;40.52;40.52
2062;2.604;4.62;21.08;40.4;40.65
2063;2.604;4.62;21.08;40.52;40.39
2064;2.603;4.62;21.08;40.4;40.52
2065;2.602;4.62;21.08;40.52;40.65
2066;2.602;4.62;21.18;40.52;40.65
2067;2.601;4.62;21.08;40.52;40.65
2068;2.6;4.62;21.18;40.52;40.65
2069;2.6;4.62;21.18;40.52;40.65
2070;2.599;4.62;21.18;40.52;40.65
2071;2.598;4.62;21.18;40.4;40.65
2072;2.598;4.62;21.18;40.52;40.65
2073;2.597;4.62;21.18;40.52;40.65
2074;2.596;4.62;21.18;40.52;40.65
2075;2.596;4.62;21.18;40.52;40.65
2076;2.595;4.62;21.18;40.52;40.65
2077;2.594;4.62;21.18;40.52;40.65
2078;2.593;4.62;21.18;40.52;42.92
2079;2.593;4.62;21.18;40.64;40.65
2080;2.592;4.62;21.18;40.52;40.78
2081;2.591;4.62;21.18;40.64;40.78
2082;2.59;4.62;21.18;40.52;40.78
2083;2.59;4.62;21.18;40.64;40.78
2084;2.589;4.62;21.18;40.64;40.65
2085;2.588;4.62;21.18;40.64;40.78
2086;2.587;4.62;21.18;40.64;40.78
2087;2.587;4.62;21.18;40.64;40.78
2088;2.586;4.62;21.18;40.64;40.65
2089;2.585;4.62;21.18;40.64;40.78
2090;2.584;4.62;21.18;40.64;40.78
2091;2.584;4.62;21.18;40.64;40.78
2092;2.583;4.62;21.18;40.77;40.78
2093;2.582;4.62;21.18;40.64;40.78
2094;2.581;4.62;21.18;40.77;40.91
2095;2.58;4.62;21.18;40.77;40.91
2096;2.579;4.62;21.18;40.77;40.78
2097;2.579;4.62;21.18;40.77;40.91
2098;2.578;4.62;21.18;40.77;40.78
2099;2.577;4.62;21.18;40.77;40.91
2100;2.576;4.62;21.18;40.77;40.91
2101;2.576;4.62;21.18;40.77;40.78
2102;2.575;4.62;21.18;40.77;40.91
2103;2.574;4.62;21.28;40.77;40.91
2104;2.573;4.62;21.18;40.77;40.91
2105;2.573;4.62;21.18;40.77;40.91
2106;2.572;4.62;21.18;40.89;40.91
2107;2.571;4.62;21.08;40.89;40.91
2108;2.57;4.62;21.18;40.77;41.04
2109;2.569;4.62;21.18;40.89;41.97
2110;2.569;4.62;21.18;40.89;41.04
2111;2.568;4.62;21.18;40.89;40.78
2112;2.567;4.62;21.18;40.89;40.91
2113;2.566;4.62;21.18;40.89;41.04
2114;2.565;4.62;21.18;40.89;41.04
2115;2.565;4.62;21.18;40.89;41.04
2116;2.564;4.62;21.18;40.4;41.04
2117;2.563;4.62;21.18;40.89;41.04
2118;2.562;4.62;21.18;40.89;41.04
2119;2.561;4.62;21.18;40.89;41.04
2120;2.56;4.62;21.18;40.89;41.04
2121;2.56;4.62;21.18;41.01;41.18
2122;2.559;4.62;21.28;41.01;41.04
2123;2.558;4.62;21.18;41.01;41.04
2124;2.557;4.62;21.18;41.01;40.91
2125;2.556;4.62;21.18;41.01;41.18
2126;2.555;4.62;21.18;41.01;41.04
2127;2.554;4.62;21.18;41.01;41.31
2128;2.554;4.62;21.18;41.01;41.18
2129;2.553;4.62;21.18;41.01;41.04
2130;2.552;4.62;21.18;41.01;41.18
2131;2.551;4.62;21.18;41.14;40.91
2132;2.55;4.62;21.18;41.01;41.31
2133;2.549;4.62;21.18;41.14;41.18
2134;2.548;4.62;21.18;41.01;41.18
2135;2.547;4.62;21.18;41.14;41.44
2136;2.546;4.62;21.18;41.01;41.18
2137;2.546;4.62;21.18;41.14;41.18
2138;2.545;4.62;21.18;41.14;41.18
2139;2.544;4.62;21.18;41.14;41.31
2140;2.543;4.62;21.28;41.51;41.31
2141;2.542;4.62;21.18;41.14;41.31
2142;2.541;4.62;21.18;41.14;41.31
2143;2.54;4.62;21.18;41.14;41.31
2144;2.539;4.62;21.18;41.14;41.04
2145;2.538;4.62;21.18;41.26;41.57
2146;2.538;4.62;21.18;41.26;41.31
2147;2.537;4.62;21.18;41.51;41.18
2148;2.536;4.62;21.18;41.26;41.18
2149;2.535;4.62;21.18;41.26;41.31
2150;2.534;4.62;21.18;41.26;41.44
2151;2.533;4.62;21.28;40.64;41.31
2152;2.532;4.62;21.18;41.26;41.31
2153;2.531;4.62;21.18;41.26;41.44
2154;2.53;4.62;21.18;41.26;41.31
2155;2.529;4.62;21.18;41.39;41.18
2156;2.528;4.62;21.18;41.26;41.31
2157;2.528;4.62;21.18;41.26;41.44
2158;2.527;4.62;21.18;41.26;41.44
2159;2.526;4.62;21.18;41.39;41.04
2160;2.525;4.62;21.18;41.39;41.44
2161;2.524;4.62;21.18;41.39;41.57
2162;2.522;4.62;21.28;41.39;41.44
2163;2.521;4.62;21.18;41.39;41.57
2164;2.52;4.62;21.18;41.39;41.57
2165;2.519;4.62;21.08;41.39;41.44
2166;2.518;4.62;21.18;41.39;41.57
2167;2.517;4.62;21.18;41.26;41.57
2168;2.516;4.62;21.08;41.51;41.31
2169;2.515;4.62;21.18;41.39;41.71
2170;2.514;4.62;21.18;41.39;41.57
2171;2.512;4.62;21.18;41.39;41.57
2172;2.511;4.62;21.18;41.64;41.57
2173;2.51;4.62;21.18;41.51;41.57
2174;2.509;4.62;21.18;41.51;41.44
2175;2.508;4.62;21.18;41.51;41.57
2176;2.507;4.62;21.18;41.51;41.57
2177;2.506;4.62;21.18;41.64;41.97
2178;2.505;4.62;21.18;41.51;41.71
2179;2.504;4.62;21.18;41.64;41.71
2180;2.503;4.62;21.18;41.64;41.71
2181;2.501;4.62;21.18;41.64;41.57
2182;2.5;4.62;21.18;41.51;41.71
