time;voltage;current;ambient_temperature;surface_temperature_plus;surface_temperature_minus
0;0.002;0.0;21.08;19.37;20.02
1;3.146;5.911;21.08;19.37;20.02
2;3.062;6.161;21.08;19.37;20.02
3;3.06;6.161;21.08;19.37;20.42
4;3.056;6.161;21.08;19.37;19.82
5;3.052;6.161;21.08;19.37;20.12
6;3.046;6.161;21.18;19.26;20.02
7;3.047;6.161;21.08;19.37;20.02
8;3.048;6.161;21.08;19.37;20.02
9;3.047;6.161;21.08;19.37;20.02
10;3.047;6.161;21.08;19.26;19.82
11;3.049;6.161;21.08;19.47;20.12
12;3.048;6.161;21.08;19.37;20.02
13;3.048;6.161;21.18;19.47;20.12
14;3.047;6.161;21.18;19.37;20.22
15;3.043;6.161;21.08;19.57;20.12
16;3.041;6.161;21.08;19.57;20.12
17;3.041;6.161;21.08;19.57;20.12
18;3.04;6.161;21.08;19.57;20.32
19;3.038;6.161;21.08;19.57;20.22
20;3.037;6.161;21.08;19.47;19.82
21;3.035;6.161;21.08;19.67;20.32
22;3.033;6.161;21.08;19.77;20.42
23;3.032;6.161;21.08;19.67;20.42
24;3.032;6.161;21.08;19.77;20.52
25;3.03;6.161;21.08;19.87;20.52
26;3.027;6.161;21.08;19.67;20.52
27;3.026;6.161;21.08;19.87;20.82
28;3.023;6.161;21.08;19.87;20.52
29;3.023;6.161;21.18;19.87;20.72
30;3.024;6.161;21.08;19.87;20.62
31;3.026;6.161;21.08;19.97;20.72
32;3.025;6.161;21.08;19.87;20.62
33;3.024;6.161;21.18;20.07;20.62
34;3.024;6.161;21.08;19.97;20.52
35;3.022;6.161;21.08;19.97;20.82
36;3.022;6.161;21.08;20.07;21.02
37;3.02;6.161;21.18;20.17;20.92
38;3.019;6.161;21.08;20.17;20.92
39;3.02;6.161;21.18;20.37;21.12
40;3.018;6.161;21.18;20.27;21.02
41;3.018;6.161;21.18;20.27;21.02
42;3.019;6.161;21.08;20.37;20.92
43;3.018;6.161;21.08;20.37;21.12
44;3.018;6.161;21.08;20.37;21.22
45;3.017;6.161;21.08;20.47;21.22
46;3.018;6.161;21.08;20.47;21.22
47;3.018;6.161;21.08;20.47;21.32
48;3.018;6.161;21.08;20.47;21.32
49;3.017;6.161;21.08;20.47;21.42
50;3.017;6.161;21.08;20.57;21.42
51;3.017;6.161;21.18;20.57;21.52
52;3.017;6.161;21.08;20.67;21.62
53;3.018;6.161;21.18;20.67;21.42
54;3.022;6.161;21.18;20.77;21.93
55;3.023;6.161;21.18;20.77;21.62
56;3.022;6.161;21.08;21.48;21.83
57;3.023;6.161;20.98;20.87;21.73
58;3.023;6.161;21.18;20.87;21.83
59;3.024;6.161;21.08;20.67;21.83
60;3.023;6.161;21.08;21.08;21.83
61;3.024;6.161;21.08;21.08;21.93
62;3.022;6.161;21.08;20.98;22.03
63;3.021;6.161;21.08;21.08;22.03
64;3.021;6.161;21.08;21.28;22.13
65;3.021;6.161;21.08;21.28;22.13
66;3.021;6.161;21.08;21.28;22.13
67;3.021;6.161;21.08;21.28;22.23
68;3.021;6.161;21.08;21.38;22.23
69;3.02;6.161;21.08;21.38;22.33
70;3.02;6.161;21.08;21.38;22.23
71;3.021;6.161;21.08;21.48;22.43
72;3.022;6.161;21.08;21.38;22.23
73;3.022;6.161;21.18;21.48;22.43
74;3.024;6.161;21.08;21.58;22.53
75;3.024;6.161;21.08;21.58;22.64
76;3.024;6.161;21.08;21.58;22.64
77;3.024;6.161;21.08;21.78;22.74
78;3.023;6.161;21.18;21.78;23.04
79;3.023;6.161;21.08;22.09;22.84
80;3.023;6.161;21.08;21.89;22.84
81;3.023;6.161;21.08;21.89;22.84
82;3.023;6.161;21.08;21.89;22.94
83;3.023;6.161;21.18;21.99;22.94
84;3.024;6.161;21.08;21.99;22.94
85;3.025;6.161;21.08;22.19;23.15
86;3.025;6.161;21.08;22.09;23.04
87;3.026;6.161;21.08;22.19;23.15
88;3.028;6.161;21.18;22.19;23.15
89;3.029;6.161;21.18;22.19;23.25
90;3.032;6.161;21.18;22.29;23.35
91;3.033;6.161;21.18;22.29;23.35
92;3.033;6.161;21.18;22.39;23.56
93;3.034;6.161;21.18;22.39;23.45
94;3.034;6.161;21.08;22.49;23.97
95;3.033;6.161;21.18;22.49;23.56
96;3.032;6.161;21.18;22.49;23.56
97;3.032;6.161;21.18;22.6;23.56
98;3.03;6.161;21.18;22.6;23.76
99;3.028;6.161;21.08;22.6;23.76
100;3.029;6.161;21.18;22.7;23.86
101;3.03;6.161;21.18;22.7;24.07
102;3.03;6.161;21.18;22.8;23.97
103;3.031;6.161;21.18;22.6;24.17
104;3.032;6.161;21.18;22.9;23.97
105;3.032;6.161;21.18;23.0;23.97
106;3.032;6.161;21.08;23.0;24.17
107;3.032;6.161;21.18;23.0;24.17
108;3.032;6.161;21.18;23.1;24.38
109;3.031;6.161;21.18;22.9;24.38
110;3.03;6.161;21.18;23.21;24.38
111;3.03;6.161;21.18;23.21;24.38
112;3.029;6.161;21.18;23.21;24.48
113;3.03;6.161;21.18;23.31;24.48
114;3.031;6.161;21.18;23.41;24.48
115;3.029;6.161;21.18;23.31;24.48
116;3.029;6.161;21.18;23.41;24.59
117;3.029;6.161;21.18;23.41;24.69
118;3.028;6.161;21.18;23.51;24.69
119;3.029;6.161;21.08;23.51;24.9
120;3.029;6.161;21.18;23.61;24.9
121;3.029;6.161;21.18;23.61;24.9
122;3.032;6.161;21.18;23.72;25.0
123;3.032;6.161;21.08;23.72;24.9
124;3.032;6.161;21.18;23.82;25.0
125;3.032;6.161;21.18;23.92;25.0
126;3.031;6.161;21.08;24.13;25.1
127;3.032;6.161;21.18;23.92;25.1
128;3.035;6.161;21.28;24.02;25.21
129;3.039;6.161;21.18;24.02;25.21
130;3.04;6.161;21.08;24.02;25.31
131;3.041;6.161;21.18;24.64;25.21
132;3.041;6.161;21.08;24.54;25.42
133;3.041;6.161;21.08;24.23;25.42
134;3.04;6.161;21.18;24.33;25.21
135;3.04;6.161;21.08;24.23;25.63
136;3.04;6.161;21.08;24.33;25.63
137;3.038;6.161;21.08;24.33;25.63
138;3.035;6.161;21.28;24.43;25.63
139;3.035;6.161;21.18;24.33;25.63
140;3.033;6.161;21.18;24.54;25.84
141;3.031;6.161;21.18;24.54;25.84
142;3.031;6.161;21.18;24.64;26.47
143;3.035;6.161;21.18;24.95;25.94
144;3.031;6.161;21.18;24.64;26.04
145;3.031;6.161;21.18;24.74;26.04
146;3.031;6.161;21.18;24.74;26.36
147;3.032;6.161;21.18;24.95;25.94
148;3.034;6.161;21.18;24.85;26.15
149;3.034;6.161;21.08;24.85;26.26
150;3.033;6.161;21.18;24.95;26.26
151;3.031;6.161;21.18;24.95;26.26
152;3.031;6.161;21.28;25.05;26.36
153;3.031;6.161;21.18;25.15;26.36
154;3.032;6.161;21.08;25.15;26.36
155;3.033;6.161;21.08;25.15;26.57
156;3.035;6.161;21.18;25.36;26.47
157;3.037;6.161;21.18;25.26;26.57
158;3.036;6.161;21.18;25.36;26.57
159;3.036;6.161;21.18;25.36;26.57
160;3.034;6.161;21.18;25.36;26.68
161;3.033;6.161;21.18;25.46;26.78
162;3.034;6.161;21.18;25.46;26.78
163;3.032;6.161;21.18;25.57;26.89
164;3.031;6.161;21.18;25.57;26.89
165;3.032;6.161;21.18;25.67;27.0
166;3.032;6.161;21.18;25.67;27.0
167;3.033;6.161;21.18;25.98;27.1
168;3.032;6.161;21.18;25.78;27.1
169;3.033;6.161;21.18;25.78;27.1
170;3.033;6.161;21.18;25.88;27.1
171;3.031;6.161;21.18;25.88;27.21
172;3.031;6.161;21.18;25.88;27.21
173;3.031;6.161;21.18;26.19;26.68
174;3.03;6.161;21.18;25.88;27.42
175;3.03;6.161;21.18;26.09;27.42
176;3.032;6.161;21.08;26.19;27.42
177;3.031;6.161;21.18;26.09;27.53
178;3.032;6.161;21.28;26.19;27.53
179;3.033;6.161;21.18;26.19;27.53
180;3.034;6.161;21.18;26.29;27.64
181;3.035;6.161;21.18;26.29;27.85
182;3.036;6.161;21.18;26.4;27.74
183;3.036;6.161;21.18;26.61;25.94
184;3.037;6.161;21.18;26.4;27.74
185;3.038;6.161;21.18;26.4;27.74
186;3.038;6.161;21.18;26.5;27.96
187;3.039;6.161;21.18;26.5;27.85
188;3.039;6.161;21.18;26.61;27.96
189;3.039;6.161;21.18;26.61;27.96
190;3.039;6.161;21.28;26.71;28.06
191;3.039;6.161;21.18;26.71;28.06
192;3.038;6.161;21.18;26.71;28.06
193;3.037;6.161;21.18;26.82;28.28
194;3.035;6.161;21.18;26.82;28.17
195;3.034;6.161;21.18;26.82;28.06
196;3.034;6.161;21.18;26.82;28.28
197;3.033;6.161;21.18;26.92;28.28
198;3.033;6.161;21.18;27.02;28.39
199;3.033;6.161;21.18;27.02;28.17
200;3.033;6.161;21.28;27.13;28.39
201;3.033;6.161;21.18;27.02;28.5
202;3.034;6.161;21.28;27.13;28.5
203;3.032;6.161;21.18;27.23;28.6
204;3.033;6.161;21.28;27.23;28.6
205;3.033;6.161;21.28;27.23;28.71
206;3.032;6.161;21.28;27.34;28.71
207;3.035;6.161;21.28;27.23;28.71
208;3.034;6.161;21.28;27.34;28.71
209;3.033;6.161;21.28;27.55;28.6
210;3.033;6.161;21.28;27.44;28.82
211;3.033;6.161;21.28;27.55;28.71
212;3.033;6.161;21.28;27.44;28.93
213;3.032;6.161;21.28;27.55;28.93
214;3.032;6.161;21.28;27.44;28.82
215;3.032;6.161;21.28;27.65;29.04
216;3.035;6.161;21.28;27.65;29.04
217;3.036;6.161;21.28;27.86;29.15
218;3.037;6.161;21.28;27.76;29.15
219;3.036;6.161;21.28;27.86;29.15
220;3.036;6.161;21.28;28.08;29.26
221;3.036;6.161;21.18;27.97;29.26
222;3.035;6.161;21.28;27.97;29.26
223;3.036;6.161;21.28;27.65;29.37
224;3.035;6.161;21.28;27.97;29.37
225;3.035;6.161;21.28;28.08;29.47
226;3.033;6.161;21.28;28.08;29.58
227;3.032;6.161;21.28;28.18;29.47
228;3.032;6.161;21.28;28.08;29.58
229;3.032;6.161;21.28;28.29;29.58
230;3.031;6.161;21.28;28.18;29.58
231;3.03;6.161;21.28;28.29;29.58
232;3.03;6.161;21.38;28.29;29.69
233;3.029;6.161;21.28;28.39;29.69
234;3.029;6.161;21.28;28.39;29.69
235;3.029;6.161;21.28;28.5;29.91
236;3.028;6.161;21.28;28.39;29.8
237;3.028;6.161;21.28;28.5;29.8
238;3.028;6.161;21.38;28.5;29.91
239;3.029;6.161;21.28;28.6;30.02
240;3.03;6.161;21.28;28.6;29.91
241;3.03;6.161;21.38;28.6;30.02
242;3.029;6.161;21.28;28.6;29.91
243;3.028;6.161;21.08;28.82;30.13
244;3.027;6.161;21.28;28.71;30.24
245;3.028;6.161;21.28;28.82;30.36
246;3.028;6.161;21.28;28.71;30.47
247;3.027;6.161;21.28;28.82;30.13
248;3.028;6.161;21.28;28.92;30.24
249;3.027;6.161;21.28;28.82;30.36
250;3.03;6.161;21.28;28.92;30.36
251;3.029;6.161;21.28;29.03;30.36
252;3.03;6.161;21.28;29.03;30.58
253;3.03;6.161;21.38;29.14;30.47
254;3.028;6.161;21.38;29.24;30.69
255;3.027;6.161;21.38;29.14;30.58
256;3.026;6.161;21.38;28.71;30.8
257;3.025;6.161;21.38;29.14;30.58
258;3.026;6.161;21.38;29.24;30.69
259;3.027;6.161;21.38;29.35;30.69
260;3.027;6.161;21.38;29.35;30.58
261;3.025;6.161;21.38;29.35;30.8
262;3.025;6.161;21.38;29.46;30.8
263;3.023;6.161;21.38;29.56;30.69
264;3.021;6.161;21.38;29.46;30.8
265;3.021;6.161;21.38;29.56;30.91
266;3.021;6.161;21.38;29.67;31.13
267;3.022;6.161;21.38;29.56;31.02
268;3.022;6.161;21.38;29.56;31.02
269;3.022;6.161;21.38;29.67;31.13
270;3.024;6.161;21.38;29.67;31.13
271;3.025;6.161;21.38;29.78;31.13
272;3.025;6.161;21.38;29.78;31.13
273;3.025;6.161;21.38;29.78;31.58
274;3.025;6.161;21.38;29.78;31.25
275;3.026;6.161;21.38;29.88;31.25
276;3.026;6.161;21.48;29.88;31.25
277;3.026;6.161;21.38;29.99;31.36
278;3.025;6.161;21.38;29.99;31.47
279;3.025;6.161;21.38;29.99;31.36
280;3.025;6.161;21.48;29.99;31.47
281;3.024;6.161;20.98;30.1;31.47
282;3.025;6.161;21.38;30.1;31.47
283;3.025;6.161;21.38;30.1;31.02
284;3.025;6.161;21.38;30.21;31.58
285;3.025;6.161;21.38;30.21;31.58
286;3.025;6.161;21.38;30.32;31.7
287;3.025;6.161;21.48;30.32;31.7
288;3.023;6.161;21.48;30.42;31.92
289;3.022;6.161;21.48;30.32;31.7
290;3.022;6.161;21.48;30.32;31.92
291;3.021;6.161;21.48;30.42;31.81
292;3.02;6.161;21.48;30.42;31.58
293;3.02;6.161;21.48;30.42;31.92
294;3.019;6.161;21.48;30.53;31.81
295;3.018;6.161;21.48;30.42;32.04
296;3.018;6.161;21.48;30.53;31.92
297;3.019;6.161;21.48;30.64;32.15
298;3.019;6.161;21.48;30.64;32.04
299;3.018;6.161;21.48;30.75;32.04
300;3.018;6.161;21.48;30.64;32.04
301;3.017;6.161;21.38;30.64;32.15
302;3.017;6.161;21.38;30.75;32.26
303;3.015;6.161;21.48;30.75;32.04
304;3.014;6.161;21.38;30.86;32.15
305;3.013;6.161;21.38;30.86;32.49
306;3.012;6.161;21.48;30.96;32.26
307;3.011;6.161;21.48;30.86;32.26
308;3.011;6.161;21.38;30.96;32.38
309;3.012;6.161;21.48;30.86;32.49
310;3.011;6.161;21.38;31.07;32.38
311;3.012;6.161;21.38;31.07;31.81
312;3.011;6.161;21.38;31.07;32.49
313;3.013;6.161;21.38;31.07;32.49
314;3.012;6.161;21.38;31.18;32.61
315;3.011;6.161;21.38;31.18;32.49
316;3.011;6.161;21.48;31.18;32.61
317;3.012;6.161;21.48;31.4;32.72
318;3.011;6.161;21.38;31.29;32.72
319;3.011;6.161;21.38;31.29;32.72
320;3.01;6.161;21.38;31.29;32.49
321;3.011;6.161;21.38;31.29;32.61
322;3.011;6.161;21.38;31.29;32.72
323;3.01;6.161;21.38;31.4;32.83
324;3.013;6.161;21.38;31.4;32.95
325;3.013;6.161;21.38;31.51;32.83
326;3.013;6.161;21.48;31.51;32.72
327;3.013;6.161;21.38;31.73;32.95
328;3.013;6.161;21.38;31.62;32.95
329;3.013;6.161;21.38;31.62;32.95
330;3.013;6.161;21.38;31.62;32.95
331;3.013;6.161;21.48;31.62;33.18
332;3.012;6.161;21.38;31.95;33.06
333;3.012;6.161;21.38;31.73;32.95
334;3.012;6.161;21.38;31.73;33.06
335;3.01;6.161;21.38;31.73;32.95
336;3.01;6.161;21.38;31.84;33.18
337;3.01;6.161;21.38;31.84;33.06
338;3.01;6.161;21.38;31.84;33.18
339;3.01;6.161;21.38;31.95;33.18
340;3.009;6.161;21.38;31.95;33.29
341;3.009;6.161;21.38;31.95;33.29
342;3.008;6.161;21.48;31.95;33.41
343;3.008;6.161;21.38;32.17;33.41
344;3.008;6.161;21.38;32.06;33.29
345;3.009;6.161;21.38;32.06;33.41
346;3.009;6.161;21.48;32.06;33.41
347;3.008;6.161;21.48;32.17;33.53
348;3.008;6.161;21.48;32.06;33.41
349;3.008;6.161;21.38;32.06;33.53
350;3.008;6.161;21.38;32.17;33.64
351;3.007;6.161;21.38;32.17;33.53
352;3.007;6.161;21.38;32.28;33.99
353;3.007;6.161;21.38;32.39;33.76
354;3.006;6.161;21.38;32.39;33.64
355;3.005;6.161;21.38;32.28;33.64
356;3.005;6.161;21.38;32.39;33.64
357;3.005;6.161;21.38;32.39;33.76
358;3.004;6.161;21.38;32.61;33.99
359;3.004;6.161;21.48;32.61;33.76
360;3.003;6.161;21.48;32.5;33.87
361;3.003;6.161;21.48;32.5;34.11
362;3.003;6.161;21.48;32.5;33.87
363;3.002;6.161;21.38;32.61;33.99
364;3.002;6.161;21.38;32.61;33.99
365;3.002;6.161;21.48;32.61;34.11
366;3.001;6.161;21.48;32.61;34.23
367;3.001;6.161;21.48;32.72;33.99
368;3.001;6.161;21.48;32.72;34.11
369;3.0;6.161;21.38;32.72;34.11
370;3.0;6.161;21.38;32.72;34.11
371;3.0;6.161;21.38;32.83;34.23
372;2.999;6.161;21.48;32.72;33.99
373;2.999;6.161;21.38;32.83;34.23
374;2.999;6.161;21.38;32.94;34.23
375;2.998;6.161;21.38;32.94;34.23
376;2.998;6.161;21.38;32.94;34.34
377;2.997;6.161;21.38;32.94;34.34
378;2.998;6.161;21.38;33.05;34.23
379;2.996;6.161;21.38;33.05;34.34
380;2.996;6.161;21.38;33.05;34.34
381;2.995;6.161;21.38;33.16;34.46
382;2.995;6.161;21.38;33.27;34.11
383;2.995;6.161;21.38;33.16;34.46
384;2.994;6.161;21.38;33.16;34.46
385;2.994;6.161;21.38;33.16;34.58
386;2.993;6.161;21.38;33.16;34.46
387;2.993;6.161;21.38;33.27;34.58
388;2.993;6.161;21.38;32.83;34.58
389;2.992;6.161;21.38;33.27;34.58
390;2.992;6.161;21.38;33.27;35.05
391;2.992;6.161;21.38;33.38;34.7
392;2.992;6.161;21.38;33.38;34.7
393;2.991;6.161;21.38;33.5;34.81
394;2.991;6.161;21.38;33.38;34.7
395;2.991;6.161;21.38;33.5;34.81
396;2.99;6.161;21.48;33.5;34.81
397;2.99;6.161;21.38;33.5;35.05
398;2.99;6.161;21.38;33.5;35.05
399;2.989;6.161;21.38;33.61;34.93
400;2.989;6.161;21.38;33.5;34.81
401;2.989;6.161;21.48;33.61;34.93
402;2.988;6.161;21.38;33.61;34.93
403;2.988;6.161;21.38;33.61;34.93
404;2.987;6.161;21.38;33.72;34.93
405;2.987;6.161;21.38;34.06;35.05
406;2.987;6.161;21.38;33.72;35.05
407;2.986;6.161;21.38;33.72;35.05
408;2.986;6.161;21.38;33.83;34.93
409;2.985;6.161;21.38;33.72;34.93
410;2.985;6.161;21.38;33.83;35.17
411;2.984;6.161;21.38;33.83;35.17
412;2.984;6.161;21.38;34.06;35.17
413;2.984;6.161;21.48;33.94;35.17
414;2.983;6.161;21.38;33.94;35.17
415;2.983;6.161;21.38;33.94;35.29
416;2.983;6.161;21.38;33.94;35.17
417;2.983;6.161;21.38;34.06;35.65
418;2.982;6.161;21.48;34.06;35.29
419;2.981;6.161;21.38;34.06;35.41
420;2.981;6.161;21.38;33.94;35.29
421;2.981;6.161;21.38;34.06;35.41
422;2.981;6.161;21.28;34.06;36.37
423;2.982;6.161;21.38;34.17;35.41
424;2.982;6.161;21.38;34.17;35.65
425;2.981;6.161;21.38;34.28;35.53
426;2.981;6.161;21.38;34.28;35.53
427;2.981;6.161;21.38;34.28;35.53
428;2.98;6.161;21.48;34.28;35.65
429;2.98;6.161;21.38;34.28;35.65
430;2.979;6.161;21.38;34.28;35.53
431;2.978;6.161;21.28;34.28;35.65
432;2.978;6.161;21.38;34.28;35.65
433;2.978;6.161;21.28;34.4;35.77
434;2.977;6.161;21.28;34.28;35.53
435;2.976;6.161;21.28;34.28;35.65
436;2.976;6.161;21.28;34.74;35.77
437;2.976;6.161;21.28;34.51;35.77
438;2.976;6.161;21.28;34.62;35.89
439;2.975;6.161;21.28;34.4;35.77
440;2.975;6.161;21.28;34.51;35.77
441;2.974;6.161;21.28;34.51;35.77
442;2.973;6.161;21.28;34.62;36.01
443;2.973;6.161;21.28;34.74;35.65
444;2.973;6.161;21.28;34.62;35.89
445;2.972;6.161;21.38;34.74;35.77
446;2.972;6.161;21.28;34.62;35.89
447;2.972;6.161;21.28;34.62;36.01
448;2.971;6.161;21.28;34.85;36.01
449;2.971;6.161;21.28;34.74;36.01
450;2.97;6.161;21.28;34.85;36.25
451;2.97;6.161;21.28;34.85;36.01
452;2.97;6.161;21.28;34.85;36.01
453;2.969;6.161;21.28;34.85;36.13
454;2.968;6.161;21.38;34.96;36.13
455;2.968;6.161;21.28;34.62;36.13
456;2.967;6.161;21.28;34.85;36.37
457;2.966;6.161;21.38;35.76;36.01
458;2.966;6.161;21.28;34.96;36.25
459;2.965;6.161;21.28;34.96;36.25
460;2.965;6.161;21.28;34.96;36.13
461;2.963;6.161;21.28;34.96;36.25
462;2.964;6.161;21.28;35.08;36.25
463;2.963;6.161;21.28;34.96;36.37
464;2.963;6.161;21.28;35.08;36.37
465;2.963;6.161;21.28;34.96;36.13
466;2.963;6.161;21.28;35.08;36.49
467;2.961;6.161;21.28;35.3;36.61
468;2.96;6.161;21.28;35.08;36.37
469;2.96;6.161;21.28;35.19;36.49
470;2.96;6.161;21.28;35.19;36.37
471;2.96;6.161;21.28;35.19;36.49
472;2.96;6.161;21.28;35.19;36.49
473;2.959;6.161;21.28;35.3;36.61
474;2.958;6.161;21.28;35.42;36.49
475;2.958;6.161;21.28;35.3;36.61
476;2.949;6.161;21.28;35.3;36.61
477;2.951;6.161;21.28;35.42;36.61
478;2.949;6.161;21.28;35.3;36.74
479;2.944;6.161;21.28;35.42;36.61
480;2.937;6.161;21.28;35.53;36.49
481;2.953;6.161;21.28;35.65;36.61
482;2.953;6.161;21.28;35.53;36.74
483;2.943;6.161;21.28;35.65;36.86
484;2.941;6.161;21.28;35.53;36.98
485;2.942;6.161;21.28;35.65;36.74
486;2.937;6.161;21.28;35.53;36.74
487;2.941;6.161;21.28;35.53;36.74
488;2.95;6.161;21.28;35.65;36.86
489;2.95;6.161;21.28;35.65;36.86
490;2.941;6.161;21.28;35.65;36.74
491;2.942;6.161;21.18;35.65;36.86
492;2.928;6.161;21.28;35.76;36.86
493;2.927;6.161;21.28;35.65;36.98
494;2.926;6.161;21.28;35.76;36.98
495;2.925;6.161;21.28;35.76;36.98
496;2.926;6.161;21.28;35.76;36.98
497;2.944;6.161;21.28;35.76;36.98
498;2.931;6.161;21.28;35.76;36.98
499;2.927;6.161;21.28;35.88;36.98
500;2.926;6.161;21.28;35.76;37.1
501;2.93;6.161;21.28;35.88;37.1
502;2.94;6.161;21.28;35.88;37.1
503;2.941;6.161;21.28;35.99;36.98
504;2.934;6.161;21.28;35.99;36.25
505;2.933;6.161;21.28;35.99;37.23
506;2.935;6.161;21.28;35.99;37.35
507;2.932;6.161;21.18;35.99;37.35
508;2.935;6.161;21.28;35.65;37.35
509;2.936;6.161;21.28;35.99;37.23
510;2.929;6.161;21.28;36.11;37.35
511;2.928;6.161;21.28;35.99;37.35
512;2.928;6.161;21.28;35.99;37.6
513;2.938;6.161;21.18;36.11;37.35
514;2.931;6.161;21.28;36.11;37.35
515;2.926;6.161;21.28;36.11;37.35
516;2.929;6.161;21.28;36.22;37.35
517;2.924;6.161;21.18;36.22;37.35
518;2.927;6.161;21.18;36.22;37.35
519;2.932;6.161;21.18;36.22;37.47
520;2.933;6.161;21.28;36.69;37.35
521;2.927;6.161;21.28;36.22;37.47
522;2.922;6.161;21.28;36.22;37.47
523;2.919;6.161;21.28;36.34;37.72
524;2.927;6.161;21.28;36.34;37.47
525;2.918;6.161;21.28;36.46;37.47
526;2.916;6.161;21.28;36.46;37.35
527;2.918;6.161;21.18;36.57;37.6
528;2.917;6.161;21.28;36.46;37.6
529;2.917;6.161;21.18;36.57;37.47
530;2.915;6.161;21.28;36.46;37.6
531;2.913;6.161;21.28;36.46;37.84
532;2.913;6.161;21.28;36.46;37.72
533;2.914;6.161;21.28;36.57;37.6
534;2.911;6.161;21.28;36.57;37.72
535;2.91;6.161;21.28;36.57;37.72
536;2.911;6.161;21.28;36.57;37.84
537;2.915;6.161;21.28;36.69;37.72
538;2.912;6.161;21.28;36.69;37.84
539;2.909;6.161;21.28;36.57;37.84
540;2.919;6.161;21.28;36.69;37.84
541;2.914;6.161;21.28;36.69;37.84
542;2.908;6.161;21.28;36.69;37.97
543;2.905;6.161;21.28;36.57;38.34
544;2.909;6.161;21.28;36.81;37.97
545;2.906;6.161;21.28;36.69;37.97
546;2.904;6.161;21.28;36.81;37.84
547;2.903;6.161;21.28;36.81;37.97
548;2.899;6.161;21.28;36.81;37.97
549;2.912;6.161;21.28;36.92;38.09
550;2.918;6.161;21.28;36.92;37.84
551;2.918;6.161;21.28;37.04;37.84
552;2.92;6.161;21.18;36.92;38.09
553;2.921;6.161;21.28;36.92;38.34
554;2.92;6.161;21.28;37.04;37.47
555;2.918;6.161;21.28;36.92;38.09
556;2.917;6.161;21.28;37.04;38.09
557;2.918;6.161;21.28;36.92;38.09
558;2.918;6.161;21.28;37.16;39.23
559;2.911;6.161;21.28;37.04;38.22
560;2.912;6.161;21.28;37.04;38.22
561;2.917;6.161;21.28;37.04;38.22
562;2.917;6.161;21.28;37.16;37.97
563;2.917;6.161;21.28;37.16;38.22
564;2.917;6.161;21.28;37.27;38.34
565;2.917;6.161;21.28;37.16;38.34
566;2.917;6.161;21.28;37.16;38.6
567;2.916;6.161;21.28;37.27;38.34
568;2.916;6.161;21.28;37.27;38.34
569;2.916;6.161;21.28;37.27;38.34
570;2.916;6.161;21.28;37.27;38.47
571;2.917;6.161;21.28;37.16;38.72
572;2.916;6.161;21.28;37.27;38.47
573;2.916;6.161;21.28;37.27;38.47
574;2.916;6.161;21.28;37.27;38.47
575;2.914;6.161;21.28;37.27;38.47
576;2.913;6.161;21.18;37.39;38.47
577;2.914;6.161;21.28;37.39;38.6
578;2.913;6.161;21.28;37.39;38.47
579;2.913;6.161;21.28;37.39;38.6
580;2.912;6.161;21.28;37.39;38.72
581;2.912;6.161;21.28;37.51;38.72
582;2.911;6.161;21.28;37.51;38.47
583;2.91;6.161;21.28;37.51;38.72
584;2.909;6.161;21.28;37.39;38.6
585;2.909;6.161;21.28;37.51;38.72
586;2.908;6.161;21.28;37.51;38.72
587;2.908;6.161;21.28;37.51;38.72
588;2.907;6.161;21.28;37.63;38.72
589;2.907;6.161;21.28;37.63;38.72
590;2.906;6.161;21.28;37.74;38.6
591;2.906;6.161;21.28;37.63;38.6
592;2.905;6.161;21.28;37.63;38.72
593;2.905;6.161;21.28;37.63;37.84
594;2.905;6.161;21.28;37.74;38.85
595;2.905;6.161;21.28;37.74;38.72
596;2.904;6.161;21.18;37.74;38.85
597;2.903;6.161;21.28;37.51;38.98
598;2.902;6.161;21.28;37.74;38.85
599;2.902;6.161;21.28;37.74;38.85
600;2.901;6.161;21.28;37.86;38.85
601;2.9;6.161;21.28;37.86;38.85
602;2.9;6.161;21.58;37.74;38.98
603;2.901;6.161;21.28;37.86;38.98
604;2.9;6.161;21.28;37.86;38.98
605;2.9;6.161;21.28;37.86;38.98
606;2.899;6.161;21.28;37.86;38.98
607;2.899;6.161;21.28;37.98;38.98
608;2.899;6.161;21.28;37.98;39.1
609;2.898;6.161;21.28;38.1;38.34
610;2.898;6.161;21.28;37.98;39.1
611;2.898;6.161;21.28;37.98;38.98
612;2.898;6.161;21.28;37.98;39.1
613;2.897;6.161;21.28;37.98;38.98
614;2.897;6.161;21.18;37.98;39.23
615;2.896;6.161;21.28;38.1;39.1
616;2.895;6.161;21.38;38.1;39.23
617;2.895;6.161;21.28;38.1;39.1
618;2.894;6.161;21.28;38.1;39.23
619;2.894;6.161;21.28;38.22;38.85
620;2.893;6.161;21.28;38.1;39.23
621;2.893;6.161;21.28;38.1;39.23
622;2.891;6.161;21.28;38.34;39.23
623;2.889;6.161;21.28;38.22;39.36
624;2.888;6.161;21.28;38.34;39.36
625;2.888;6.161;21.28;38.34;39.49
626;2.886;6.161;21.28;38.1;39.36
627;2.886;6.161;21.38;38.34;39.49
628;2.884;6.161;21.28;38.34;39.36
629;2.884;6.161;21.28;38.46;39.49
630;2.883;6.161;21.28;38.34;39.49
631;2.882;6.161;21.28;38.46;39.36
632;2.882;6.161;21.28;38.46;39.49
633;2.881;6.161;21.28;38.34;39.49
634;2.881;6.161;21.58;38.46;39.49
635;2.881;6.161;21.28;38.46;39.74
636;2.881;6.161;21.28;38.58;39.23
637;2.879;6.161;21.28;38.46;39.74
638;2.879;6.161;21.28;38.7;39.87
639;2.878;6.161;21.28;38.58;39.49
640;2.877;6.161;21.38;38.58;39.61
641;2.877;6.161;21.28;38.58;39.87
642;2.876;6.161;21.28;38.82;39.61
643;2.876;6.161;21.28;38.58;39.61
644;2.876;6.161;21.28;38.58;39.74
645;2.875;6.161;21.28;38.7;39.61
646;2.874;6.161;21.28;38.58;39.74
647;2.873;6.161;21.28;38.7;39.74
648;2.873;6.161;21.28;38.46;40.26
649;2.87;6.161;21.28;38.7;39.74
650;2.869;6.161;21.38;38.82;39.74
651;2.87;6.161;21.38;38.58;39.74
652;2.869;6.161;21.28;38.7;39.87
653;2.868;6.161;21.38;38.94;39.74
654;2.867;6.161;21.28;38.82;40.26
655;2.866;6.161;21.28;38.7;39.87
656;2.866;6.161;21.38;38.7;40.26
657;2.867;6.161;21.28;38.7;40.26
658;2.866;6.161;21.28;38.82;39.87
659;2.867;6.161;21.28;38.7;39.87
660;2.867;6.161;21.28;38.82;40.0
661;2.866;6.161;21.28;38.82;40.0
662;2.865;6.161;21.38;38.82;39.87
663;2.865;6.161;21.38;38.82;40.0
664;2.865;6.161;21.38;38.82;40.0
665;2.865;6.161;21.38;38.82;40.0
666;2.864;6.161;21.38;38.94;39.87
667;2.864;6.161;21.38;38.94;40.0
668;2.863;6.161;21.38;38.94;40.13
669;2.862;6.161;21.38;38.94;40.13
670;2.861;6.161;21.38;39.06;40.39
671;2.86;6.161;21.38;38.94;40.0
672;2.859;6.161;21.38;39.06;40.0
673;2.858;6.161;21.38;39.18;39.61
674;2.856;6.161;21.38;39.06;39.87
675;2.855;6.161;21.38;38.94;40.13
676;2.854;6.161;21.38;39.18;40.26
677;2.852;6.161;21.38;39.06;39.74
678;2.851;6.161;21.48;39.06;40.0
679;2.85;6.161;21.28;39.18;40.13
680;2.85;6.161;21.48;39.18;40.13
681;2.849;6.161;21.48;39.18;40.26
682;2.848;6.161;21.48;39.18;40.13
683;2.845;6.161;21.48;39.3;40.26
684;2.844;6.161;21.58;39.18;40.26
685;2.844;6.161;21.48;39.18;40.26
686;2.844;6.161;21.58;39.18;40.13
687;2.843;6.161;21.58;39.3;40.39
688;2.841;6.161;21.48;39.3;40.26
689;2.841;6.161;21.48;39.3;40.52
690;2.844;6.161;21.48;39.3;40.39
691;2.844;6.161;21.58;39.3;40.39
692;2.844;6.161;21.48;39.3;40.52
693;2.842;6.161;21.48;39.54;40.52
694;2.838;6.161;21.48;39.3;40.26
695;2.838;6.161;21.48;39.3;40.52
696;2.839;6.161;21.48;39.42;40.39
697;2.84;6.161;21.48;39.54;40.65
698;2.84;6.161;21.48;39.54;40.26
699;2.839;6.161;21.58;39.42;40.52
700;2.837;6.161;21.48;39.54;40.52
701;2.835;6.161;21.48;39.54;40.52
702;2.835;6.161;21.48;39.54;40.65
703;2.836;6.161;21.48;39.54;40.52
704;2.836;6.161;21.38;39.54;40.65
705;2.839;6.161;21.38;39.54;40.65
706;2.839;6.161;21.48;39.66;40.65
707;2.839;6.161;21.38;39.66;40.65
708;2.84;6.161;21.48;39.66;40.52
709;2.84;6.161;21.38;39.66;40.65
710;2.84;6.161;21.38;39.66;40.52
711;2.84;6.161;21.38;40.15;40.39
712;2.839;6.161;21.38;39.66;40.65
713;2.839;6.161;21.38;39.66;40.78
714;2.837;6.161;21.38;40.64;40.78
715;2.836;6.161;21.38;39.78;40.78
716;2.836;6.161;21.38;39.66;40.39
717;2.835;6.161;21.38;39.78;40.78
718;2.833;6.161;21.48;39.78;40.91
719;2.833;6.161;21.48;39.91;40.78
720;2.831;6.161;21.38;39.66;40.91
721;2.83;6.161;21.28;39.91;40.91
722;2.83;6.161;21.38;39.91;40.91
723;2.829;6.161;21.38;39.78;40.91
724;2.828;6.161;21.28;39.91;40.91
725;2.827;6.161;21.28;39.91;41.04
726;2.827;6.161;21.38;40.03;41.04
727;2.827;6.161;21.38;40.03;40.91
728;2.824;6.161;21.28;40.03;41.18
729;2.821;6.161;21.38;40.03;41.04
730;2.819;6.161;21.28;40.03;41.04
731;2.818;6.161;21.28;40.03;41.18
732;2.818;6.161;21.38;40.15;40.91
733;2.819;6.161;21.28;40.03;41.04
734;2.819;6.161;21.28;40.27;40.91
735;2.82;6.161;21.28;40.15;41.18
736;2.821;6.161;21.28;40.15;41.04
737;2.822;6.161;21.38;40.15;41.18
738;2.821;6.161;21.28;40.15;41.18
739;2.82;6.161;21.38;40.15;41.18
740;2.82;6.161;21.38;40.15;41.18
741;2.819;6.161;21.38;40.03;41.31
742;2.818;6.161;21.38;40.27;41.04
743;2.817;6.161;21.38;40.4;40.91
744;2.815;6.161;21.38;40.27;41.18
745;2.813;6.161;21.38;40.27;41.04
746;2.811;6.161;21.48;40.27;41.31
747;2.811;6.161;21.38;40.27;41.31
748;2.81;6.161;21.38;40.27;41.31
749;2.81;6.161;21.38;40.27;41.31
750;2.81;6.161;21.38;40.4;41.44
751;2.81;6.161;21.48;40.4;41.31
752;2.809;6.161;21.48;40.27;41.31
753;2.809;6.161;21.48;40.4;41.31
754;2.807;6.161;21.48;40.4;41.31
755;2.806;6.161;21.48;40.4;41.31
756;2.804;6.161;21.48;40.4;41.44
757;2.804;6.161;21.48;40.4;41.71
758;2.804;6.161;21.58;40.4;41.44
759;2.803;6.161;21.58;40.4;41.44
760;2.803;6.161;21.58;40.4;41.44
761;2.802;6.161;21.58;40.52;41.71
762;2.803;6.161;21.58;40.4;41.57
763;2.803;6.161;21.58;40.77;41.44
764;2.802;6.161;21.58;40.52;41.57
765;2.801;6.161;21.58;40.64;41.57
766;2.8;6.161;21.58;40.64;41.57
767;2.8;6.161;21.58;40.52;41.57
768;2.8;6.161;21.58;40.52;41.57
769;2.799;6.161;21.58;40.64;41.97
770;2.799;6.161;21.58;40.64;41.57
771;2.798;6.161;21.48;40.64;41.71
772;2.799;6.161;21.48;40.64;43.2
773;2.799;6.161;21.48;40.77;41.31
774;2.797;6.161;21.48;40.64;41.57
775;2.798;6.161;21.48;40.77;41.71
776;2.798;6.161;21.48;40.77;41.57
777;2.798;6.161;21.48;41.01;41.31
778;2.798;6.161;21.48;40.77;41.84
779;2.797;6.161;21.78;40.77;41.57
780;2.797;6.161;21.48;40.77;41.71
781;2.796;6.161;21.58;40.77;41.71
782;2.795;6.161;21.08;40.77;41.84
783;2.795;6.161;21.48;40.89;41.71
784;2.794;6.161;21.48;40.89;41.84
785;2.793;6.161;21.48;40.89;41.84
786;2.792;6.161;21.48;41.01;41.84
787;2.792;6.161;21.48;40.89;41.84
788;2.791;6.161;21.48;40.89;42.11
789;2.79;6.161;21.48;40.89;41.97
790;2.789;6.161;21.38;41.01;41.71
791;2.788;6.161;21.38;41.01;41.84
792;2.787;6.161;21.38;41.01;41.97
793;2.786;6.161;21.48;41.14;41.84
794;2.785;6.161;21.38;41.01;41.97
795;2.784;6.161;21.38;41.01;41.97
796;2.784;6.161;21.38;41.01;41.97
797;2.784;6.161;21.38;41.01;41.97
798;2.783;6.161;21.38;41.14;41.97
799;2.782;6.161;21.38;41.26;41.97
800;2.782;6.161;21.38;41.14;42.11
801;2.782;6.161;21.38;41.26;42.11
802;2.782;6.161;21.38;41.14;42.24
803;2.782;6.161;21.38;41.14;42.11
804;2.781;6.161;21.38;41.14;42.11
805;2.78;6.161;21.38;41.26;42.11
806;2.779;6.161;21.38;41.26;42.11
807;2.778;6.161;21.38;41.26;42.11
808;2.777;6.161;21.38;41.26;41.97
809;2.778;6.161;21.38;41.26;42.24
810;2.776;6.161;21.38;41.26;42.11
811;2.776;6.161;21.28;41.26;42.38
812;2.774;6.161;21.38;41.26;42.24
813;2.775;6.161;21.38;41.26;42.24
814;2.776;6.161;21.38;41.39;42.24
815;2.777;6.161;21.38;41.26;42.38
816;2.777;6.161;21.38;41.39;42.24
817;2.777;6.161;21.28;41.26;42.24
818;2.777;6.161;21.38;41.39;42.38
819;2.776;6.161;21.38;41.39;42.38
820;2.776;6.161;21.38;41.39;42.38
821;2.776;6.161;21.28;41.14;42.51
822;2.776;6.161;21.38;41.64;42.38
823;2.775;6.161;21.38;41.51;42.38
824;2.774;6.161;21.38;41.51;42.38
825;2.774;6.161;21.38;41.51;42.38
826;2.774;6.161;21.38;41.51;42.38
827;2.773;6.161;21.38;41.51;42.79
828;2.772;6.161;21.38;42.02;42.51
829;2.767;6.161;21.38;41.51;42.79
830;2.766;6.161;21.38;41.51;42.38
831;2.766;6.161;21.38;41.64;42.38
832;2.765;6.161;21.38;41.64;42.65
833;2.764;6.161;21.38;41.51;42.51
834;2.764;6.161;21.28;41.64;42.24
835;2.763;6.161;21.28;41.64;42.65
836;2.763;6.161;21.38;41.76;42.51
837;2.763;6.161;21.48;41.64;42.51
838;2.762;6.161;21.48;41.89;42.65
839;2.761;6.161;21.28;41.89;43.2
840;2.76;6.161;21.38;41.64;42.79
841;2.76;6.161;21.38;41.89;42.65
842;2.76;6.161;21.28;41.76;42.65
843;2.758;6.161;21.38;41.76;42.65
844;2.758;6.161;21.28;41.76;42.65
845;2.758;6.161;21.28;41.76;42.65
846;2.759;6.161;21.28;41.89;42.65
847;2.758;6.161;21.38;41.64;42.79
848;2.759;6.161;21.38;41.89;42.79
849;2.759;6.161;21.28;42.14;43.06
850;2.759;6.161;21.38;41.89;42.79
851;2.759;6.161;21.38;42.02;42.79
852;2.759;6.161;21.28;41.89;42.92
853;2.758;6.161;21.28;41.89;42.79
854;2.758;6.161;21.28;41.89;42.79
855;2.757;6.161;21.28;41.89;42.65
856;2.757;6.161;21.38;41.89;42.79
857;2.756;6.161;21.28;42.02;42.79
858;2.756;6.161;21.38;42.02;42.92
859;2.755;6.161;21.28;42.02;42.79
860;2.754;6.161;21.38;42.78;42.92
861;2.754;6.161;21.28;42.14;42.79
862;2.754;6.161;21.28;42.02;42.92
863;2.753;6.161;21.28;42.02;42.92
864;2.752;6.161;21.38;42.14;42.92
865;2.752;6.161;21.28;42.27;43.06
866;2.751;6.161;21.28;42.14;42.92
867;2.751;6.161;21.28;42.14;42.92
868;2.75;6.161;21.28;42.14;43.06
869;2.749;6.161;21.38;42.14;42.92
870;2.748;6.16;21.28;42.14;43.06
871;2.747;6.161;21.28;42.14;43.06
872;2.745;6.161;21.28;42.14;43.33
873;2.744;6.161;21.28;42.14;43.06
874;2.743;6.161;21.28;42.14;43.06
875;2.743;6.161;21.28;42.27;42.92
876;2.742;6.161;21.28;42.27;43.06
877;2.741;6.161;21.28;42.27;43.2
878;2.741;6.161;21.28;42.27;43.06
879;2.74;6.161;21.28;42.14;43.33
880;2.739;6.161;21.28;42.27;43.2
881;2.739;6.161;21.28;42.27;43.2
882;2.738;6.161;21.38;42.4;43.2
883;2.738;6.161;21.28;42.4;43.33
884;2.739;6.161;21.28;42.27;42.92
885;2.738;6.161;21.28;42.4;43.2
886;2.738;6.161;21.38;42.27;43.47
887;2.737;6.161;21.28;42.4;43.2
888;2.736;6.161;21.28;42.4;42.79
889;2.735;6.161;21.28;42.52;43.2
890;2.734;6.161;21.48;42.4;43.33
891;2.734;6.161;21.28;42.52;43.33
892;2.734;6.161;21.28;42.52;43.33
893;2.733;6.161;21.28;42.52;43.33
894;2.732;6.161;21.28;42.52;43.33
895;2.733;6.161;21.28;42.4;43.33
896;2.732;6.161;21.28;42.52;43.47
897;2.732;6.161;21.28;42.52;43.33
898;2.731;6.161;21.28;42.52;43.75
899;2.732;6.161;21.28;42.52;43.47
900;2.73;6.161;21.28;42.52;43.33
901;2.731;6.161;21.28;42.52;43.47
902;2.729;6.161;21.28;42.65;43.89
903;2.73;6.161;21.28;42.65;43.47
904;2.729;6.161;21.28;42.52;43.61
905;2.729;6.161;21.28;42.65;43.47
906;2.729;6.161;21.28;42.65;43.47
907;2.729;6.161;21.38;42.65;43.61
908;2.73;6.161;21.28;42.78;43.61
909;2.73;6.161;21.28;42.65;43.61
910;2.729;6.161;21.38;42.65;43.61
911;2.729;6.161;21.38;42.78;43.47
912;2.728;6.161;21.28;42.78;43.61
913;2.729;6.161;21.28;42.65;43.47
914;2.729;6.161;21.28;42.78;43.33
915;2.728;6.161;21.28;42.78;43.89
916;2.726;6.161;21.28;42.78;43.61
917;2.726;6.161;21.28;42.78;43.61
918;2.725;6.161;21.28;42.91;43.75
919;2.725;6.161;21.28;42.78;43.75
920;2.725;6.161;21.38;42.91;43.61
921;2.725;6.161;21.28;42.91;43.61
922;2.724;6.161;21.38;42.91;44.17
923;2.724;6.161;21.28;42.91;43.61
924;2.724;6.161;21.28;42.91;43.75
925;2.723;6.161;21.28;42.91;43.75
926;2.722;6.161;21.28;42.78;43.75
927;2.72;6.161;21.28;42.91;43.75
928;2.719;6.161;21.28;43.03;43.89
929;2.718;6.161;21.28;42.91;43.75
930;2.718;6.161;21.38;42.91;43.75
931;2.718;6.161;21.28;42.91;43.75
932;2.717;6.161;21.38;43.16;43.75
933;2.716;6.161;21.28;43.03;43.75
934;2.715;6.161;21.38;43.03;43.61
935;2.715;6.161;21.38;43.03;43.75
936;2.714;6.161;21.38;43.03;43.75
937;2.714;6.161;21.38;43.03;43.89
938;2.712;6.161;21.38;43.03;43.89
939;2.712;6.161;21.38;43.03;43.75
940;2.711;6.161;21.28;43.16;43.75
941;2.711;6.161;21.38;43.03;43.89
942;2.714;6.161;21.38;43.16;43.89
943;2.713;6.161;21.38;43.16;44.03
944;2.71;6.161;21.38;43.16;43.89
945;2.71;6.161;21.38;43.16;44.03
946;2.709;6.161;21.38;43.16;43.89
947;2.709;6.161;21.28;43.16;43.89
948;2.709;6.161;21.38;43.16;43.89
949;2.707;6.161;21.38;43.16;44.03
950;2.707;6.161;21.38;43.16;44.03
951;2.706;6.161;21.38;43.29;43.89
952;2.706;6.161;21.38;43.42;43.89
953;2.706;6.161;21.38;43.29;44.03
954;2.705;6.161;21.28;43.29;44.03
955;2.704;6.161;21.28;43.29;44.03
956;2.704;6.161;21.28;43.29;44.03
957;2.704;6.161;21.28;43.29;44.03
958;2.703;6.161;21.28;43.29;44.17
959;2.703;6.161;21.28;43.42;44.17
960;2.703;6.161;21.28;43.42;44.17
961;2.702;6.161;21.28;43.29;44.03
962;2.702;6.161;21.28;43.42;44.17
963;2.701;6.161;21.28;43.42;44.17
964;2.701;6.161;21.28;43.42;44.03
965;2.7;6.161;21.28;43.29;44.17
966;2.7;6.161;21.28;43.42;44.17
967;2.7;6.161;21.28;43.42;44.17
968;2.699;6.161;21.28;43.42;44.17
969;2.699;6.161;21.28;43.55;44.17
970;2.699;6.161;21.28;43.55;44.17
971;2.698;6.161;21.38;43.55;44.31
972;2.698;6.161;21.38;43.55;43.89
973;2.698;6.161;21.28;43.42;44.17
974;2.698;6.161;21.48;43.42;44.31
975;2.697;6.161;21.28;43.55;44.31
976;2.696;6.161;21.28;43.55;44.17
977;2.695;6.161;21.38;43.81;44.17
978;2.689;6.161;21.28;43.68;44.31
979;2.688;6.161;21.28;43.55;44.17
980;2.687;6.161;21.38;43.55;44.45
981;2.687;6.161;21.38;43.55;44.31
982;2.688;6.161;21.28;43.55;44.31
983;2.686;6.161;21.38;43.81;44.45
984;2.685;6.161;21.28;43.68;44.17
985;2.685;6.161;21.38;43.68;44.31
986;2.685;6.161;21.38;43.68;44.45
987;2.686;6.161;21.38;43.55;44.73
988;2.685;6.161;21.38;43.42;44.31
989;2.685;6.161;21.28;43.68;44.45
990;2.684;6.161;21.38;43.94;44.45
991;2.684;6.161;21.38;43.81;44.45
992;2.684;6.161;21.28;43.68;44.45
993;2.683;6.161;21.28;43.68;44.31
994;2.683;6.161;21.28;43.81;44.45
995;2.683;6.161;21.28;43.81;44.45
996;2.681;6.161;21.38;43.81;44.45
997;2.681;6.161;21.38;43.81;44.45
998;2.68;6.161;21.38;43.94;44.31
999;2.679;6.161;21.38;43.81;44.31
1000;2.678;6.161;21.38;43.81;44.59
1001;2.678;6.161;21.38;43.81;44.17
1002;2.678;6.161;21.38;43.81;44.59
1003;2.681;6.161;21.38;43.81;44.59
1004;2.678;6.161;21.38;43.81;44.59
1005;2.678;6.161;21.38;43.94;44.45
1006;2.678;6.161;21.38;43.81;44.59
1007;2.677;6.161;21.38;43.94;44.59
1008;2.677;6.161;21.38;43.94;44.59
1009;2.676;6.161;21.38;43.81;44.59
1010;2.677;6.161;21.38;43.94;44.73
1011;2.677;6.161;21.38;44.2;44.73
1012;2.678;6.161;21.38;44.07;44.87
1013;2.677;6.161;21.38;43.94;44.59
1014;2.676;6.161;21.38;44.07;44.73
1015;2.675;6.161;21.38;43.94;44.73
1016;2.674;6.161;21.38;44.2;44.87
1017;2.672;6.161;21.38;44.07;44.73
1018;2.677;6.161;21.38;44.07;44.45
1019;2.678;6.161;21.38;44.07;44.73
1020;2.672;6.161;21.38;44.07;44.59
1021;2.672;6.161;21.38;43.81;44.73
1022;2.67;6.161;21.38;44.07;44.73
1023;2.67;6.161;21.38;44.2;44.73
1024;2.668;6.161;21.38;44.2;44.59
1025;2.668;6.161;21.38;44.2;44.59
1026;2.667;6.161;21.38;44.2;44.87
1027;2.667;6.161;21.48;44.07;44.73
1028;2.667;6.161;21.48;44.07;44.87
1029;2.667;6.161;21.48;44.07;44.59
1030;2.667;6.161;21.38;44.07;44.87
1031;2.667;6.161;21.48;44.2;44.87
1032;2.666;6.161;21.48;44.07;44.87
1033;2.665;6.161;21.48;44.07;44.73
1034;2.666;6.161;21.48;44.2;44.87
1035;2.666;6.161;21.48;44.2;44.87
1036;2.666;6.161;21.48;44.2;45.3
1037;2.666;6.161;21.48;44.2;45.01
1038;2.664;6.161;21.48;44.2;45.01
1039;2.664;6.161;21.48;44.6;43.89
1040;2.664;6.161;21.48;44.33;45.01
1041;2.662;6.161;21.48;44.33;45.44
1042;2.662;6.161;21.48;44.33;45.01
1043;2.662;6.161;21.48;44.33;45.01
1044;2.661;6.161;21.28;44.33;45.01
1045;2.661;6.161;21.48;44.33;45.01
1046;2.66;6.161;21.48;44.33;45.01
1047;2.66;6.161;21.48;44.33;45.16
1048;2.659;6.161;21.48;44.46;45.16
1049;2.658;6.161;21.48;44.46;45.16
1050;2.66;6.161;21.48;44.33;45.16
1051;2.659;6.161;21.48;44.46;45.16
1052;2.659;6.161;21.48;44.6;45.16
1053;2.659;6.161;21.48;44.6;45.16
1054;2.658;6.161;21.48;44.46;45.01
1055;2.657;6.161;21.48;44.6;45.16
1056;2.656;6.161;21.78;44.33;45.44
1057;2.656;6.161;21.48;44.46;45.16
1058;2.656;6.161;21.38;44.46;45.3
1059;2.657;6.161;21.48;44.6;45.3
1060;2.656;6.161;21.38;44.6;45.3
1061;2.654;6.161;21.38;44.6;45.16
1062;2.656;6.161;21.48;44.6;45.16
1063;2.655;6.161;21.38;44.6;45.3
1064;2.655;6.161;21.38;44.6;45.3
1065;2.656;6.161;21.28;44.6;45.3
1066;2.654;6.161;21.48;44.46;45.3
1067;2.653;6.161;21.38;44.73;45.3
1068;2.655;6.161;21.38;44.73;45.3
1069;2.656;6.161;21.48;44.6;45.3
1070;2.657;6.161;21.38;44.6;45.44
1071;2.657;6.161;21.38;44.6;45.3
1072;2.658;6.161;21.38;44.73;45.3
1073;2.658;6.161;21.38;44.73;45.44
1074;2.657;6.161;21.38;44.73;45.44
1075;2.657;6.161;21.38;44.86;45.59
1076;2.659;6.161;21.38;44.86;45.44
1077;2.656;6.161;21.48;44.73;45.44
1078;2.656;6.161;21.38;44.86;45.3
1079;2.656;6.161;21.38;44.86;45.44
1080;2.656;6.161;21.38;44.86;45.44
1081;2.655;6.161;21.38;44.86;45.44
1082;2.655;6.161;21.48;44.86;45.44
1083;2.654;6.161;21.48;44.86;45.44
1084;2.654;6.161;21.48;44.73;45.3
1085;2.653;6.161;21.48;44.99;45.59
1086;2.654;6.161;21.48;44.86;45.44
1087;2.653;6.161;21.48;44.86;45.59
1088;2.653;6.161;21.48;44.86;45.59
1089;2.652;6.161;21.48;44.99;45.59
1090;2.651;6.161;21.48;44.86;45.73
1091;2.65;6.161;21.38;44.99;45.44
1092;2.65;6.161;21.48;45.13;44.87
1093;2.65;6.161;21.38;44.86;45.3
1094;2.65;6.161;21.38;44.86;45.3
1095;2.649;6.161;21.48;44.99;45.59
1096;2.648;6.161;21.38;45.13;45.59
1097;2.648;6.161;21.38;44.99;45.59
1098;2.647;6.161;21.48;45.13;45.73
1099;2.647;6.161;21.48;45.13;45.59
1100;2.646;6.161;21.38;45.13;45.44
1101;2.647;6.161;21.38;45.13;45.73
1102;2.646;6.161;21.48;44.99;45.73
1103;2.646;6.161;21.48;44.99;45.73
1104;2.645;6.161;21.48;45.26;45.73
1105;2.645;6.161;21.38;44.99;45.73
1106;2.644;6.161;21.48;45.13;45.88
1107;2.643;6.161;21.38;45.13;45.73
1108;2.643;6.161;21.48;45.13;45.73
1109;2.642;6.161;21.38;45.26;45.73
1110;2.642;6.161;21.38;45.26;45.73
1111;2.642;6.161;21.38;45.13;45.73
1112;2.641;6.161;21.48;45.26;45.88
1113;2.64;6.161;21.48;44.99;45.73
1114;2.64;6.161;21.48;45.26;45.73
1115;2.639;6.161;21.38;45.26;45.73
1116;2.639;6.161;21.48;45.26;45.88
1117;2.638;6.161;21.38;45.39;45.88
1118;2.638;6.161;21.48;45.26;46.02
1119;2.637;6.161;21.38;45.26;45.88
1120;2.636;6.161;21.38;45.26;46.02
1121;2.635;6.161;21.48;45.39;45.3
1122;2.635;6.161;21.48;45.26;45.88
1123;2.634;6.161;21.38;45.39;45.88
1124;2.633;6.161;21.38;45.39;45.88
1125;2.634;6.161;21.38;45.39;46.02
1126;2.633;6.161;21.48;45.39;46.02
1127;2.632;6.161;21.48;45.39;46.02
1128;2.63;6.161;21.48;45.39;46.02
1129;2.63;6.161;21.38;45.39;46.02
1130;2.63;6.161;21.38;45.53;46.17
1131;2.629;6.161;21.48;45.53;46.31
1132;2.628;6.161;21.38;45.53;46.02
1133;2.627;6.161;21.38;45.39;46.02
1134;2.626;6.161;21.38;45.39;46.02
1135;2.626;6.161;21.38;45.39;46.02
1136;2.626;6.161;21.38;45.53;46.02
1137;2.626;6.161;21.38;45.39;46.02
1138;2.624;6.161;21.38;46.07;46.46
1139;2.622;6.161;21.38;45.53;46.02
1140;2.623;6.161;21.48;45.39;46.02
1141;2.62;6.161;21.48;45.53;46.17
1142;2.62;6.161;21.48;45.53;46.17
1143;2.618;6.161;21.48;45.53;46.02
1144;2.617;6.161;21.48;45.53;46.17
1145;2.614;6.161;21.48;45.39;46.02
1146;2.614;6.161;21.58;45.53;46.17
1147;2.616;6.161;21.48;45.66;46.17
1148;2.615;6.161;21.48;46.88;45.88
1149;2.614;6.161;21.38;45.53;46.17
1150;2.613;6.161;21.38;45.66;46.17
1151;2.614;6.161;21.38;45.8;46.31
1152;2.614;6.161;21.48;45.8;46.17
1153;2.619;6.161;21.48;45.66;46.31
1154;2.619;6.161;21.48;45.66;46.17
1155;2.619;6.161;21.38;45.66;46.31
1156;2.622;6.161;21.48;45.8;46.31
1157;2.623;6.161;21.48;45.8;46.31
1158;2.623;6.161;21.48;45.8;46.31
1159;2.622;6.161;21.48;45.66;46.31
1160;2.622;6.161;21.48;45.8;46.17
1161;2.621;6.161;21.48;45.8;46.31
1162;2.62;6.161;21.48;45.66;46.31
1163;2.62;6.161;21.38;45.8;46.31
1164;2.618;6.161;21.38;45.8;46.31
1165;2.613;6.161;21.38;45.8;46.31
1166;2.614;6.161;21.38;45.8;46.17
1167;2.615;6.161;21.38;45.93;46.02
1168;2.613;6.161;21.38;45.8;46.46
1169;2.612;6.161;21.38;45.8;46.31
1170;2.612;6.161;21.38;45.8;46.46
1171;2.612;6.161;21.38;45.93;46.46
1172;2.611;6.161;21.38;45.8;46.31
1173;2.609;6.161;21.48;45.93;46.46
1174;2.61;6.161;21.38;45.93;46.61
1175;2.607;6.161;21.38;45.93;46.46
1176;2.606;6.161;21.48;45.8;46.46
1177;2.608;6.161;21.48;45.93;45.88
1178;2.607;6.161;21.38;45.93;46.61
1179;2.607;6.161;21.48;45.93;46.46
1180;2.606;6.161;21.48;46.07;46.61
1181;2.605;6.161;21.48;45.93;46.61
1182;2.605;6.161;21.38;46.07;46.61
1183;2.607;6.161;21.38;46.07;46.75
1184;2.606;6.161;21.48;46.07;46.61
1185;2.608;6.161;21.48;46.07;46.61
1186;2.606;6.161;21.38;46.07;46.61
1187;2.606;6.161;21.38;46.07;46.61
1188;2.606;6.161;21.38;46.07;46.61
1189;2.604;6.161;21.38;46.07;46.61
1190;2.604;6.161;21.38;46.07;46.61
1191;2.604;6.161;21.38;46.07;46.75
1192;2.603;6.161;21.38;46.2;46.61
1193;2.6;6.161;21.48;46.2;46.61
1194;2.597;6.161;21.38;46.34;46.61
1195;2.597;6.161;21.58;46.2;46.75
1196;2.597;6.161;21.38;46.2;46.75
1197;2.595;6.161;21.38;46.2;46.61
1198;2.597;6.161;21.48;46.2;46.75
1199;2.595;6.161;21.38;46.2;46.75
1200;2.593;6.161;21.38;46.2;46.75
1201;2.593;6.161;21.38;46.2;46.75
1202;2.594;6.161;21.38;46.2;46.9
1203;2.592;6.161;21.38;46.34;46.75
1204;2.592;6.161;21.38;46.2;46.75
1205;2.593;6.161;21.38;46.34;46.9
1206;2.592;6.161;21.38;46.34;46.9
1207;2.591;6.161;21.38;46.34;46.75
1208;2.591;6.161;21.38;46.34;46.9
1209;2.59;6.161;21.38;46.34;46.9
1210;2.59;6.161;21.48;46.34;46.9
1211;2.59;6.161;21.38;46.47;46.9
1212;2.588;6.161;21.38;46.34;47.05
1213;2.589;6.161;21.38;46.34;46.9
1214;2.587;6.161;21.38;46.47;48.1
1215;2.585;6.161;21.38;46.47;46.9
1216;2.585;6.161;21.38;46.34;46.9
1217;2.585;6.161;21.38;46.61;46.75
1218;2.585;6.161;21.38;46.47;47.05
1219;2.583;6.161;21.38;46.47;47.05
1220;2.584;6.161;21.38;46.34;46.9
1221;2.583;6.161;21.38;46.47;46.9
1222;2.582;6.161;21.38;46.47;46.9
1223;2.58;6.161;21.38;46.47;47.05
1224;2.58;6.161;21.38;46.47;47.05
1225;2.581;6.161;21.38;46.61;47.2
1226;2.58;6.161;21.38;47.02;47.05
1227;2.579;6.161;21.38;46.61;47.05
1228;2.581;6.161;21.38;46.61;47.2
1229;2.582;6.161;21.38;46.61;47.05
1230;2.581;6.161;21.38;46.61;47.05
1231;2.581;6.161;21.38;46.61;47.05
1232;2.578;6.161;21.38;46.47;47.05
1233;2.576;6.161;21.38;46.61;47.05
1234;2.575;6.161;21.38;46.61;47.05
1235;2.575;6.161;21.38;46.61;47.2
1236;2.574;6.161;21.38;46.61;47.05
1237;2.575;6.161;21.38;46.61;47.05
1238;2.575;6.161;21.38;46.61;47.05
1239;2.58;6.161;21.38;46.61;47.2
1240;2.581;6.161;21.38;46.75;47.2
1241;2.576;6.161;21.38;46.75;47.2
1242;2.573;6.161;21.38;46.75;47.2
1243;2.572;6.161;21.38;46.75;47.2
1244;2.572;6.161;21.38;46.75;47.2
1245;2.574;6.161;21.38;46.88;47.2
1246;2.574;6.161;21.38;46.75;46.9
1247;2.572;6.161;21.38;46.75;47.65
1248;2.571;6.161;21.38;46.75;47.35
1249;2.572;6.161;21.38;46.75;47.35
1250;2.572;6.161;21.38;46.75;47.05
1251;2.571;6.161;21.38;46.75;47.2
1252;2.571;6.161;21.38;46.75;47.2
1253;2.569;6.161;21.38;46.75;47.35
1254;2.568;6.161;21.38;46.75;47.35
1255;2.568;6.161;21.38;46.88;47.65
1256;2.566;6.161;21.38;46.88;47.35
1257;2.567;6.161;21.38;46.88;47.35
1258;2.565;6.161;21.38;47.02;47.2
1259;2.564;6.161;21.38;46.88;47.35
1260;2.564;6.161;21.38;46.88;47.35
1261;2.565;6.161;21.28;47.02;47.35
1262;2.564;6.161;21.38;47.02;47.35
1263;2.563;6.161;21.38;47.02;46.9
1264;2.563;6.161;21.38;46.88;47.35
1265;2.563;6.161;21.38;46.88;47.5
1266;2.565;6.161;21.38;47.02;47.65
1267;2.564;6.161;21.38;47.02;47.5
1268;2.565;6.161;21.38;47.02;47.2
1269;2.566;6.161;21.38;47.02;47.35
1270;2.567;6.161;21.38;47.02;47.5
1271;2.568;6.161;21.38;46.88;47.35
1272;2.567;6.161;21.38;47.02;47.5
1273;2.566;6.161;21.38;46.88;47.5
1274;2.566;6.161;21.38;47.02;47.5
1275;2.568;6.161;21.38;47.02;47.5
1276;2.567;6.161;21.38;47.02;47.5
1277;2.567;6.161;21.38;47.02;47.5
1278;2.566;6.161;21.38;47.02;47.5
1279;2.565;6.161;21.38;47.16;47.5
1280;2.565;6.161;21.38;47.16;48.4
1281;2.564;6.161;21.38;47.02;47.5
1282;2.564;6.161;21.38;47.16;47.5
1283;2.562;6.161;21.38;47.16;47.5
1284;2.563;6.161;21.38;47.57;47.8
1285;2.562;6.161;21.38;47.16;47.65
1286;2.562;6.161;21.38;47.16;47.5
1287;2.561;6.161;21.38;47.16;47.5
1288;2.56;6.161;21.38;47.3;47.8
1289;2.558;6.161;21.38;47.16;47.65
1290;2.551;6.161;21.38;47.3;47.5
1291;2.545;6.161;21.38;47.16;47.65
1292;2.545;6.161;21.38;47.3;47.5
1293;2.546;6.161;21.38;47.3;47.65
1294;2.551;6.161;21.38;47.16;47.65
1295;2.545;6.161;21.38;47.16;47.65
1296;2.544;6.161;21.38;46.88;47.5
1297;2.542;6.161;21.38;47.3;47.65
1298;2.54;6.161;21.48;47.3;47.65
1299;2.533;6.161;21.38;47.3;47.65
1300;2.52;6.161;21.38;47.3;47.65
1301;2.526;6.161;21.38;47.3;47.8
1302;2.52;6.161;21.38;47.3;47.8
1303;2.524;6.161;21.38;47.3;47.8
1304;2.52;6.161;21.38;47.44;47.8
1305;2.517;6.161;21.38;47.44;47.8
1306;2.522;6.161;21.38;47.44;47.8
1307;2.517;6.161;21.28;47.3;47.8
1308;2.523;6.161;21.38;47.44;47.65
1309;2.521;6.161;21.38;47.57;47.65
1310;2.522;6.161;21.38;47.44;47.65
1311;2.524;6.161;21.38;47.44;47.95
1312;2.52;6.161;21.38;47.44;48.1
1313;2.523;6.161;21.48;47.57;47.95
1314;2.518;6.161;21.38;47.44;47.95
1315;2.518;6.161;21.48;47.44;47.95
1316;2.518;6.161;21.38;47.44;47.95
1317;2.517;6.161;21.38;47.71;48.56
1318;2.517;6.161;21.38;47.44;47.95
1319;2.516;6.161;21.38;47.57;47.95
1320;2.516;6.161;21.38;47.57;47.95
1321;2.513;6.161;21.38;47.57;47.95
1322;2.51;6.161;21.38;47.02;47.95
1323;2.508;6.161;21.38;47.57;47.95
1324;2.51;6.161;21.38;47.71;47.95
1325;2.51;6.161;21.38;47.71;47.95
1326;2.511;6.161;21.38;47.71;48.25
1327;2.512;6.161;21.38;47.57;47.95
1328;2.513;6.161;21.38;47.71;48.1
1329;2.513;6.161;21.38;47.71;48.1
1330;2.512;6.161;21.38;47.71;48.1
1331;2.511;6.161;21.38;47.71;48.1
1332;2.509;6.161;21.38;47.71;48.1
1333;2.509;6.161;21.38;47.85;47.5
1334;2.507;6.161;21.38;47.71;48.1
1335;2.51;6.161;21.38;47.71;48.1
1336;2.504;6.161;21.38;46.75;48.1
1337;2.506;6.161;21.48;47.71;47.95
1338;2.505;6.161;21.48;47.71;48.25
1339;2.502;6.161;21.38;47.85;48.25
1340;2.5;6.161;21.38;47.85;47.8
