time;voltage;current;ambient_temperature;surface_temperature_plus;surface_temperature_minus
0;0.003;0.0;20.98;19.37;19.62
1;3.03;5.89;20.98;19.37;19.62
2;2.974;6.161;20.98;19.26;19.62
3;2.981;6.161;20.98;19.37;19.72
4;2.983;6.161;20.98;19.37;19.62
5;2.975;6.161;20.98;19.26;19.62
6;2.982;6.161;20.98;19.37;19.72
7;2.976;6.161;20.98;19.26;19.62
8;2.962;6.161;20.98;19.26;19.72
9;2.96;6.161;20.98;19.37;19.62
10;2.961;6.161;20.98;19.26;19.62
11;2.961;6.161;21.08;19.37;19.72
12;2.947;6.161;20.98;19.47;19.72
13;2.95;6.161;20.98;19.47;19.72
14;2.941;6.161;20.98;19.47;19.72
15;2.955;6.161;20.98;19.47;19.72
16;2.963;6.161;20.98;19.57;19.82
17;2.961;6.161;20.98;19.57;19.82
18;2.959;6.161;20.98;19.57;19.82
19;2.956;6.161;20.98;19.57;19.82
20;2.955;6.161;20.98;19.57;19.92
21;2.957;6.161;20.98;19.57;19.92
22;2.966;6.161;21.08;19.57;19.52
23;2.951;6.161;21.08;19.57;20.02
24;2.939;6.161;21.08;19.77;19.92
25;2.947;6.161;21.08;19.77;19.92
26;2.953;6.161;21.08;19.77;20.02
27;2.96;6.161;21.08;19.77;20.12
28;2.963;6.161;20.98;18.96;20.12
29;2.968;6.161;21.08;19.87;20.12
30;2.97;6.161;21.08;19.87;20.22
31;2.968;6.161;21.08;19.77;20.22
32;2.963;6.161;20.98;19.87;20.22
33;2.963;6.161;21.08;19.87;20.32
34;2.964;6.161;20.98;19.97;20.32
35;2.963;6.161;20.98;19.97;20.32
36;2.965;6.161;20.98;20.07;20.32
37;2.961;6.161;20.98;20.07;20.52
38;2.974;6.161;20.98;20.07;20.52
39;2.981;6.161;20.98;20.17;20.42
40;2.967;6.161;20.98;20.17;20.52
41;2.962;6.161;20.98;20.17;20.52
42;2.95;6.161;21.18;20.27;20.62
43;2.952;6.161;20.98;20.37;20.62
44;2.951;6.161;21.08;21.08;20.72
45;2.955;6.161;21.08;20.37;20.62
46;2.958;6.161;21.08;20.27;20.82
47;2.961;6.161;21.08;20.37;20.82
48;2.962;6.161;21.08;20.37;20.82
49;2.962;6.161;21.08;20.47;20.92
50;2.961;6.161;21.08;20.57;20.92
51;2.965;6.161;20.98;20.57;21.12
52;2.975;6.161;21.08;20.57;21.02
53;2.976;6.161;21.08;20.57;21.02
54;2.974;6.161;21.08;20.67;21.12
55;2.975;6.161;21.08;20.67;21.12
56;2.975;6.161;20.98;20.67;21.22
57;2.977;6.161;20.98;20.67;21.12
58;2.978;6.161;21.08;20.77;21.32
59;2.977;6.161;20.98;20.77;21.32
60;2.976;6.161;21.08;20.87;21.42
61;2.976;6.161;20.98;20.87;21.42
62;2.976;6.161;20.98;20.98;21.42
63;2.974;6.161;20.98;20.98;21.52
64;2.974;6.161;21.18;20.98;21.52
65;2.974;6.161;20.98;20.98;21.62
66;2.973;6.161;20.98;20.87;21.73
67;2.974;6.161;20.98;21.08;21.62
68;2.975;6.161;21.08;21.18;21.62
69;2.975;6.161;21.08;21.18;21.62
70;2.976;6.161;21.08;21.18;21.73
71;2.977;6.161;21.08;21.28;21.83
72;2.978;6.161;21.08;21.28;21.83
73;2.98;6.161;21.08;21.28;21.83
74;2.986;6.161;21.08;21.38;21.83
75;2.993;6.161;21.08;21.38;21.93
76;2.988;6.161;21.08;21.48;22.03
77;2.987;6.161;21.08;21.48;22.03
78;2.989;6.161;21.18;21.48;22.03
79;2.99;6.161;21.08;21.58;22.13
80;2.99;6.161;21.08;21.68;22.13
81;2.99;6.161;21.18;21.58;22.13
82;2.99;6.161;21.08;21.68;22.23
83;2.989;6.161;21.08;21.68;22.33
84;2.988;6.161;21.08;21.68;22.33
85;2.987;6.161;21.08;21.78;22.33
86;2.99;6.161;21.08;21.89;22.53
87;3.005;6.161;21.08;21.89;22.43
88;3.003;6.161;21.08;21.99;22.53
89;3.005;6.161;21.08;21.89;22.53
90;3.001;6.161;21.08;22.09;22.64
91;2.999;6.161;21.08;21.99;22.64
92;3.0;6.161;21.08;22.09;22.74
93;2.997;6.161;21.08;22.09;22.74
94;3.0;6.161;21.08;22.19;22.84
95;3.013;6.161;21.08;22.19;22.84
96;3.007;6.161;21.08;22.19;22.74
97;2.999;6.161;21.08;22.19;22.94
98;2.993;6.161;21.08;22.29;22.94
99;2.991;6.161;21.18;22.49;23.04
100;3.002;6.161;21.18;22.39;23.15
101;3.001;6.161;21.18;22.29;23.04
102;3.002;6.161;21.08;22.29;23.15
103;2.999;6.161;21.18;22.49;22.84
104;2.999;6.161;21.08;22.49;23.15
105;3.008;6.161;21.18;22.6;23.25
106;3.008;6.161;21.18;22.6;23.35
107;3.006;6.161;21.18;22.7;23.35
108;2.995;6.161;21.18;22.7;23.35
109;2.985;6.161;21.18;22.7;23.45
110;2.982;6.161;21.08;22.8;23.45
111;2.983;6.161;21.08;22.9;23.56
112;2.983;6.161;21.08;22.8;23.56
113;2.984;6.161;21.08;22.8;23.56
114;2.993;6.161;21.08;22.8;23.66
115;2.995;6.161;21.08;23.0;23.86
116;2.997;6.161;21.08;23.0;23.66
117;2.997;6.161;21.08;23.1;23.25
118;2.998;6.161;21.18;23.31;23.66
119;2.994;6.161;21.18;23.31;23.86
120;2.991;6.161;21.18;23.1;23.86
121;2.983;6.161;21.18;23.31;23.97
122;3.015;6.161;21.18;23.21;23.97
123;3.002;6.161;21.18;23.31;23.97
124;2.997;6.161;21.18;23.31;24.07
125;2.989;6.161;21.18;23.31;24.07
126;2.989;6.161;21.18;23.31;24.17
127;2.989;6.161;21.18;23.41;24.28
128;2.987;6.161;21.28;23.51;24.17
129;2.985;6.161;21.28;23.51;23.45
130;2.965;6.161;21.18;23.61;24.38
131;2.966;6.161;21.18;23.41;24.38
132;2.968;6.161;21.28;23.72;24.28
133;2.968;6.161;21.28;23.61;23.86
134;2.972;6.161;21.18;23.72;24.48
135;2.971;6.161;21.18;23.61;24.59
136;2.969;6.161;21.18;23.82;24.59
137;2.967;6.161;21.18;23.92;24.59
138;2.97;6.161;21.18;23.82;24.79
139;2.97;6.161;21.18;23.92;24.69
140;2.966;6.161;21.08;24.13;24.69
141;2.966;6.161;21.18;24.02;24.69
142;2.964;6.161;21.18;24.02;24.79
143;2.964;6.161;21.08;24.13;24.9
144;2.963;6.161;21.18;24.13;24.9
145;2.961;6.161;21.18;24.23;24.9
146;2.958;6.161;21.18;24.13;25.0
147;2.955;6.161;21.18;24.23;25.0
148;3.022;6.161;21.18;24.33;24.9
149;3.033;6.161;21.18;24.33;25.1
150;3.017;6.161;21.18;24.43;25.1
151;3.009;6.161;21.18;24.74;25.52
152;3.005;6.161;21.28;24.43;25.21
153;3.002;6.161;21.28;24.54;25.21
154;2.999;6.161;21.28;24.64;25.42
155;2.998;6.161;21.18;24.74;25.31
156;2.995;6.161;21.28;24.54;25.21
157;2.998;6.161;21.18;24.64;25.31
158;2.995;6.161;21.28;24.64;25.52
159;2.995;6.161;21.18;24.64;25.42
160;2.997;6.161;21.28;24.74;25.52
161;2.991;6.161;21.18;24.85;25.63
162;2.99;6.161;21.18;24.85;25.73
163;2.989;6.161;21.18;24.95;25.63
164;2.986;6.161;21.18;24.95;25.84
165;2.984;6.161;21.18;24.85;25.63
166;2.985;6.161;21.18;25.05;25.84
167;2.974;6.161;21.18;25.15;25.94
168;2.967;6.161;21.18;25.26;25.84
169;2.966;6.161;21.18;24.95;25.94
170;2.964;6.161;21.18;25.15;25.94
171;2.963;6.161;21.18;25.15;26.04
172;2.953;6.161;21.18;25.15;26.04
173;2.956;6.161;21.28;25.26;25.94
174;2.966;6.161;21.28;25.26;26.04
175;2.962;6.161;21.28;25.36;26.04
176;2.965;6.161;21.28;25.36;26.15
177;2.965;6.161;21.38;25.36;26.15
178;2.964;6.161;21.28;25.46;26.15
179;2.968;6.161;21.28;25.57;26.78
180;2.967;6.161;21.38;25.98;26.26
181;2.968;6.161;21.28;25.57;26.36
182;2.965;6.161;21.28;25.78;26.36
183;2.975;6.161;21.28;25.67;26.36
184;2.967;6.161;21.28;25.78;26.47
185;2.967;6.161;21.28;25.78;26.47
186;2.96;6.161;21.28;25.78;26.57
187;2.987;6.161;21.28;25.78;26.57
188;3.006;6.161;21.28;25.88;26.57
189;2.994;6.161;21.28;25.88;26.68
190;2.983;6.161;21.28;25.98;26.36
191;2.983;6.161;21.28;26.19;26.68
192;2.983;6.161;21.28;25.98;26.78
193;2.97;6.161;21.28;25.98;26.78
194;2.967;6.161;21.28;26.09;26.89
195;3.002;6.161;21.28;26.09;26.89
196;2.981;6.161;21.28;26.19;27.0
197;2.981;6.161;21.28;26.19;26.89
198;2.974;6.161;21.28;26.19;26.89
199;2.97;6.161;21.28;26.19;27.0
200;2.974;6.161;21.28;26.29;27.0
201;2.97;6.161;21.28;26.29;27.0
202;2.963;6.161;21.28;26.29;27.1
203;2.967;6.161;21.28;27.02;27.1
204;2.966;6.161;21.28;26.4;27.21
205;2.963;6.161;21.28;26.4;27.21
206;2.961;6.161;21.28;26.4;27.31
207;2.963;6.161;21.28;26.5;27.21
208;2.964;6.161;21.38;26.61;27.31
209;2.968;6.161;21.28;26.61;27.31
210;2.976;6.161;21.28;26.71;27.42
211;2.973;6.161;21.28;26.71;27.31
212;2.972;6.161;21.28;26.5;27.42
213;2.969;6.161;21.48;26.71;27.53
214;2.969;6.161;21.28;26.82;27.64
215;2.974;6.161;21.28;26.82;27.21
216;2.977;6.161;21.18;26.82;27.64
217;2.98;6.161;21.28;26.82;27.53
218;2.972;6.161;21.28;27.02;27.85
219;2.973;6.161;21.28;27.02;27.74
220;2.974;6.161;21.28;27.02;27.74
221;2.973;6.161;21.38;26.92;27.74
222;2.974;6.161;21.38;27.02;27.85
223;2.973;6.161;21.38;27.13;27.85
224;2.97;6.161;21.38;27.13;27.85
225;2.969;6.161;21.38;27.13;27.96
226;2.973;6.161;21.38;27.34;27.96
227;2.977;6.161;21.38;27.23;27.96
228;2.969;6.161;21.38;27.13;27.96
229;2.967;6.161;21.48;27.34;28.06
230;2.965;6.161;21.38;27.34;28.06
231;2.964;6.161;21.38;27.44;28.17
232;2.979;6.161;21.28;27.34;28.39
233;2.994;6.161;21.28;27.23;28.17
234;2.981;6.161;21.28;27.55;28.28
235;2.976;6.161;21.28;27.97;28.28
236;2.979;6.161;21.28;27.55;28.28
237;2.974;6.161;21.28;27.55;28.39
238;2.974;6.161;21.18;27.55;28.5
239;2.973;6.161;21.28;27.65;28.39
240;2.97;6.161;21.28;27.65;28.5
241;2.97;6.161;21.28;27.76;28.5
242;2.996;6.161;21.18;27.65;28.39
243;2.984;6.161;21.28;27.65;28.5
244;2.975;6.161;21.18;27.86;28.6
245;2.976;6.161;21.08;28.29;28.6
246;2.975;6.161;21.28;27.86;28.6
247;2.977;6.161;21.28;27.97;28.6
248;2.973;6.161;21.28;28.29;28.6
249;2.977;6.161;21.18;27.97;28.6
250;2.974;6.161;21.28;27.97;28.5
251;2.977;6.161;21.28;28.08;28.82
252;2.978;6.161;21.38;28.08;28.71
253;2.976;6.161;21.38;27.97;28.82
254;2.978;6.161;21.38;28.08;28.82
255;2.984;6.161;21.28;28.18;28.93
256;2.981;6.161;21.38;28.29;28.93
257;2.989;6.161;21.28;28.29;28.93
258;2.98;6.161;21.28;28.29;29.04
259;2.976;6.161;21.38;28.5;29.04
260;2.977;6.161;21.38;28.29;29.04
261;2.978;6.161;21.28;28.39;29.15
262;2.976;6.161;21.28;28.39;29.15
263;2.974;6.161;21.28;28.39;29.15
264;2.976;6.161;21.28;28.5;29.26
265;2.982;6.161;21.28;28.5;29.37
266;2.969;6.161;21.28;28.6;29.26
267;2.982;6.161;21.28;28.6;29.37
268;2.951;6.161;21.28;28.6;29.37
269;2.949;6.161;21.28;28.71;29.37
270;2.964;6.161;21.28;28.71;29.37
271;2.953;6.161;21.28;28.71;29.37
272;2.955;6.161;21.28;28.71;29.47
273;2.956;6.161;21.28;28.82;29.58
274;2.954;6.161;21.28;28.82;29.47
275;2.955;6.161;21.28;28.82;29.47
276;2.959;6.161;21.28;28.82;29.47
277;2.969;6.161;21.28;28.82;29.58
278;2.976;6.161;21.28;29.03;29.58
279;2.972;6.161;21.38;28.92;29.58
280;2.967;6.161;21.28;28.92;29.58
281;2.966;6.161;21.38;28.92;29.69
282;2.964;6.161;21.38;28.92;29.69
283;2.964;6.161;21.38;29.03;29.58
284;2.977;6.161;21.38;29.03;29.69
285;2.964;6.161;21.38;29.14;29.8
286;2.957;6.161;21.38;29.14;29.8
287;2.949;6.161;21.28;29.14;29.91
288;2.979;6.161;21.38;29.35;29.91
289;2.977;6.161;21.38;29.24;29.91
290;2.953;6.161;21.38;29.35;30.02
291;2.939;6.161;21.28;29.35;29.91
292;2.943;6.161;21.28;29.35;30.02
293;2.942;6.161;21.28;29.35;30.02
294;2.942;6.161;21.28;29.46;30.13
295;2.964;6.161;21.38;29.46;30.02
296;2.935;6.161;21.38;29.46;30.13
297;2.935;6.161;21.38;29.35;30.13
298;2.935;6.161;21.28;29.46;30.13
299;2.936;6.161;21.38;29.56;30.13
300;2.941;6.161;21.38;29.56;30.24
301;2.951;6.161;21.38;29.67;30.24
302;2.95;6.161;21.38;29.46;29.58
303;2.95;6.161;21.38;29.67;30.36
304;2.945;6.161;21.38;29.56;30.36
305;2.944;6.161;21.38;29.78;30.36
306;2.945;6.161;21.38;29.67;30.36
307;2.944;6.161;21.38;29.78;30.36
308;2.944;6.161;21.38;29.78;30.47
309;2.943;6.161;21.38;29.88;30.58
310;2.943;6.161;21.38;29.88;30.58
311;2.944;6.161;21.38;29.78;30.58
312;2.943;6.161;21.48;29.88;30.69
313;2.943;6.161;21.38;29.88;30.58
314;2.942;6.161;21.38;29.88;30.69
315;2.965;6.161;21.38;29.99;30.69
316;2.963;6.161;21.28;30.1;30.69
317;2.962;6.161;21.28;29.99;30.8
318;2.944;6.161;21.28;30.1;30.8
319;2.943;6.161;21.38;29.99;30.8
320;2.929;6.161;21.38;30.21;30.91
321;2.93;6.161;21.38;30.21;30.91
322;2.948;6.161;21.38;30.21;30.91
323;2.959;6.161;21.38;30.21;30.91
324;2.96;6.161;21.38;30.21;30.91
325;2.95;6.161;21.38;30.32;30.91
326;2.95;6.161;21.38;30.32;30.91
327;2.949;6.161;21.38;30.32;31.02
328;2.948;6.161;21.38;30.42;31.02
329;2.949;6.161;21.48;30.32;31.02
330;2.958;6.161;21.48;30.42;31.02
331;2.954;6.161;21.48;30.42;31.02
332;2.953;6.161;21.48;30.42;31.13
333;2.95;6.161;21.48;30.53;31.13
334;2.947;6.161;21.48;30.53;31.13
335;2.946;6.161;21.48;30.64;31.13
336;2.946;6.161;21.38;30.53;31.25
337;2.943;6.161;21.38;30.64;31.36
338;2.942;6.161;21.48;30.53;31.25
339;2.941;6.161;21.38;30.53;31.36
340;2.946;6.161;21.38;30.75;31.36
341;2.935;6.161;21.38;30.75;31.36
342;2.935;6.161;21.38;30.96;31.36
343;2.935;6.161;21.38;30.75;31.47
344;2.934;6.161;21.38;30.75;31.36
345;2.945;6.161;21.38;30.86;31.47
346;2.943;6.161;21.38;30.86;31.58
347;2.941;6.161;21.38;30.96;31.47
348;2.939;6.161;21.38;30.96;31.58
349;2.948;6.161;21.38;30.96;31.58
350;2.948;6.161;21.38;30.96;31.58
351;2.939;6.161;21.38;31.07;31.58
352;2.934;6.161;21.38;30.96;31.58
353;2.927;6.161;21.38;31.07;31.58
354;2.926;6.161;21.38;31.07;31.58
355;2.928;6.161;21.38;31.07;31.58
356;2.927;6.161;21.38;31.18;31.7
357;2.925;6.161;21.38;31.18;31.47
358;2.924;6.161;21.38;31.18;31.81
359;2.92;6.161;21.38;31.29;31.7
360;2.916;6.161;21.38;31.29;31.7
361;2.907;6.161;21.38;31.18;31.81
362;2.888;6.161;21.38;31.4;31.81
363;2.891;6.161;21.38;31.18;31.92
364;2.892;6.161;21.28;31.18;31.92
365;2.893;6.161;21.28;31.4;32.04
366;2.935;6.161;21.28;31.4;32.04
367;2.937;6.161;21.28;31.4;31.92
368;2.937;6.161;21.28;31.51;32.04
369;2.936;6.161;21.28;31.51;32.04
370;2.937;6.161;21.28;31.62;32.15
371;2.936;6.161;21.38;31.51;32.15
372;2.904;6.161;21.28;31.62;32.04
373;2.934;6.161;21.28;31.62;32.15
374;2.935;6.161;21.28;31.62;32.26
375;2.91;6.161;21.28;31.62;32.15
376;2.907;6.161;21.38;31.62;32.15
377;2.88;6.161;21.38;31.62;32.26
378;2.877;6.161;21.38;31.62;32.15
379;2.884;6.161;21.48;31.73;32.38
380;2.895;6.161;21.38;31.51;32.26
381;2.929;6.161;21.38;31.84;32.38
382;2.916;6.161;21.38;31.73;32.61
383;2.916;6.161;21.38;31.84;32.49
384;2.931;6.161;21.38;31.84;32.38
385;2.927;6.161;21.38;31.84;32.38
386;2.917;6.161;21.38;31.84;32.49
387;2.917;6.161;21.28;31.95;32.49
388;2.918;6.161;21.28;31.84;32.61
389;2.916;6.161;21.28;32.06;32.49
390;2.916;6.161;21.38;31.95;32.61
391;2.914;6.161;21.28;32.17;32.61
392;2.907;6.161;21.28;32.28;32.61
393;2.908;6.161;21.28;31.95;32.61
394;2.912;6.161;21.28;32.17;32.72
395;2.913;6.161;21.28;32.17;32.61
396;2.913;6.161;21.28;32.28;32.83
397;2.914;6.161;21.28;32.17;32.72
398;2.915;6.161;21.28;32.28;32.72
399;2.919;6.161;21.28;32.28;32.49
400;2.92;6.161;21.28;32.28;32.83
401;2.919;6.161;21.28;32.28;32.83
402;2.921;6.161;21.28;32.06;32.83
403;2.921;6.161;21.38;32.83;32.83
404;2.923;6.161;21.28;32.28;32.83
405;2.925;6.161;21.28;32.39;32.83
406;2.926;6.161;21.28;32.28;32.83
407;2.914;6.161;21.28;32.39;33.06
408;2.907;6.161;21.38;32.39;32.95
409;2.907;6.161;21.38;32.39;32.95
410;2.905;6.161;21.38;32.5;32.95
411;2.903;6.161;21.38;32.5;33.06
412;2.904;6.161;21.28;32.5;33.06
413;2.902;6.161;21.28;32.5;33.06
414;2.905;6.161;21.28;32.28;33.18
415;2.904;6.161;21.38;32.61;33.18
416;2.904;6.161;21.28;32.61;33.18
417;2.905;6.161;21.28;32.61;33.06
418;2.906;6.161;21.28;32.72;33.29
419;2.906;6.161;21.28;32.61;33.18
420;2.903;6.161;21.28;32.72;33.18
421;2.9;6.161;21.28;32.72;33.29
422;2.903;6.161;21.38;32.61;33.18
423;2.903;6.161;21.38;32.72;33.29
424;2.902;6.161;21.38;32.83;33.29
425;2.902;6.161;21.38;32.83;33.41
426;2.901;6.161;21.38;32.83;33.29
427;2.901;6.161;21.38;31.73;33.29
428;2.901;6.161;21.38;32.83;33.29
429;2.901;6.161;21.38;32.83;33.41
430;2.899;6.161;21.38;32.94;33.41
431;2.9;6.161;21.48;32.94;33.41
432;2.9;6.161;21.48;33.05;33.41
433;2.9;6.161;21.48;33.05;33.41
434;2.902;6.161;21.48;32.94;33.53
435;2.902;6.161;21.38;33.05;33.64
436;2.906;6.161;21.48;33.05;33.53
437;2.903;6.161;21.38;33.16;33.53
438;2.901;6.161;21.48;33.16;33.64
439;2.9;6.161;21.38;33.16;33.64
440;2.898;6.161;21.48;33.16;33.64
441;2.898;6.161;21.38;33.27;33.76
442;2.894;6.161;21.38;33.27;33.87
443;2.89;6.161;21.38;33.27;33.76
444;2.889;6.161;21.38;33.27;33.76
445;2.907;6.161;21.38;33.27;33.76
446;2.909;6.161;21.38;33.38;33.76
447;2.896;6.161;21.38;33.38;33.76
448;2.88;6.161;21.38;33.38;33.76
449;2.873;6.161;21.38;33.38;33.76
450;2.874;6.161;21.48;33.38;33.76
451;2.875;6.161;21.48;33.38;33.76
452;2.873;6.161;21.48;33.38;33.76
453;2.874;6.161;21.48;33.38;33.76
454;2.872;6.161;21.48;33.5;33.76
455;2.871;6.161;21.48;33.5;33.87
456;2.872;6.161;21.58;33.5;33.87
457;2.874;6.161;21.58;33.61;33.87
458;2.877;6.161;21.58;33.61;33.87
459;2.878;6.161;21.48;33.61;33.87
460;2.873;6.161;21.58;34.06;33.99
461;2.873;6.161;21.58;33.5;33.99
462;2.871;6.161;21.58;33.61;33.99
463;2.868;6.161;21.58;33.72;33.99
464;2.868;6.161;21.58;33.61;34.11
465;2.863;6.161;21.58;33.72;34.11
466;2.86;6.161;21.58;33.72;34.11
467;2.867;6.161;21.48;33.83;34.23
468;2.893;6.161;21.48;33.72;34.11
469;2.893;6.161;21.48;33.83;34.23
470;2.891;6.161;21.48;33.83;34.23
471;2.89;6.161;21.48;33.94;34.23
472;2.885;6.161;21.48;33.94;34.23
473;2.879;6.161;21.48;33.94;34.23
474;2.874;6.161;21.58;33.94;34.34
475;2.873;6.161;21.48;33.83;34.34
476;2.869;6.161;21.48;34.06;34.34
477;2.869;6.161;21.58;34.06;34.34
478;2.872;6.161;21.58;34.06;34.23
479;2.89;6.161;21.58;34.06;34.23
480;2.886;6.161;21.58;34.17;34.23
481;2.885;6.161;21.58;34.06;34.34
482;2.884;6.161;21.58;34.06;34.23
483;2.874;6.161;21.58;34.17;34.34
484;2.871;6.161;21.58;34.17;34.58
485;2.869;6.161;21.58;34.06;34.46
486;2.868;6.161;21.58;34.17;34.46
487;2.868;6.161;21.48;34.17;34.46
488;2.867;6.161;21.58;34.28;34.46
489;2.867;6.161;21.58;34.28;34.46
490;2.865;6.161;21.58;34.28;34.58
491;2.863;6.161;21.58;34.17;34.34
492;2.861;6.161;21.58;34.28;34.58
493;2.861;6.161;21.58;34.28;34.58
494;2.86;6.161;21.58;34.28;34.7
495;2.857;6.161;21.48;34.4;34.7
496;2.856;6.161;21.48;34.4;34.7
497;2.869;6.161;21.48;34.51;34.7
498;2.864;6.161;21.48;34.51;34.7
499;2.864;6.161;21.48;34.17;34.81
500;2.864;6.161;21.48;34.51;34.7
501;2.864;6.161;21.48;34.51;34.81
502;2.863;6.161;21.58;34.51;34.81
503;2.863;6.161;21.58;34.51;34.7
504;2.864;6.161;21.58;34.51;34.7
505;2.863;6.161;21.58;34.51;34.7
506;2.864;6.161;21.58;34.51;34.7
507;2.864;6.161;21.68;34.4;34.81
508;2.862;6.161;21.68;34.51;34.81
509;2.864;6.161;21.58;34.62;34.81
510;2.877;6.161;21.58;34.62;34.81
511;2.876;6.161;21.68;34.62;34.93
512;2.873;6.161;21.58;34.62;34.81
513;2.87;6.161;21.68;34.51;34.93
514;2.862;6.161;21.58;34.74;34.93
515;2.858;6.161;21.58;34.74;34.81
516;2.85;6.161;21.58;34.74;34.93
517;2.839;6.161;21.58;34.85;34.93
518;2.842;6.161;21.58;34.96;35.05
519;2.841;6.161;21.58;34.85;35.17
520;2.837;6.161;21.58;34.85;35.17
521;2.833;6.161;21.58;34.85;34.93
522;2.832;6.161;21.58;34.85;35.05
523;2.831;6.161;21.58;34.96;35.17
524;2.829;6.161;21.58;34.85;35.29
525;2.828;6.161;21.58;34.85;35.17
526;2.828;6.161;21.58;34.96;35.17
527;2.828;6.161;21.58;34.96;35.17
528;2.822;6.161;21.58;34.85;35.05
529;2.818;6.161;21.58;34.96;35.05
530;2.815;6.161;21.58;34.96;35.17
531;2.817;6.161;21.68;35.08;35.17
532;2.813;6.161;21.68;35.08;35.17
533;2.815;6.161;21.68;35.08;35.17
534;2.825;6.161;21.68;35.08;35.17
535;2.821;6.161;21.68;35.08;35.29
536;2.857;6.161;21.68;35.08;35.29
537;2.86;6.161;21.68;34.96;35.29
538;2.861;6.161;21.58;35.19;35.29
539;2.863;6.161;21.68;35.08;35.29
540;2.86;6.161;21.58;35.08;35.29
541;2.848;6.161;21.58;35.19;35.41
542;2.824;6.161;21.58;35.19;35.41
543;2.813;6.161;21.58;35.3;35.41
544;2.813;6.161;21.58;35.19;35.53
545;2.823;6.161;21.58;35.3;35.53
546;2.828;6.161;21.58;35.42;35.53
547;2.829;6.161;21.58;35.42;35.53
548;2.828;6.161;21.48;35.42;35.53
549;2.827;6.161;21.48;35.42;35.65
550;2.828;6.161;21.48;35.53;35.65
551;2.826;6.161;21.58;35.76;35.65
552;2.839;6.161;21.58;35.53;35.65
553;2.856;6.161;21.48;35.53;35.89
554;2.853;6.161;21.48;35.53;35.65
555;2.844;6.161;21.58;35.53;35.77
556;2.841;6.161;21.48;35.53;35.65
557;2.838;6.161;21.58;35.65;35.77
558;2.838;6.161;21.58;35.53;35.77
559;2.838;6.161;21.58;35.65;35.77
560;2.838;6.161;21.58;35.65;35.77
561;2.837;6.161;21.58;35.65;35.77
562;2.835;6.161;21.58;35.65;35.89
563;2.838;6.161;21.48;35.65;35.77
564;2.839;6.161;21.58;35.76;35.89
565;2.838;6.161;21.48;35.88;36.01
566;2.837;6.161;21.48;35.99;36.01
567;2.838;6.161;21.48;35.76;35.89
568;2.839;6.161;21.48;35.88;36.01
569;2.838;6.161;21.48;35.88;36.01
570;2.839;6.161;21.48;35.99;35.89
571;2.838;6.161;21.48;35.88;36.01
572;2.838;6.161;21.38;35.99;36.01
573;2.836;6.161;21.38;36.22;36.13
574;2.835;6.161;21.38;35.99;36.25
575;2.834;6.161;21.38;35.99;36.13
576;2.831;6.161;21.38;36.11;36.13
577;2.83;6.161;21.48;36.11;36.13
578;2.83;6.161;21.48;36.11;36.25
579;2.829;6.161;21.48;36.22;36.13
580;2.828;6.161;21.48;36.11;36.25
581;2.833;6.161;21.48;36.11;36.25
582;2.841;6.161;21.58;36.11;36.25
583;2.841;6.161;21.48;36.11;36.37
584;2.842;6.161;21.48;36.22;36.37
585;2.841;6.161;21.48;36.22;36.49
586;2.826;6.161;21.48;36.22;36.13
587;2.824;6.161;21.48;36.22;36.37
588;2.824;6.161;21.48;36.22;36.37
589;2.821;6.161;21.48;36.22;36.37
590;2.817;6.161;21.48;36.34;36.37
591;2.819;6.161;21.48;36.34;36.49
592;2.818;6.161;21.48;36.34;36.49
593;2.821;6.161;21.48;36.34;36.37
594;2.819;6.161;21.48;36.34;36.61
595;2.821;6.161;21.48;36.34;36.61
596;2.824;6.161;21.58;36.34;36.61
597;2.826;6.161;21.48;36.46;36.74
598;2.834;6.161;21.48;36.46;36.61
599;2.83;6.161;21.48;36.57;36.61
600;2.827;6.161;21.58;36.46;36.86
601;2.826;6.161;21.48;36.57;36.61
602;2.825;6.161;21.48;36.57;36.74
603;2.83;6.161;21.48;36.57;36.61
604;2.828;6.161;21.48;36.57;36.74
605;2.821;6.161;21.48;36.57;36.86
606;2.818;6.161;21.48;36.69;36.86
607;2.817;6.161;21.48;36.57;36.86
608;2.816;6.161;21.48;36.69;36.61
609;2.815;6.161;21.48;36.69;36.74
610;2.815;6.161;21.58;36.81;36.86
611;2.815;6.161;21.58;36.81;36.86
612;2.828;6.161;21.58;36.81;36.86
613;2.827;6.161;21.58;36.81;36.86
614;2.827;6.161;21.58;36.92;36.86
615;2.81;6.161;21.58;36.81;36.98
616;2.808;6.161;21.58;36.81;36.86
617;2.804;6.161;21.48;36.92;36.86
618;2.803;6.161;21.48;36.92;36.98
619;2.799;6.161;21.48;36.92;36.98
620;2.798;6.161;21.48;36.92;36.98
621;2.792;6.161;21.48;36.92;36.98
622;2.794;6.161;21.48;36.92;37.1
623;2.795;6.161;21.48;37.04;37.1
624;2.799;6.161;21.48;37.04;37.1
625;2.806;6.161;21.48;37.04;37.23
626;2.808;6.161;21.48;37.16;37.1
627;2.809;6.161;21.48;37.04;37.1
628;2.81;6.161;21.48;37.27;37.1
629;2.813;6.161;21.38;37.16;37.1
630;2.818;6.161;21.48;37.04;37.23
631;2.815;6.161;21.38;36.92;37.1
632;2.817;6.161;21.48;37.16;37.1
633;2.815;6.161;21.48;37.16;37.23
634;2.812;6.161;21.48;37.16;37.35
635;2.807;6.161;21.48;37.27;37.23
636;2.802;6.161;21.48;37.27;37.23
637;2.801;6.161;21.48;37.27;37.35
638;2.799;6.161;21.48;37.27;37.35
639;2.8;6.161;21.48;37.27;37.35
640;2.799;6.161;21.48;37.27;37.35
641;2.798;6.161;21.48;37.39;37.35
642;2.796;6.161;21.48;37.27;37.47
643;2.795;6.161;21.38;37.39;37.47
644;2.794;6.161;21.48;37.39;37.35
645;2.793;6.161;21.48;37.39;37.47
646;2.79;6.161;21.48;37.51;37.47
647;2.788;6.161;21.48;37.39;37.47
648;2.787;6.161;21.38;36.46;37.47
649;2.805;6.161;21.38;37.74;37.47
650;2.804;6.161;21.38;37.51;37.6
651;2.792;6.161;21.38;37.51;37.6
652;2.781;6.161;21.38;37.51;37.6
653;2.773;6.161;21.38;37.51;37.6
654;2.77;6.161;21.38;37.51;37.6
655;2.767;6.161;21.48;37.63;37.6
656;2.766;6.161;21.48;37.63;37.6
657;2.761;6.161;21.48;37.63;37.6
658;2.762;6.161;21.48;37.63;37.72
659;2.776;6.161;21.48;37.63;37.72
660;2.797;6.161;21.68;37.63;37.6
661;2.79;6.161;21.48;37.63;37.72
662;2.794;6.161;21.48;38.22;37.72
663;2.795;6.161;21.48;37.74;37.72
664;2.784;6.161;21.58;37.74;37.72
665;2.769;6.161;21.48;37.63;37.72
666;2.752;6.161;21.48;37.74;37.72
667;2.755;6.161;21.48;37.74;37.84
668;2.754;6.161;21.58;37.98;37.72
669;2.754;6.161;21.48;37.74;37.84
670;2.757;6.161;21.48;37.86;37.84
671;2.758;6.161;21.48;37.86;37.72
672;2.758;6.161;21.48;37.86;37.97
673;2.759;6.161;21.48;37.86;37.47
674;2.759;6.161;21.48;37.98;37.97
675;2.758;6.161;21.48;37.98;37.97
676;2.763;6.161;21.48;37.98;37.97
677;2.763;6.161;21.48;38.34;37.97
678;2.762;6.161;21.38;37.98;37.97
679;2.763;6.161;21.48;37.98;37.97
680;2.762;6.161;21.38;37.98;38.09
681;2.762;6.161;21.38;37.98;38.09
682;2.762;6.161;21.38;37.98;37.97
683;2.762;6.161;21.38;37.98;38.09
684;2.761;6.161;21.48;37.98;38.09
685;2.763;6.161;21.48;37.98;38.09
686;2.762;6.161;21.48;37.98;38.09
687;2.774;6.161;21.48;37.98;38.09
688;2.773;6.161;21.48;38.1;38.22
689;2.772;6.161;21.48;38.1;38.22
690;2.769;6.161;21.48;38.1;38.22
691;2.771;6.161;21.38;38.22;38.09
692;2.783;6.161;21.48;38.1;38.09
693;2.78;6.161;21.48;38.22;38.09
694;2.778;6.161;21.48;38.22;38.22
695;2.766;6.161;21.48;38.22;38.22
696;2.763;6.161;21.48;38.22;38.22
697;2.76;6.161;21.38;38.22;38.22
698;2.76;6.161;21.38;38.34;38.34
699;2.76;6.161;21.38;38.34;38.34
700;2.759;6.161;21.38;38.34;38.34
701;2.758;6.161;21.38;38.34;38.34
702;2.757;6.161;21.38;38.58;38.47
703;2.758;6.161;21.48;38.46;38.47
704;2.76;6.161;21.38;38.34;38.6
705;2.759;6.161;21.38;38.58;38.22
706;2.759;6.161;21.38;38.94;38.34
707;2.757;6.161;21.28;38.46;38.47
708;2.757;6.161;21.38;38.46;38.6
709;2.757;6.161;21.38;38.46;38.34
710;2.754;6.161;21.58;38.34;38.47
711;2.756;6.161;21.38;38.46;38.47
712;2.757;6.161;21.38;38.46;38.34
713;2.768;6.161;21.48;38.58;38.47
714;2.773;6.161;21.48;38.58;38.47
715;2.768;6.161;21.48;38.46;38.47
716;2.763;6.161;21.48;38.58;38.6
717;2.759;6.161;21.48;38.7;38.47
718;2.757;6.161;21.48;38.58;38.6
719;2.754;6.161;21.38;38.7;38.6
720;2.752;6.161;21.38;38.58;38.47
721;2.749;6.161;21.38;38.58;38.72
722;2.747;6.161;21.38;38.7;38.6
723;2.745;6.161;21.48;38.7;38.6
724;2.743;6.161;21.48;38.7;38.6
725;2.737;6.161;21.58;38.7;38.6
726;2.735;6.161;21.38;38.58;38.72
727;2.743;6.161;21.48;38.7;38.72
728;2.743;6.161;21.38;38.82;38.72
729;2.741;6.161;21.38;38.82;38.6
730;2.737;6.161;21.38;38.82;38.6
731;2.737;6.161;21.38;38.82;38.72
732;2.736;6.161;21.38;38.82;38.72
733;2.735;6.161;21.38;38.82;38.72
734;2.733;6.161;21.48;38.7;38.85
735;2.733;6.161;21.38;38.82;38.72
736;2.733;6.161;21.38;38.94;38.72
737;2.731;6.161;21.48;38.82;38.72
738;2.731;6.161;21.48;38.7;38.85
739;2.73;6.161;21.38;38.82;38.72
740;2.73;6.161;21.48;38.7;38.85
741;2.73;6.161;21.48;38.7;38.85
742;2.731;6.161;21.48;38.94;38.85
743;2.729;6.161;21.48;38.94;38.85
744;2.728;6.161;21.48;39.06;38.98
745;2.729;6.161;21.48;38.82;38.85
746;2.731;6.161;21.48;38.94;38.98
747;2.731;6.161;21.48;38.94;38.98
748;2.734;6.161;21.48;39.18;38.98
749;2.742;6.161;21.48;39.06;38.85
750;2.743;6.161;21.48;39.06;38.98
751;2.742;6.161;21.38;39.06;38.98
752;2.742;6.161;21.48;39.06;38.98
753;2.74;6.161;21.38;39.06;38.98
754;2.738;6.161;21.48;39.18;38.98
755;2.739;6.161;21.48;39.18;39.49
756;2.738;6.161;21.48;39.18;39.1
757;2.737;6.161;21.48;39.18;39.49
758;2.735;6.161;21.58;39.3;39.1
759;2.731;6.161;21.38;39.3;38.47
760;2.731;6.161;21.48;39.18;39.1
761;2.732;6.161;21.48;39.3;39.1
762;2.733;6.161;21.48;39.3;39.1
763;2.729;6.161;21.48;39.18;39.61
764;2.728;6.161;21.48;39.3;38.98
765;2.727;6.161;21.48;39.18;39.1
766;2.727;6.161;21.48;39.3;39.1
767;2.726;6.161;21.48;39.3;38.98
768;2.725;6.161;21.48;39.3;39.23
769;2.725;6.161;21.48;39.18;38.72
770;2.724;6.161;21.48;39.42;39.1
771;2.723;6.161;21.58;39.42;39.1
772;2.723;6.161;21.48;39.42;39.23
773;2.723;6.161;21.38;39.42;39.1
774;2.721;6.161;21.38;39.42;39.1
775;2.721;6.161;21.38;39.42;39.23
776;2.72;6.161;21.38;39.42;39.23
777;2.72;6.161;21.38;39.54;39.36
778;2.719;6.161;21.38;39.54;39.36
779;2.719;6.161;21.38;39.54;39.36
780;2.719;6.161;21.38;39.54;39.36
781;2.718;6.161;21.38;39.54;39.36
782;2.718;6.161;21.38;39.54;39.49
783;2.717;6.161;21.38;39.54;39.49
784;2.716;6.161;21.48;39.66;39.36
785;2.715;6.161;21.38;39.54;39.23
786;2.714;6.161;21.48;39.66;39.36
787;2.711;6.161;21.48;39.66;39.49
788;2.71;6.161;21.48;39.66;39.61
789;2.71;6.161;21.48;39.54;39.49
790;2.709;6.161;21.48;39.66;39.49
791;2.708;6.161;21.48;39.66;39.49
792;2.708;6.161;21.48;39.66;39.61
793;2.707;6.161;21.48;39.78;39.61
794;2.708;6.161;21.48;39.78;39.61
795;2.708;6.161;21.48;39.91;39.61
796;2.707;6.161;21.48;39.91;39.49
797;2.707;6.161;21.48;39.78;39.61
798;2.706;6.161;21.48;39.78;39.61
799;2.706;6.161;21.58;39.78;39.61
800;2.713;6.161;21.48;39.91;39.74
801;2.726;6.161;21.48;39.78;39.74
802;2.71;6.161;21.48;39.91;39.74
803;2.71;6.161;21.48;39.78;39.74
804;2.708;6.161;21.48;39.91;39.61
805;2.707;6.161;21.48;39.91;39.87
806;2.707;6.161;21.58;39.91;40.0
807;2.706;6.161;21.48;40.03;39.74
808;2.705;6.161;21.58;40.03;39.87
809;2.704;6.161;21.48;40.03;39.74
810;2.704;6.161;21.48;40.03;39.74
811;2.704;6.161;21.58;40.15;39.74
812;2.703;6.161;21.58;40.27;39.74
813;2.702;6.161;21.58;40.03;39.74
814;2.702;6.161;21.58;40.03;39.74
815;2.702;6.161;21.58;40.15;39.74
816;2.701;6.161;21.58;40.15;39.87
817;2.701;6.161;21.58;40.27;40.0
818;2.7;6.161;21.48;40.15;39.87
819;2.698;6.161;21.58;40.15;39.87
820;2.698;6.161;21.48;40.15;40.26
821;2.698;6.161;21.58;40.27;39.87
822;2.698;6.161;21.48;40.27;39.87
823;2.698;6.161;21.48;40.27;40.0
824;2.696;6.161;21.48;40.27;40.0
825;2.697;6.161;21.58;40.15;39.87
826;2.695;6.161;21.48;40.27;40.0
827;2.694;6.161;21.48;40.27;40.0
828;2.691;6.161;21.48;40.4;40.13
829;2.684;6.161;21.58;40.4;40.0
830;2.685;6.161;21.48;40.4;40.0
831;2.687;6.161;21.48;40.4;40.0
832;2.685;6.161;21.48;40.4;40.13
833;2.682;6.161;21.48;40.03;40.39
834;2.675;6.161;21.48;40.52;40.13
835;2.673;6.161;21.48;40.52;40.0
836;2.673;6.161;21.48;40.4;39.49
837;2.673;6.161;21.48;40.52;40.0
838;2.672;6.161;21.58;40.4;40.0
839;2.671;6.161;21.48;40.52;40.0
840;2.671;6.161;21.48;40.89;40.0
841;2.669;6.161;21.58;40.52;40.13
842;2.672;6.161;21.58;40.52;40.13
843;2.669;6.161;21.58;40.77;40.78
844;2.669;6.161;21.58;40.64;40.13
845;2.671;6.161;21.58;40.64;40.13
846;2.669;6.161;21.58;40.52;40.13
847;2.669;6.161;21.58;40.64;40.13
848;2.668;6.161;21.58;40.64;40.26
849;2.667;6.161;21.58;40.64;40.13
850;2.666;6.161;21.58;40.64;40.26
851;2.672;6.161;21.58;40.77;40.26
852;2.696;6.161;21.58;40.77;40.13
853;2.669;6.161;21.58;40.77;40.26
854;2.664;6.161;21.48;40.64;40.26
855;2.665;6.161;21.48;40.77;40.39
856;2.665;6.161;21.48;40.77;40.39
857;2.663;6.161;21.48;40.77;40.39
858;2.663;6.161;21.48;40.89;40.26
859;2.663;6.161;21.48;40.77;40.39
860;2.663;6.161;21.48;40.77;40.39
861;2.662;6.161;21.48;40.77;40.39
862;2.662;6.161;21.48;40.77;40.39
863;2.662;6.161;21.48;40.77;40.39
864;2.66;6.161;21.58;40.77;40.39
865;2.659;6.161;21.58;40.89;40.26
866;2.658;6.161;21.58;40.89;40.39
867;2.658;6.161;21.58;40.89;40.39
868;2.658;6.161;21.58;40.89;40.52
869;2.657;6.161;21.58;40.89;40.52
870;2.657;6.161;21.48;40.89;40.52
871;2.658;6.161;21.58;40.89;40.52
872;2.656;6.161;21.58;41.01;40.65
873;2.635;6.161;21.68;40.89;40.52
874;2.674;6.161;21.58;41.01;40.52
875;2.674;6.161;21.58;41.01;40.65
876;2.682;6.161;21.58;41.01;40.65
877;2.677;6.161;21.48;41.01;40.65
878;2.673;6.161;21.48;41.14;40.65
879;2.674;6.161;21.48;41.14;40.78
880;2.679;6.161;21.48;41.01;40.78
881;2.672;6.161;21.48;41.14;40.65
882;2.669;6.161;21.58;41.14;40.78
883;2.671;6.161;21.58;41.14;40.65
884;2.677;6.161;21.58;41.01;40.65
885;2.673;6.161;21.68;41.14;40.65
886;2.672;6.161;21.68;41.14;40.65
887;2.673;6.161;21.68;41.14;40.78
888;2.682;6.161;21.78;41.14;40.78
889;2.672;6.161;21.78;41.26;40.65
890;2.671;6.161;21.78;41.14;40.78
891;2.668;6.161;21.78;41.14;40.78
892;2.666;6.161;21.78;41.14;40.65
893;2.664;6.161;21.89;41.26;40.65
894;2.667;6.161;21.78;41.26;40.78
895;2.668;6.161;21.78;41.26;40.65
896;2.667;6.161;21.78;41.26;40.78
897;2.667;6.161;21.78;41.26;40.78
898;2.666;6.161;21.68;41.39;40.78
899;2.664;6.161;21.68;41.51;40.91
900;2.66;6.161;21.68;41.26;40.78
901;2.661;6.161;21.68;41.39;40.91
902;2.661;6.161;21.68;41.39;40.91
903;2.661;6.161;21.68;41.39;40.91
904;2.659;6.161;21.68;41.39;40.91
905;2.659;6.161;21.68;41.51;40.91
906;2.657;6.161;21.68;41.39;40.91
907;2.658;6.161;21.68;41.39;41.04
908;2.657;6.161;21.58;41.39;41.04
909;2.664;6.161;21.58;41.39;40.91
910;2.657;6.161;21.58;41.51;41.04
911;2.656;6.161;21.58;41.39;40.91
912;2.656;6.161;21.58;41.39;41.04
913;2.655;6.161;21.58;41.51;40.65
914;2.654;6.161;21.68;41.51;41.04
915;2.653;6.161;21.58;41.51;40.91
916;2.651;6.161;21.68;41.51;40.91
917;2.648;6.161;21.68;41.51;41.04
918;2.648;6.161;21.68;41.51;41.04
919;2.649;6.161;21.68;41.51;41.04
920;2.648;6.161;21.68;41.64;41.04
921;2.652;6.161;21.58;41.64;41.04
922;2.65;6.161;21.58;41.64;41.18
923;2.651;6.161;21.58;41.64;41.04
924;2.652;6.161;21.58;41.64;41.04
925;2.652;6.161;21.58;41.64;41.18
926;2.663;6.161;21.58;41.64;41.04
927;2.662;6.161;21.58;41.76;41.18
928;2.648;6.161;21.58;41.76;41.04
929;2.645;6.161;21.58;41.76;41.18
930;2.646;6.161;21.48;41.76;41.18
931;2.646;6.161;21.58;41.76;41.18
932;2.645;6.161;21.58;41.64;41.18
933;2.644;6.161;21.48;41.76;41.31
934;2.643;6.161;21.48;41.76;41.18
935;2.644;6.161;21.48;41.64;41.04
936;2.643;6.161;21.48;41.76;41.18
937;2.659;6.161;21.58;41.76;40.91
938;2.647;6.161;21.48;41.64;41.04
939;2.647;6.161;21.89;41.89;41.18
940;2.646;6.161;21.58;41.64;41.04
941;2.644;6.161;21.58;41.89;40.91
942;2.642;6.161;21.58;41.76;41.18
943;2.641;6.161;21.58;41.76;41.18
944;2.641;6.161;21.58;41.64;41.18
945;2.641;6.161;21.58;41.76;41.18
946;2.641;6.161;21.68;41.76;41.04
947;2.64;6.161;21.58;41.76;41.31
948;2.639;6.161;21.58;42.02;41.31
949;2.638;6.161;21.58;41.76;41.18
950;2.637;6.161;21.58;41.89;41.18
951;2.64;6.161;21.58;41.89;41.18
952;2.641;6.161;21.48;41.89;41.31
953;2.64;6.161;21.58;42.02;41.31
954;2.64;6.161;21.48;41.89;41.31
955;2.64;6.161;21.58;42.02;41.44
956;2.639;6.161;21.58;41.76;41.44
957;2.639;6.161;21.48;41.89;41.31
958;2.64;6.161;21.58;42.02;41.44
959;2.639;6.161;21.48;42.14;41.44
960;2.638;6.161;21.48;42.14;41.44
961;2.638;6.161;21.48;42.02;41.44
962;2.638;6.161;21.48;42.02;41.31
963;2.635;6.161;21.48;42.02;41.31
964;2.636;6.161;21.48;42.02;41.31
965;2.635;6.161;21.48;41.64;41.31
966;2.634;6.161;21.58;42.02;41.31
967;2.634;6.161;21.58;42.27;41.31
968;2.634;6.161;21.58;42.14;41.44
969;2.634;6.161;21.58;42.14;41.44
970;2.634;6.161;21.58;42.14;41.44
971;2.634;6.161;21.58;42.14;41.44
972;2.635;6.161;21.58;42.14;41.18
973;2.634;6.161;21.58;42.14;41.31
974;2.633;6.161;21.58;42.02;41.57
975;2.633;6.161;21.58;42.27;41.57
976;2.633;6.161;21.58;42.27;41.57
977;2.633;6.161;21.58;42.27;41.44
978;2.632;6.161;21.68;42.27;41.57
979;2.631;6.161;21.58;42.27;41.71
980;2.63;6.161;21.58;42.27;41.71
981;2.63;6.161;21.58;42.4;41.71
982;2.63;6.161;21.58;42.27;41.71
983;2.629;6.161;21.58;42.4;41.97
984;2.63;6.161;21.58;42.4;41.71
985;2.629;6.161;21.58;42.4;41.71
986;2.629;6.161;21.58;42.4;41.71
987;2.629;6.161;21.58;42.52;41.84
988;2.628;6.161;21.58;42.4;41.71
989;2.628;6.161;21.58;42.52;41.71
990;2.628;6.161;21.58;42.4;41.84
991;2.628;6.161;21.58;42.52;41.84
992;2.627;6.161;21.58;42.52;41.84
993;2.627;6.161;21.58;42.4;41.84
994;2.627;6.161;21.58;42.27;41.84
995;2.626;6.161;21.58;42.52;41.97
996;2.626;6.161;21.58;42.52;41.84
997;2.625;6.161;21.58;42.65;41.84
998;2.625;6.161;21.58;42.65;41.97
999;2.625;6.161;21.58;42.4;41.84
1000;2.624;6.161;21.48;42.65;42.11
1001;2.623;6.161;21.58;42.65;42.11
1002;2.623;6.161;21.48;42.65;42.24
1003;2.624;6.161;21.48;42.78;42.11
1004;2.623;6.161;21.48;42.65;42.11
1005;2.623;6.161;21.48;42.52;42.11
1006;2.623;6.161;21.48;42.91;42.11
1007;2.623;6.161;21.48;42.78;42.24
1008;2.621;6.161;21.48;42.52;42.38
1009;2.621;6.161;21.48;42.78;42.11
1010;2.621;6.161;21.48;42.91;42.24
1011;2.621;6.161;21.48;43.42;42.11
1012;2.62;6.161;21.58;42.65;42.11
1013;2.619;6.161;21.48;42.78;42.11
1014;2.62;6.161;21.48;42.78;42.11
1015;2.619;6.161;21.48;42.78;41.97
1016;2.62;6.161;21.48;42.78;41.97
1017;2.618;6.161;21.58;42.65;42.24
1018;2.619;6.161;21.58;42.78;42.11
1019;2.618;6.161;21.58;42.78;42.11
1020;2.617;6.161;21.58;42.78;42.11
1021;2.617;6.161;21.68;42.78;42.11
1022;2.617;6.161;21.68;42.91;42.24
1023;2.616;6.161;21.68;42.91;42.11
1024;2.616;6.161;21.58;42.65;42.11
1025;2.616;6.161;21.58;42.91;42.51
1026;2.614;6.161;21.58;42.78;42.24
1027;2.613;6.161;21.58;42.91;42.11
1028;2.612;6.161;21.58;42.91;42.24
1029;2.611;6.161;21.58;42.91;42.38
1030;2.611;6.161;21.58;42.91;42.38
1031;2.61;6.161;21.58;42.91;42.38
1032;2.61;6.161;21.48;43.03;42.92
1033;2.611;6.161;21.58;42.91;42.51
1034;2.613;6.161;21.58;43.03;42.38
1035;2.614;6.161;21.58;42.91;42.51
1036;2.615;6.161;21.58;43.03;42.38
1037;2.613;6.161;21.58;42.91;42.24
1038;2.612;6.161;21.58;43.03;42.24
1039;2.612;6.161;21.58;43.03;42.38
1040;2.611;6.161;21.68;43.03;42.24
1041;2.612;6.161;21.58;43.03;42.24
1042;2.611;6.161;21.68;43.03;42.24
1043;2.607;6.161;21.68;43.03;42.38
1044;2.607;6.161;21.68;43.16;42.24
1045;2.606;6.161;21.68;43.03;42.38
1046;2.606;6.161;21.68;43.03;42.65
1047;2.606;6.161;21.68;43.03;42.38
1048;2.606;6.161;21.68;43.16;42.51
1049;2.604;6.161;21.68;43.16;42.38
1050;2.603;6.161;21.68;43.16;42.38
1051;2.604;6.161;21.58;43.16;42.38
1052;2.603;6.161;21.58;43.16;42.38
1053;2.602;6.161;21.58;42.91;42.51
1054;2.601;6.161;21.58;43.16;42.51
1055;2.601;6.161;21.58;43.29;42.51
1056;2.601;6.161;21.58;43.29;42.51
1057;2.601;6.161;21.68;43.29;42.65
1058;2.6;6.161;21.58;43.29;42.51
1059;2.599;6.161;21.58;43.29;42.65
1060;2.598;6.161;21.58;43.42;42.65
1061;2.598;6.161;21.58;43.29;42.65
1062;2.596;6.161;21.58;43.42;42.65
1063;2.596;6.161;21.58;43.42;42.11
1064;2.594;6.161;21.58;43.29;42.65
1065;2.593;6.161;21.58;43.03;42.65
1066;2.604;6.161;21.58;43.55;42.51
1067;2.6;6.161;21.58;43.29;42.65
1068;2.596;6.161;21.58;43.29;42.51
1069;2.6;6.161;21.58;43.42;42.51
1070;2.595;6.161;21.68;43.42;42.65
1071;2.593;6.161;21.58;43.42;42.65
1072;2.593;6.161;21.58;43.42;42.65
1073;2.593;6.161;21.58;43.42;42.65
1074;2.594;6.161;21.58;43.55;42.65
1075;2.595;6.161;21.68;43.42;42.65
1076;2.593;6.161;21.58;43.55;42.65
1077;2.593;6.161;21.58;43.55;42.65
1078;2.605;6.161;21.58;43.42;42.79
1079;2.601;6.161;21.58;43.55;42.79
1080;2.593;6.161;21.58;43.55;42.79
1081;2.593;6.161;21.58;43.55;42.79
1082;2.594;6.161;21.48;43.68;42.92
1083;2.592;6.161;21.48;43.68;42.79
1084;2.59;6.161;21.48;43.68;42.79
1085;2.588;6.161;21.48;43.68;42.79
1086;2.584;6.161;21.48;43.94;42.92
1087;2.574;6.161;21.48;43.68;42.92
1088;2.572;6.161;21.38;43.42;42.79
1089;2.572;6.161;21.48;43.68;42.92
1090;2.572;6.161;21.48;44.2;42.65
1091;2.57;6.161;21.48;43.68;42.79
1092;2.57;6.161;21.48;43.55;42.65
1093;2.57;6.161;21.48;43.68;42.79
1094;2.57;6.161;21.58;43.81;42.79
1095;2.571;6.161;21.58;43.94;42.79
1096;2.571;6.161;21.48;43.81;42.79
1097;2.57;6.161;21.58;43.68;42.79
1098;2.569;6.161;21.58;43.81;42.79
1099;2.569;6.161;21.48;43.81;42.79
1100;2.569;6.161;21.58;43.68;42.79
1101;2.568;6.161;21.58;43.81;42.92
1102;2.569;6.161;21.58;43.68;42.92
1103;2.568;6.161;21.58;43.81;42.92
1104;2.568;6.161;21.48;43.81;42.79
1105;2.568;6.161;21.48;43.81;43.06
1106;2.567;6.161;21.48;43.68;42.92
1107;2.566;6.161;21.48;43.81;43.06
1108;2.565;6.161;21.48;43.94;42.92
1109;2.566;6.161;21.48;43.94;43.06
1110;2.566;6.161;21.48;43.81;43.06
1111;2.577;6.161;21.48;43.94;43.06
1112;2.569;6.161;21.48;43.94;43.06
1113;2.568;6.161;21.48;43.94;43.06
1114;2.556;6.161;21.48;43.94;43.06
1115;2.552;6.161;21.48;44.07;42.92
1116;2.551;6.161;21.48;43.94;43.06
1117;2.551;6.161;21.48;43.94;43.2
1118;2.552;6.161;21.48;43.94;43.33
1119;2.552;6.161;21.48;43.94;43.06
1120;2.552;6.161;21.48;44.07;43.2
1121;2.553;6.161;21.48;43.94;43.2
1122;2.553;6.161;21.48;44.07;43.06
1123;2.553;6.161;21.58;43.94;43.2
1124;2.552;6.161;21.58;44.07;43.06
1125;2.553;6.161;21.58;43.94;43.2
1126;2.552;6.161;21.58;44.07;43.2
1127;2.55;6.161;21.58;44.07;43.2
1128;2.55;6.161;21.58;44.07;43.33
1129;2.55;6.161;21.58;44.2;43.33
1130;2.55;6.161;21.58;44.2;43.33
1131;2.549;6.161;21.58;44.2;43.2
1132;2.548;6.161;21.58;44.2;43.47
1133;2.548;6.161;21.58;44.2;43.33
1134;2.547;6.161;21.58;44.2;43.47
1135;2.548;6.161;21.58;44.2;43.33
1136;2.546;6.161;21.58;44.33;43.47
1137;2.547;6.161;21.58;44.2;43.33
1138;2.547;6.161;21.48;44.33;43.47
1139;2.548;6.161;21.58;44.33;43.47
1140;2.547;6.161;21.58;44.2;43.47
1141;2.547;6.161;21.58;44.33;43.47
1142;2.547;6.161;21.58;44.2;43.33
1143;2.547;6.161;21.58;44.33;43.47
1144;2.546;6.161;21.58;44.2;43.33
1145;2.546;6.161;21.68;44.2;43.33
1146;2.546;6.161;21.68;44.33;43.47
1147;2.548;6.161;21.68;44.2;43.47
1148;2.548;6.161;21.68;44.33;43.47
1149;2.547;6.161;21.68;44.33;43.33
1150;2.543;6.161;21.68;44.33;43.33
1151;2.544;6.161;21.68;44.6;43.61
1152;2.543;6.161;21.68;44.33;43.61
1153;2.541;6.161;21.68;44.33;43.61
1154;2.541;6.161;21.68;44.46;43.61
1155;2.545;6.161;21.68;44.46;43.61
1156;2.541;6.161;21.58;44.86;43.61
1157;2.541;6.161;21.58;44.46;43.61
1158;2.541;6.161;21.58;44.46;43.61
1159;2.542;6.161;21.58;44.6;43.75
1160;2.542;6.161;21.58;44.46;43.47
1161;2.539;6.161;21.58;44.46;43.75
1162;2.539;6.161;21.58;44.46;43.75
1163;2.539;6.161;21.58;44.46;42.79
1164;2.539;6.161;21.58;44.46;43.75
1165;2.539;6.161;21.48;44.46;43.75
1166;2.539;6.161;21.58;44.46;43.75
1167;2.537;6.161;21.58;44.46;43.61
1168;2.537;6.161;21.58;44.46;43.61
1169;2.538;6.161;21.58;44.46;43.61
1170;2.539;6.161;21.58;44.46;43.75
1171;2.539;6.161;21.68;44.46;43.75
1172;2.538;6.161;21.68;44.46;43.75
1173;2.537;6.161;21.78;44.6;43.75
1174;2.538;6.161;21.68;44.6;43.75
1175;2.538;6.161;21.68;44.46;43.75
1176;2.538;6.161;21.68;44.46;43.75
1177;2.538;6.161;21.68;44.73;43.75
1178;2.538;6.161;21.68;44.6;43.75
1179;2.538;6.161;21.68;44.6;43.75
1180;2.539;6.161;21.68;44.46;43.75
1181;2.541;6.161;21.68;44.6;43.75
1182;2.556;6.161;21.58;44.73;43.75
1183;2.557;6.161;21.58;44.6;43.89
1184;2.55;6.161;21.58;44.86;44.03
1185;2.549;6.161;21.58;44.73;43.89
1186;2.548;6.161;21.58;44.6;43.89
1187;2.547;6.161;21.58;44.73;43.89
1188;2.54;6.161;21.58;44.73;43.89
1189;2.538;6.161;21.58;44.73;44.03
1190;2.537;6.161;21.58;44.86;43.89
1191;2.535;6.161;21.58;44.6;43.75
1192;2.534;6.161;21.58;44.6;43.89
1193;2.534;6.161;21.58;44.86;43.89
1194;2.534;6.161;21.58;44.86;43.89
1195;2.533;6.161;21.58;44.86;43.89
1196;2.533;6.161;21.48;44.86;43.89
1197;2.532;6.161;21.68;44.73;43.75
1198;2.531;6.161;21.68;44.86;43.89
1199;2.53;6.161;21.58;44.86;43.89
1200;2.53;6.161;21.68;44.73;43.89
1201;2.53;6.161;21.68;44.86;43.89
1202;2.528;6.161;21.68;44.86;44.03
1203;2.518;6.161;21.58;44.86;44.03
1204;2.516;6.161;21.58;44.86;44.03
1205;2.517;6.161;21.58;44.86;44.03
1206;2.517;6.161;21.58;44.86;44.03
1207;2.517;6.161;21.58;44.99;44.03
1208;2.516;6.161;21.58;44.86;44.03
1209;2.516;6.161;21.58;44.99;44.17
1210;2.517;6.161;21.58;44.86;44.17
1211;2.545;6.161;21.58;44.99;44.03
1212;2.542;6.161;21.68;44.99;44.17
1213;2.544;6.161;21.68;44.99;44.17
1214;2.546;6.161;21.48;45.13;44.17
1215;2.546;6.161;21.58;45.26;44.17
1216;2.548;6.161;21.58;44.99;44.03
1217;2.547;6.161;21.58;45.13;44.31
1218;2.536;6.161;21.48;45.13;44.31
1219;2.529;6.161;21.58;44.99;44.17
1220;2.525;6.161;21.58;45.13;44.31
1221;2.521;6.161;21.58;45.13;44.17
1222;2.524;6.161;21.58;45.13;44.17
1223;2.528;6.161;21.58;45.13;44.17
1224;2.532;6.161;21.58;45.13;44.17
1225;2.534;6.161;21.58;45.13;44.17
1226;2.533;6.161;21.58;45.13;44.31
1227;2.532;6.161;21.58;45.13;44.17
1228;2.531;6.161;21.58;45.26;44.31
1229;2.531;6.161;21.48;45.26;44.31
1230;2.533;6.161;21.58;45.26;44.31
1231;2.531;6.161;21.58;45.26;44.31
1232;2.531;6.161;21.58;45.26;44.31
1233;2.529;6.161;21.58;45.26;44.31
1234;2.527;6.161;21.58;45.26;44.31
1235;2.528;6.161;21.58;45.39;44.45
1236;2.526;6.161;21.58;45.26;44.45
1237;2.525;6.161;21.48;45.39;44.45
1238;2.525;6.161;21.48;45.39;44.45
1239;2.525;6.161;21.48;46.07;44.45
1240;2.523;6.161;21.48;45.39;44.45
1241;2.524;6.161;21.48;45.39;44.59
1242;2.525;6.161;21.48;45.39;44.45
1243;2.525;6.161;21.48;45.39;44.45
1244;2.524;6.161;21.48;45.39;44.45
1245;2.524;6.161;21.58;45.53;44.59
1246;2.523;6.161;21.58;45.26;44.45
1247;2.522;6.161;21.58;45.39;44.45
1248;2.521;6.161;21.58;45.39;44.45
1249;2.522;6.161;21.58;45.53;44.45
1250;2.522;6.161;21.58;45.39;44.45
1251;2.522;6.161;21.58;45.53;44.59
1252;2.522;6.161;21.58;45.53;44.59
1253;2.521;6.161;21.58;45.53;44.45
1254;2.52;6.161;21.58;45.53;44.59
1255;2.519;6.161;21.58;45.53;44.73
1256;2.518;6.161;21.58;45.66;44.87
1257;2.517;6.161;21.48;45.66;44.59
1258;2.518;6.161;21.48;45.53;44.59
1259;2.517;6.161;21.48;45.66;44.59
1260;2.517;6.161;21.48;45.66;44.73
1261;2.517;6.161;21.48;45.66;44.73
1262;2.517;6.161;21.48;45.66;44.73
1263;2.516;6.161;21.48;45.66;44.73
1264;2.516;6.161;21.48;45.66;44.87
1265;2.517;6.161;21.48;45.8;44.87
1266;2.516;6.161;21.48;45.8;44.73
1267;2.516;6.161;21.48;45.66;44.73
1268;2.516;6.161;21.48;45.8;44.73
1269;2.515;6.161;21.48;45.66;44.73
1270;2.514;6.161;21.48;45.8;44.73
1271;2.514;6.161;21.48;45.66;44.73
1272;2.513;6.161;21.48;45.66;44.73
1273;2.512;6.161;21.48;45.8;44.87
1274;2.512;6.161;21.48;45.53;44.87
1275;2.512;6.161;21.48;45.66;44.87
1276;2.512;6.161;21.58;45.8;44.87
1277;2.512;6.161;21.58;45.8;45.01
1278;2.512;6.161;21.58;45.8;44.45
1279;2.511;6.161;21.58;45.66;45.16
1280;2.511;6.161;21.78;45.93;45.01
1281;2.51;6.161;21.58;45.93;45.16
1282;2.51;6.161;21.58;45.8;45.3
1283;2.51;6.161;21.58;45.93;45.3
1284;2.51;6.161;21.58;45.93;45.16
1285;2.509;6.161;21.58;45.93;45.16
1286;2.509;6.161;21.58;45.93;45.3
1287;2.509;6.161;21.58;45.93;45.3
1288;2.509;6.161;21.48;45.93;45.44
1289;2.508;6.161;21.58;45.93;45.3
1290;2.506;6.161;21.58;45.93;45.3
1291;2.508;6.161;21.58;45.93;45.3
1292;2.508;6.161;21.48;45.93;45.44
1293;2.512;6.161;21.58;45.93;45.3
1294;2.516;6.161;21.58;45.93;45.3
1295;2.515;6.161;21.58;46.07;45.16
1296;2.505;6.161;21.58;45.93;45.16
1297;2.502;6.161;21.68;45.8;45.16
1298;2.501;6.161;21.68;45.93;45.16
