time;voltage;current;ambient_temperature;surface_temperature_plus;surface_temperature_minus
0;0.003;0.0;21.48;19.87;20.22
1;3.198;4.412;21.48;19.87;20.22
2;3.173;4.62;21.48;19.87;20.22
3;3.199;4.62;21.48;19.87;20.22
4;3.201;4.62;21.48;19.87;20.22
5;3.203;4.62;21.48;19.87;20.32
6;3.205;4.62;21.48;19.87;20.22
7;3.201;4.62;21.48;19.87;20.22
8;3.206;4.62;21.48;19.87;20.22
9;3.205;4.62;21.48;19.87;20.22
10;3.199;4.62;21.48;19.97;20.22
11;3.205;4.62;21.48;19.97;20.32
12;3.216;4.62;21.48;19.97;20.32
13;3.207;4.62;21.48;19.97;20.22
14;3.208;4.62;21.48;19.97;20.32
15;3.21;4.62;21.48;19.97;20.22
16;3.21;4.62;21.48;19.97;20.32
17;3.208;4.62;21.48;19.97;20.32
18;3.202;4.62;21.48;20.07;20.32
19;3.206;4.62;21.48;19.97;20.32
20;3.208;4.62;21.48;20.07;20.32
21;3.2;4.62;21.48;20.07;20.42
22;3.199;4.62;21.48;20.07;20.42
23;3.208;4.62;21.48;20.07;20.42
24;3.209;4.62;21.48;20.07;20.42
25;3.208;4.62;21.48;20.17;20.52
26;3.207;4.62;21.48;20.07;20.42
27;3.205;4.62;21.48;20.07;20.52
28;3.21;4.62;21.48;19.97;20.52
29;3.199;4.62;21.48;20.17;20.52
30;3.203;4.62;21.48;20.17;20.52
31;3.198;4.62;21.48;20.37;20.72
32;3.196;4.62;21.48;20.27;20.62
33;3.201;4.62;21.48;20.27;20.62
34;3.207;4.62;21.48;20.17;20.62
35;3.205;4.62;21.48;20.27;20.62
36;3.208;4.62;21.48;20.37;20.42
37;3.212;4.62;21.48;19.87;20.62
38;3.213;4.62;21.48;20.37;20.72
39;3.215;4.62;21.48;20.37;20.62
40;3.213;4.62;21.48;20.37;20.72
41;3.206;4.62;21.48;20.27;20.72
42;3.215;4.62;21.48;20.37;20.72
43;3.212;4.62;21.48;20.37;20.82
44;3.21;4.62;21.48;20.47;20.82
45;3.213;4.62;21.48;20.37;20.82
46;3.212;4.62;21.48;20.47;20.82
47;3.208;4.62;21.48;20.47;20.92
48;3.21;4.62;21.48;20.47;20.92
49;3.208;4.62;21.48;20.47;20.92
50;3.208;4.62;21.48;20.57;21.02
51;3.21;4.62;21.48;20.57;20.92
52;3.208;4.62;21.48;20.57;21.02
53;3.209;4.62;21.48;20.57;21.02
54;3.212;4.62;21.48;20.57;21.12
55;3.21;4.62;21.48;20.57;21.02
56;3.21;4.62;21.48;20.67;21.12
57;3.194;4.62;21.48;19.57;21.02
58;3.204;4.62;21.48;20.67;21.22
59;3.207;4.62;21.58;20.77;21.22
60;3.207;4.62;21.48;20.67;21.12
61;3.208;4.62;21.48;20.77;21.22
62;3.203;4.62;21.48;20.77;21.22
63;3.205;4.62;21.48;20.77;21.22
64;3.206;4.62;21.48;20.77;21.32
65;3.204;4.62;21.48;20.77;21.32
66;3.207;4.62;21.48;20.87;21.32
67;3.205;4.62;21.48;20.87;21.32
68;3.205;4.62;21.48;20.98;21.93
69;3.206;4.62;21.48;20.98;21.52
70;3.204;4.62;21.48;20.87;21.52
71;3.205;4.62;21.48;20.87;21.52
72;3.204;4.62;21.48;20.98;21.52
73;3.19;4.62;21.48;21.08;21.52
74;3.203;4.62;21.48;20.98;21.62
75;3.206;4.62;21.48;20.98;21.52
76;3.206;4.62;21.48;21.08;21.62
77;3.204;4.62;21.58;21.08;21.52
78;3.171;4.62;21.48;21.08;21.62
79;3.202;4.62;21.48;21.18;21.62
80;3.207;4.62;21.48;21.28;21.73
81;3.212;4.62;21.48;21.18;21.73
82;3.212;4.62;21.48;21.18;21.73
83;3.213;4.62;21.48;21.18;21.83
84;3.212;4.62;21.48;21.18;21.83
85;3.21;4.62;21.48;21.28;21.83
86;3.211;4.62;21.48;21.28;21.83
87;3.207;4.62;21.48;21.28;21.83
88;3.215;4.62;21.48;21.28;21.93
89;3.2;4.62;21.48;21.38;21.93
90;3.206;4.62;21.48;21.48;21.93
91;3.198;4.62;21.48;21.48;21.93
92;3.203;4.62;21.48;21.38;22.13
93;3.206;4.62;21.48;21.58;22.13
94;3.208;4.62;21.48;21.48;22.03
95;3.188;4.62;21.48;21.48;22.13
96;3.196;4.62;21.48;21.48;22.13
97;3.194;4.62;21.48;21.48;22.13
98;3.2;4.62;21.48;21.48;22.23
99;3.191;4.62;21.48;21.58;22.23
100;3.19;4.62;21.58;21.68;22.13
101;3.192;4.62;21.28;21.68;22.23
102;3.192;4.62;21.48;21.68;22.13
103;3.175;4.62;21.48;21.68;22.64
104;3.203;4.62;21.48;21.68;22.33
105;3.202;4.62;21.48;21.78;22.33
106;3.201;4.62;21.48;21.68;22.43
107;3.201;4.62;21.48;21.78;22.43
108;3.199;4.62;21.48;21.78;22.43
109;3.199;4.62;21.48;21.99;22.23
110;3.2;4.62;21.38;21.89;22.43
111;3.204;4.62;21.48;21.99;22.43
112;3.2;4.62;21.38;21.89;22.53
113;3.201;4.62;21.48;21.89;22.53
114;3.191;4.62;21.48;21.99;22.53
115;3.204;4.62;21.48;21.89;22.64
116;3.193;4.62;21.48;21.99;22.64
117;3.188;4.62;21.48;21.89;22.33
118;3.19;4.62;21.48;22.09;22.64
119;3.183;4.62;21.48;22.09;22.74
120;3.172;4.62;21.48;22.09;22.74
121;3.199;4.62;21.48;22.19;22.74
122;3.189;4.62;21.48;22.6;22.64
123;3.203;4.62;21.78;22.19;23.04
124;3.21;4.62;21.48;22.19;22.84
125;3.202;4.62;21.48;22.19;22.84
126;3.194;4.62;21.48;22.39;22.84
127;3.203;4.62;21.48;23.0;22.84
128;3.201;4.62;21.48;22.49;22.94
129;3.196;4.62;21.48;22.39;22.94
130;3.197;4.62;21.48;22.19;22.94
131;3.2;4.62;21.48;22.49;23.45
132;3.2;4.62;21.48;22.39;23.04
133;3.192;4.62;21.48;22.6;23.15
134;3.19;4.62;21.48;23.21;23.04
135;3.188;4.62;21.48;22.29;23.04
136;3.188;4.62;21.48;22.39;23.04
137;3.195;4.62;21.48;22.39;23.15
138;3.199;4.62;21.48;22.49;23.15
139;3.197;4.62;21.48;22.49;23.15
140;3.197;4.62;21.48;22.6;23.25
141;3.196;4.62;21.48;22.8;23.35
142;3.195;4.62;21.58;22.6;23.35
143;3.219;4.62;21.48;22.6;23.35
144;3.201;4.62;21.48;22.7;23.25
145;3.197;4.62;21.48;22.7;23.35
146;3.175;4.62;21.48;22.7;23.35
147;3.184;4.62;21.48;22.7;23.35
148;3.187;4.62;21.48;22.7;23.45
149;3.197;4.62;21.48;22.8;23.56
150;3.193;4.62;21.48;22.8;23.56
151;3.209;4.62;21.48;22.8;23.56
152;3.213;4.62;21.48;22.9;23.56
153;3.212;4.62;21.48;22.9;23.56
154;3.213;4.62;21.48;22.9;23.66
155;3.215;4.62;21.58;23.0;23.56
156;3.216;4.62;21.48;22.9;23.66
157;3.214;4.62;21.58;23.0;23.66
158;3.212;4.62;21.58;23.0;23.66
159;3.208;4.62;21.58;23.0;23.66
160;3.208;4.62;21.58;23.0;23.76
161;3.207;4.62;21.58;23.1;23.76
162;3.202;4.62;21.58;23.1;23.76
163;3.199;4.62;21.58;23.1;23.76
164;3.198;4.62;21.58;23.1;23.86
165;3.196;4.62;21.58;23.21;23.86
166;3.199;4.62;21.58;23.21;23.86
167;3.196;4.62;21.58;23.21;23.86
168;3.172;4.62;21.58;23.21;23.97
169;3.193;4.62;21.58;23.21;23.97
170;3.199;4.62;21.58;23.41;24.07
171;3.198;4.62;21.58;23.31;23.97
172;3.198;4.62;21.58;23.31;23.97
173;3.202;4.62;21.58;23.41;24.07
174;3.201;4.62;21.58;23.41;24.07
175;3.205;4.62;21.58;23.41;23.76
176;3.214;4.62;21.58;23.41;24.28
177;3.197;4.62;21.58;23.51;24.17
178;3.187;4.62;21.58;23.51;24.17
179;3.185;4.62;21.58;23.0;24.17
180;3.183;4.62;21.58;23.51;24.17
181;3.18;4.62;21.58;23.61;24.17
182;3.18;4.62;21.58;23.61;24.28
183;3.18;4.62;21.58;23.61;24.28
184;3.18;4.62;21.68;23.61;24.28
185;3.205;4.62;21.58;23.61;24.28
186;3.185;4.62;21.58;23.61;24.28
187;3.184;4.62;21.58;23.72;24.38
188;3.186;4.62;21.58;23.61;24.28
189;3.188;4.62;21.58;23.72;24.38
190;3.19;4.62;21.58;23.72;24.38
191;3.193;4.62;21.58;23.82;24.48
192;3.192;4.62;21.58;23.82;24.38
193;3.161;4.62;21.58;23.82;24.48
194;3.148;4.62;21.58;23.72;24.48
195;3.185;4.62;21.58;23.82;24.48
196;3.19;4.62;21.58;23.92;24.48
197;3.191;4.62;21.58;23.82;24.48
198;3.194;4.62;21.68;23.92;24.59
199;3.193;4.62;21.58;23.92;24.59
200;3.157;4.62;21.58;24.02;24.69
201;3.161;4.62;21.58;24.02;24.59
202;3.174;4.62;21.58;24.02;24.69
203;3.179;4.62;21.58;24.02;24.48
204;3.171;4.62;21.58;24.02;24.79
205;3.181;4.62;21.58;24.13;24.69
206;3.162;4.62;21.58;24.13;24.79
207;3.191;4.62;21.58;24.13;24.79
208;3.188;4.62;21.58;24.13;24.79
209;3.19;4.62;21.58;24.13;24.79
210;3.189;4.62;21.58;24.23;24.79
211;3.193;4.62;21.58;24.43;24.79
212;3.154;4.62;21.58;24.23;24.9
213;3.162;4.62;21.68;24.33;24.9
214;3.198;4.62;21.58;24.33;24.9
215;3.2;4.62;21.58;24.43;24.79
216;3.156;4.62;21.58;24.33;25.1
217;3.166;4.62;21.58;24.33;25.0
218;3.196;4.62;21.58;24.33;25.0
219;3.199;4.62;21.58;24.33;25.0
220;3.205;4.62;21.58;24.43;25.1
221;3.197;4.62;21.58;24.54;25.1
222;3.201;4.62;21.58;24.43;25.1
223;3.152;4.62;21.58;24.54;25.21
224;3.152;4.62;21.58;24.64;25.1
225;3.162;4.62;21.58;24.54;25.1
226;3.191;4.62;21.58;24.54;25.1
227;3.195;4.62;21.58;24.54;25.31
228;3.195;4.62;21.58;24.64;25.21
229;3.165;4.62;21.58;24.64;25.31
230;3.152;4.62;21.58;24.54;25.31
231;3.194;4.62;21.58;24.43;25.42
232;3.194;4.62;21.58;24.64;25.31
233;3.197;4.62;21.58;24.74;25.73
234;3.193;4.62;21.48;24.74;25.42
235;3.194;4.62;21.58;24.74;25.31
236;3.198;4.62;21.48;24.74;25.31
237;3.199;4.62;21.48;24.95;25.31
238;3.199;4.62;21.58;24.85;25.52
239;3.201;4.62;21.48;24.85;25.52
240;3.2;4.62;21.58;24.85;25.52
241;3.199;4.62;21.58;24.85;25.52
242;3.199;4.62;21.58;24.95;25.52
243;3.2;4.62;21.58;25.05;25.52
244;3.201;4.62;21.58;24.95;25.63
245;3.2;4.62;21.48;24.95;25.63
246;3.202;4.62;21.58;25.05;25.63
247;3.202;4.62;21.48;25.05;25.73
248;3.202;4.62;21.48;25.05;25.73
249;3.205;4.62;21.48;25.15;25.73
250;3.205;4.62;21.48;25.15;25.73
251;3.202;4.62;21.48;25.26;25.73
252;3.201;4.62;21.58;25.15;25.73
253;3.202;4.62;21.58;25.15;25.84
254;3.2;4.62;21.48;25.15;25.73
255;3.199;4.62;21.48;25.26;25.94
256;3.204;4.62;21.48;25.26;25.84
257;3.174;4.62;21.48;25.26;25.84
258;3.161;4.62;21.48;25.26;25.94
259;3.156;4.62;21.48;25.36;25.94
260;3.155;4.62;21.48;25.36;25.94
261;3.166;4.62;21.48;25.36;26.04
262;3.18;4.62;21.48;25.46;25.94
263;3.165;4.62;21.48;25.36;26.04
264;3.165;4.62;21.48;25.36;26.04
265;3.165;4.62;21.48;25.46;26.04
266;3.154;4.62;21.48;25.36;26.04
267;3.155;4.62;21.48;25.46;26.04
268;3.179;4.62;21.48;25.46;26.15
269;3.155;4.62;21.58;25.46;26.15
270;3.139;4.62;21.48;25.57;26.04
271;3.183;4.62;21.48;25.57;26.26
272;3.186;4.62;21.48;25.57;26.26
273;3.186;4.62;21.48;25.57;26.26
274;3.189;4.62;21.48;25.57;26.26
275;3.19;4.62;21.48;25.67;26.15
276;3.19;4.62;21.48;25.67;26.26
277;3.19;4.62;21.48;25.67;26.36
278;3.192;4.62;21.48;25.67;26.36
279;3.191;4.62;21.58;25.67;26.36
280;3.188;4.62;21.38;25.67;26.47
281;3.186;4.62;21.58;25.78;26.36
282;3.186;4.62;21.48;25.78;26.36
283;3.189;4.62;21.48;25.78;26.47
284;3.188;4.62;21.48;25.88;26.36
285;3.186;4.62;21.48;25.78;26.47
286;3.189;4.62;21.48;25.88;26.47
287;3.182;4.62;21.48;25.88;26.47
288;3.151;4.62;21.38;25.88;26.47
289;3.153;4.62;21.48;26.29;26.57
290;3.133;4.62;21.48;25.98;26.57
291;3.135;4.62;21.48;25.98;26.57
292;3.139;4.62;21.48;25.98;26.57
293;3.136;4.62;21.48;25.98;26.68
294;3.166;4.62;21.48;25.98;26.68
295;3.168;4.62;21.48;26.09;26.68
296;3.171;4.62;21.48;26.19;26.57
297;3.174;4.62;21.48;26.09;26.68
298;3.169;4.62;21.48;26.09;26.68
299;3.171;4.62;21.48;26.19;26.78
300;3.173;4.62;21.58;26.19;26.78
301;3.157;4.62;21.48;26.09;26.68
302;3.142;4.62;21.48;26.09;26.78
303;3.136;4.62;21.48;26.19;26.78
304;3.132;4.62;21.48;26.19;26.89
305;3.135;4.62;21.48;26.29;26.78
306;3.133;4.62;21.48;26.19;27.0
307;3.177;4.62;21.48;26.19;26.89
308;3.18;4.62;21.48;26.29;27.0
309;3.182;4.62;21.48;26.29;26.89
310;3.182;4.62;21.48;26.19;26.78
311;3.181;4.62;21.48;25.98;27.1
312;3.182;4.62;21.48;26.19;27.0
313;3.18;4.62;21.48;26.4;27.0
314;3.179;4.62;21.48;26.4;27.0
315;3.181;4.62;21.58;26.4;27.0
316;3.178;4.62;21.48;26.5;27.0
317;3.172;4.62;21.48;26.5;27.0
318;3.166;4.62;21.48;26.5;27.1
319;3.168;4.62;21.48;26.5;27.1
320;3.167;4.62;21.48;26.5;27.1
321;3.17;4.62;21.48;26.5;27.31
322;3.166;4.62;21.48;26.5;27.1
323;3.164;4.62;21.48;26.5;27.21
324;3.162;4.62;21.48;26.71;27.21
325;3.165;4.62;21.48;26.71;27.1
326;3.161;4.62;21.48;26.71;27.1
327;3.158;4.62;21.48;26.61;27.31
328;3.16;4.62;21.48;26.71;27.31
329;3.155;4.62;21.58;26.82;27.31
330;3.159;4.62;21.68;26.61;27.31
331;3.159;4.62;21.48;26.82;27.31
332;3.158;4.62;21.48;26.92;27.31
333;3.162;4.62;21.48;26.71;27.42
334;3.149;4.62;21.48;26.82;27.42
335;3.16;4.62;21.48;26.82;27.31
336;3.162;4.62;21.48;26.82;27.21
337;3.163;4.62;21.48;26.82;27.53
338;3.161;4.62;21.48;26.82;27.42
339;3.16;4.62;21.48;26.82;27.53
340;3.156;4.62;21.48;26.82;27.42
341;3.156;4.62;21.48;26.92;27.42
342;3.159;4.62;21.48;26.92;27.42
343;3.144;4.62;21.48;26.92;27.53
344;3.128;4.62;21.48;26.92;27.53
345;3.135;4.62;21.48;27.02;27.53
346;3.155;4.62;21.48;27.02;27.53
347;3.152;4.62;21.48;27.02;27.64
348;3.152;4.62;21.48;27.02;27.64
349;3.132;4.62;21.48;27.02;27.64
350;3.124;4.62;21.48;27.13;27.64
351;3.149;4.62;21.48;27.13;27.64
352;3.136;4.62;21.48;27.13;27.64
353;3.126;4.62;21.48;27.13;27.64
354;3.13;4.62;21.48;27.13;27.74
355;3.133;4.62;21.48;27.13;27.74
356;3.143;4.62;21.48;27.13;27.85
357;3.132;4.62;21.48;27.23;27.74
358;3.13;4.62;21.48;27.34;27.74
359;3.124;4.62;21.48;27.13;27.74
360;3.125;4.62;21.48;27.34;27.85
361;3.127;4.62;21.48;27.34;27.85
362;3.153;4.62;21.48;27.34;27.85
363;3.119;4.62;21.48;27.34;27.85
364;3.121;4.62;21.48;27.23;27.85
365;3.126;4.62;21.48;27.34;27.85
366;3.123;4.62;21.48;27.34;27.96
367;3.124;4.62;21.48;27.23;27.96
368;3.125;4.62;21.48;27.44;27.96
369;3.118;4.62;21.48;27.44;27.96
370;3.113;4.62;21.48;27.44;27.96
371;3.118;4.62;21.48;27.44;27.96
372;3.123;4.62;21.48;27.44;28.06
373;3.124;4.62;21.48;27.55;28.06
374;3.16;4.62;21.48;27.55;28.06
375;3.161;4.62;21.48;27.55;28.06
376;3.16;4.62;21.48;27.34;28.06
377;3.162;4.62;21.48;27.55;28.06
378;3.162;4.62;21.48;27.55;28.06
379;3.164;4.62;21.48;27.55;28.17
380;3.131;4.62;21.48;27.55;28.06
381;3.124;4.62;21.48;27.76;28.17
382;3.12;4.62;21.48;27.65;28.17
383;3.107;4.62;21.48;27.65;28.17
384;3.113;4.62;21.48;27.65;28.17
385;3.105;4.62;21.48;27.65;28.17
386;3.116;4.62;21.48;27.76;28.28
387;3.121;4.62;21.48;27.65;28.28
388;3.113;4.62;21.48;27.76;28.6
389;3.112;4.62;21.48;27.76;28.28
390;3.106;4.62;21.48;27.76;28.28
391;3.111;4.62;21.48;27.76;28.39
392;3.108;4.62;21.58;27.76;28.28
393;3.117;4.62;21.48;27.86;28.39
394;3.113;4.62;21.58;27.76;28.5
395;3.109;4.62;21.58;27.86;28.39
396;3.109;4.62;21.58;27.86;28.06
397;3.13;4.62;21.68;27.86;28.5
398;3.131;4.62;21.58;27.86;28.39
399;3.127;4.62;21.58;27.97;28.39
400;3.134;4.62;21.48;27.44;28.5
401;3.131;4.62;21.58;28.08;28.5
402;3.127;4.62;21.58;27.97;28.6
403;3.122;4.62;21.58;27.97;28.5
404;3.131;4.62;21.58;27.97;28.5
405;3.142;4.62;21.58;27.97;28.5
406;3.137;4.62;21.48;27.97;28.5
407;3.128;4.62;21.58;28.08;28.5
408;3.122;4.62;21.58;28.08;28.6
409;3.124;4.62;21.58;28.08;28.6
410;3.123;4.62;21.58;28.08;28.6
411;3.12;4.62;21.58;28.18;28.6
412;3.121;4.62;21.58;28.18;29.04
413;3.122;4.62;21.58;28.18;28.71
414;3.108;4.62;21.58;28.18;28.6
415;3.111;4.62;21.48;28.18;28.71
416;3.108;4.62;21.48;28.29;28.71
417;3.112;4.62;21.48;28.18;28.71
418;3.133;4.62;21.48;28.29;28.93
419;3.135;4.62;21.48;28.18;28.39
420;3.136;4.62;21.48;28.29;28.82
421;3.145;4.62;21.48;28.29;28.82
422;3.145;4.62;21.48;28.29;28.82
423;3.145;4.62;21.48;28.29;28.82
424;3.147;4.62;21.48;28.29;28.82
425;3.148;4.62;21.48;28.29;28.82
426;3.147;4.62;21.48;28.39;28.93
427;3.148;4.62;21.48;28.39;28.82
428;3.152;4.62;21.48;28.39;28.93
429;3.144;4.62;21.48;28.6;29.04
430;3.129;4.62;21.48;28.29;29.04
431;3.107;4.62;21.48;28.5;28.93
432;3.093;4.62;21.48;28.5;28.93
433;3.083;4.62;21.48;28.39;28.93
434;3.083;4.62;21.48;28.6;29.04
435;3.076;4.62;21.48;27.65;28.93
436;3.08;4.62;21.48;28.5;29.04
437;3.077;4.62;21.48;28.6;29.04
438;3.081;4.62;21.48;28.39;28.93
439;3.08;4.62;21.48;28.6;29.04
440;3.084;4.62;21.48;28.5;29.04
441;3.087;4.62;21.48;28.6;29.15
442;3.087;4.62;21.48;28.6;29.04
443;3.089;4.62;21.48;28.6;29.15
444;3.085;4.62;21.48;28.6;29.15
445;3.086;4.62;21.48;28.71;29.15
446;3.084;4.62;21.48;28.6;29.15
447;3.085;4.62;21.48;28.6;29.15
448;3.086;4.62;21.58;28.5;29.15
449;3.087;4.62;21.48;28.71;29.15
450;3.083;4.62;21.48;28.71;29.15
451;3.079;4.62;21.48;28.71;29.26
452;3.08;4.62;21.48;28.71;29.26
453;3.08;4.62;21.48;28.82;29.26
454;3.082;4.62;21.48;28.82;29.26
455;3.083;4.62;21.48;28.82;29.15
456;3.084;4.62;21.48;28.82;29.26
457;3.081;4.62;21.48;28.82;29.26
458;3.088;4.62;21.48;28.82;29.26
459;3.109;4.62;21.58;28.82;29.37
460;3.132;4.62;21.48;28.82;29.26
461;3.135;4.62;21.48;28.92;29.37
462;3.129;4.62;21.58;28.92;29.37
463;3.115;4.62;21.58;28.82;29.47
464;3.107;4.62;21.58;29.03;29.37
465;3.073;4.62;21.48;28.92;29.37
466;3.068;4.62;21.58;28.92;29.37
467;3.072;4.62;21.58;28.92;29.37
468;3.076;4.62;21.58;29.03;29.47
469;3.067;4.62;21.58;29.03;29.47
470;3.072;4.62;21.58;28.92;29.47
471;3.067;4.62;21.58;29.03;29.47
472;3.09;4.62;21.58;29.03;29.37
473;3.113;4.62;21.58;29.03;29.37
474;3.123;4.62;21.58;29.14;29.91
475;3.127;4.62;21.58;29.14;29.47
476;3.121;4.62;21.58;29.03;29.47
477;3.116;4.62;21.58;29.14;29.58
478;3.114;4.62;21.58;29.14;29.58
479;3.113;4.62;21.58;29.14;29.58
480;3.111;4.62;21.58;29.14;29.58
481;3.109;4.62;21.58;29.24;29.58
482;3.107;4.62;21.58;29.24;29.58
483;3.106;4.62;21.58;29.14;29.69
484;3.106;4.62;21.48;29.24;29.69
485;3.108;4.62;21.48;29.24;29.69
486;3.109;4.62;21.58;29.24;29.69
487;3.11;4.62;21.48;29.24;30.02
488;3.111;4.62;21.58;29.14;29.69
489;3.111;4.62;21.48;29.35;29.69
490;3.113;4.62;21.48;29.24;29.8
491;3.112;4.62;21.48;29.24;29.69
492;3.109;4.62;21.58;29.35;29.69
493;3.111;4.62;21.58;29.35;29.69
494;3.109;4.62;21.48;29.35;29.69
495;3.112;4.62;21.48;29.35;29.69
496;3.107;4.62;21.48;29.35;29.8
497;3.105;4.62;21.48;29.46;29.8
498;3.103;4.62;21.48;29.35;29.8
499;3.104;4.62;21.58;29.35;29.8
500;3.103;4.62;21.48;29.46;29.91
501;3.106;4.62;21.48;29.46;29.8
502;3.103;4.62;21.48;29.46;29.8
503;3.102;4.62;21.48;29.35;29.8
504;3.1;4.62;21.48;29.46;29.91
505;3.101;4.62;21.48;29.46;29.8
506;3.102;4.62;21.58;29.46;29.8
507;3.102;4.62;21.48;29.46;29.91
508;3.104;4.62;21.48;29.35;29.91
509;3.103;4.62;21.48;29.56;29.8
510;3.107;4.62;21.48;29.56;30.02
511;3.108;4.62;21.48;29.56;29.91
512;3.11;4.62;21.48;29.56;29.91
513;3.11;4.62;21.48;29.56;30.02
514;3.109;4.62;21.58;29.56;30.36
515;3.108;4.62;21.48;29.56;30.02
516;3.108;4.62;21.48;29.67;29.8
517;3.107;4.62;21.48;29.67;30.02
518;3.105;4.62;21.48;29.67;30.02
519;3.106;4.62;21.48;29.67;30.13
520;3.101;4.62;21.48;29.67;30.13
521;3.101;4.62;21.48;29.67;30.02
522;3.101;4.62;21.48;29.67;30.02
523;3.097;4.62;21.48;29.67;30.13
524;3.098;4.62;21.48;29.78;30.02
525;3.097;4.62;21.48;29.78;30.02
526;3.098;4.62;21.58;29.78;30.13
527;3.095;4.62;21.48;29.78;30.13
528;3.096;4.62;21.48;29.67;30.24
529;3.096;4.62;21.48;29.78;30.13
530;3.095;4.62;21.48;29.78;30.24
531;3.097;4.62;21.48;29.78;30.24
532;3.096;4.62;21.48;29.78;30.24
533;3.097;4.62;21.48;29.78;30.24
534;3.097;4.62;21.48;29.78;30.24
535;3.098;4.62;21.48;29.88;30.24
536;3.098;4.62;21.48;29.78;30.24
537;3.098;4.62;21.48;29.88;30.24
538;3.097;4.62;21.48;29.88;30.24
539;3.099;4.62;21.48;29.88;30.24
540;3.1;4.62;21.48;29.88;30.36
541;3.097;4.62;21.48;29.88;30.36
542;3.095;4.62;21.48;29.88;30.47
543;3.096;4.62;21.48;29.99;30.36
544;3.097;4.62;21.48;29.88;30.36
545;3.097;4.62;21.48;29.99;30.47
546;3.098;4.62;21.48;30.1;30.47
547;3.096;4.62;21.48;29.99;30.47
548;3.092;4.62;21.48;29.56;30.47
549;3.091;4.62;21.48;29.99;30.47
550;3.095;4.62;21.48;30.1;30.13
551;3.094;4.62;21.48;29.99;30.47
552;3.093;4.62;21.48;30.1;30.47
553;3.093;4.62;21.48;30.1;30.47
554;3.091;4.62;21.48;30.1;30.58
555;3.105;4.62;21.48;30.1;30.47
556;3.109;4.62;21.48;30.1;30.47
557;3.108;4.62;21.48;30.1;30.58
558;3.11;4.62;21.48;30.1;30.58
559;3.108;4.62;21.48;30.21;30.58
560;3.11;4.62;21.48;30.1;30.58
561;3.108;4.62;21.48;30.21;30.47
562;3.106;4.62;21.48;30.1;30.58
563;3.106;4.62;21.48;29.78;30.58
564;3.108;4.62;21.48;30.32;30.47
565;3.095;4.62;21.48;30.32;30.58
566;3.091;4.62;21.48;30.21;30.58
567;3.088;4.62;21.48;30.21;30.58
568;3.084;4.62;21.48;30.21;30.69
569;3.082;4.62;21.48;30.21;30.69
570;3.081;4.62;21.48;30.32;30.69
571;3.08;4.62;21.48;30.32;30.69
572;3.076;4.62;21.48;30.1;30.69
573;3.076;4.62;21.48;30.32;30.69
574;3.074;4.62;21.48;30.21;30.69
575;3.071;4.62;21.48;30.32;30.69
576;3.068;4.62;21.48;30.32;30.69
577;3.064;4.62;21.38;30.42;30.69
578;3.066;4.62;21.48;30.32;30.69
579;3.064;4.62;21.48;30.32;30.8
580;3.063;4.62;21.48;30.42;30.8
581;3.062;4.62;21.48;30.42;30.8
582;3.062;4.62;21.48;30.42;30.8
583;3.062;4.62;21.48;30.42;30.8
584;3.062;4.62;21.48;30.42;30.8
585;3.062;4.62;21.48;30.32;30.69
586;3.059;4.62;21.48;30.42;30.8
587;3.058;4.62;21.48;30.53;30.8
588;3.058;4.62;21.48;30.53;30.8
589;3.055;4.62;21.48;30.53;30.8
590;3.055;4.62;21.48;30.64;30.8
591;3.047;4.62;21.48;30.53;30.8
592;3.044;4.62;21.48;30.64;30.91
593;3.051;4.62;21.48;30.53;30.91
594;3.053;4.62;21.48;30.42;30.91
595;3.054;4.62;21.48;30.53;30.91
596;3.055;4.62;21.48;30.53;30.91
597;3.054;4.62;21.48;30.53;30.91
598;3.05;4.62;21.48;30.64;30.91
599;3.051;4.62;21.48;30.64;30.91
600;3.053;4.62;21.48;30.64;30.91
601;3.052;4.62;21.48;30.64;30.91
602;3.052;4.62;21.48;30.64;30.91
603;3.054;4.62;21.48;30.64;30.91
604;3.061;4.62;21.48;30.75;31.02
605;3.062;4.62;21.48;30.75;31.02
606;3.088;4.62;21.48;30.75;31.02
607;3.09;4.62;21.48;30.64;31.02
608;3.09;4.62;21.48;30.75;31.02
609;3.089;4.62;21.48;30.64;31.02
610;3.09;4.62;21.48;30.75;31.02
611;3.088;4.62;21.48;30.75;31.02
612;3.087;4.62;21.58;30.75;31.13
613;3.087;4.62;21.48;30.75;31.13
614;3.089;4.62;21.48;30.75;31.13
615;3.087;4.62;21.48;30.86;31.13
616;3.089;4.62;21.48;30.86;31.02
617;3.087;4.62;21.48;30.86;31.13
618;3.087;4.62;21.48;30.86;31.25
619;3.083;4.62;21.48;30.86;31.25
620;3.084;4.62;21.48;30.86;31.13
621;3.083;4.62;21.48;31.29;31.25
622;3.082;4.62;21.48;30.86;31.13
623;3.081;4.62;21.48;30.86;31.13
624;3.079;4.62;21.48;30.86;31.13
625;3.079;4.62;21.48;30.86;31.58
626;3.079;4.62;21.48;30.86;31.13
627;3.079;4.62;21.48;30.86;31.25
628;3.08;4.62;21.38;31.07;31.25
629;3.077;4.62;21.28;30.96;31.25
630;3.076;4.62;21.48;30.96;31.25
631;3.076;4.62;21.48;30.96;31.25
632;3.076;4.62;21.48;30.96;31.25
633;3.075;4.62;21.48;30.96;31.25
634;3.074;4.62;21.48;30.96;31.25
635;3.073;4.62;21.48;30.96;31.36
636;3.075;4.62;21.48;31.07;31.36
637;3.075;4.62;21.38;30.96;31.36
638;3.074;4.62;21.48;31.07;31.25
639;3.074;4.62;21.38;30.96;31.36
640;3.074;4.62;21.48;31.07;31.25
641;3.074;4.62;21.48;30.96;31.25
642;3.074;4.62;21.38;30.96;31.25
643;3.074;4.62;21.38;31.07;31.36
644;3.073;4.62;21.38;31.07;31.36
645;3.071;4.62;21.38;31.18;31.47
646;3.073;4.62;21.38;31.07;31.36
647;3.072;4.62;21.38;31.07;31.47
648;3.071;4.62;21.38;31.07;31.47
649;3.071;4.62;21.38;31.18;31.47
650;3.068;4.62;21.38;31.18;31.47
651;3.066;4.62;21.38;31.18;31.47
652;3.067;4.62;21.38;31.18;31.47
653;3.067;4.62;21.38;30.96;31.47
654;3.065;4.62;21.38;31.18;31.47
655;3.063;4.62;21.38;31.29;31.47
656;3.062;4.62;21.38;31.18;31.58
657;3.064;4.62;21.38;31.18;31.58
658;3.064;4.62;21.38;31.18;31.58
659;3.063;4.62;21.38;31.29;31.58
660;3.061;4.62;21.38;31.29;31.58
661;3.059;4.62;21.38;31.29;31.58
662;3.057;4.62;21.38;31.29;31.58
663;3.055;4.62;21.48;31.29;31.58
664;3.05;4.62;21.38;31.29;31.58
665;3.048;4.62;21.38;31.29;31.58
666;3.047;4.62;21.38;31.29;31.58
667;3.043;4.62;21.48;31.51;31.7
668;3.04;4.62;21.38;31.29;31.58
669;3.035;4.62;21.38;31.4;31.58
670;3.028;4.62;21.38;31.18;31.7
671;3.016;4.62;21.38;31.4;31.7
672;3.02;4.62;21.38;31.4;31.7
673;3.019;4.62;21.38;31.4;31.7
674;3.018;4.62;21.38;31.4;31.7
675;3.017;4.62;21.48;31.4;31.7
676;3.015;4.62;21.38;31.4;31.7
677;3.015;4.62;21.48;31.51;31.7
678;3.019;4.62;21.38;31.4;31.7
679;3.024;4.62;21.38;31.4;31.81
680;3.025;4.62;21.48;31.4;31.13
681;3.022;4.62;21.48;31.4;31.81
682;3.022;4.62;21.38;31.51;31.81
683;3.021;4.62;21.38;31.4;31.81
684;3.019;4.62;21.38;31.51;31.81
685;3.018;4.62;21.48;31.51;31.81
686;3.019;4.62;21.38;31.51;31.92
687;3.016;4.62;21.38;31.51;31.81
688;3.017;4.62;21.38;31.51;31.81
689;3.02;4.62;21.38;31.51;31.81
690;3.018;4.62;21.38;31.51;31.81
691;3.018;4.62;21.48;31.73;31.81
692;3.02;4.62;21.48;31.62;31.81
693;3.021;4.62;21.48;31.51;31.81
694;3.022;4.62;21.48;31.62;31.92
695;3.017;4.62;21.48;31.62;31.92
696;3.015;4.62;21.48;31.62;31.92
697;3.017;4.62;21.48;31.62;31.92
698;3.022;4.62;21.48;31.62;31.92
699;3.017;4.62;21.48;31.62;31.92
700;3.014;4.62;21.58;31.62;31.92
701;3.011;4.62;21.48;31.62;31.92
702;3.012;4.62;21.48;31.73;31.36
703;3.018;4.62;21.58;31.73;31.92
704;3.017;4.62;21.58;31.62;31.92
705;3.009;4.62;21.58;31.73;32.15
706;3.012;4.62;21.58;31.73;32.04
707;3.009;4.62;21.58;31.73;32.04
708;3.008;4.62;21.58;31.95;32.04
709;3.013;4.62;21.58;31.73;32.04
710;3.01;4.62;21.58;31.73;32.04
711;3.009;4.62;21.58;31.73;32.04
712;3.007;4.62;21.68;31.73;32.04
713;3.005;4.62;21.68;31.84;32.04
714;3.004;4.62;21.68;31.84;32.04
715;3.006;4.62;21.68;31.73;32.04
716;3.005;4.62;21.58;31.73;31.92
717;3.007;4.62;21.68;31.84;32.04
718;3.02;4.62;21.58;31.84;32.04
719;3.019;4.62;21.68;31.84;32.15
720;3.023;4.62;21.58;31.95;32.15
721;3.021;4.62;21.68;31.84;32.04
722;3.023;4.62;21.58;31.95;32.15
723;3.017;4.62;21.58;31.84;32.04
724;3.014;4.62;21.68;31.84;32.15
725;3.006;4.62;21.58;31.95;32.15
726;3.005;4.62;21.58;31.95;32.26
727;3.005;4.62;21.58;31.95;32.15
728;3.005;4.62;21.58;31.95;32.15
729;3.003;4.62;21.58;32.06;32.15
730;3.003;4.62;21.58;32.06;32.26
731;3.003;4.62;21.58;32.06;32.26
732;3.003;4.62;21.58;32.06;32.26
733;3.003;4.62;21.58;32.06;32.15
734;3.002;4.62;21.58;32.06;32.15
735;3.0;4.62;21.58;32.17;32.61
736;3.0;4.62;21.68;32.06;32.26
737;2.999;4.62;21.58;32.06;33.18
738;2.999;4.62;21.58;32.17;32.38
739;2.999;4.62;21.58;32.06;32.83
740;2.999;4.62;21.68;32.06;32.38
741;2.999;4.62;21.58;32.17;32.26
742;2.999;4.62;21.58;32.17;32.26
743;3.0;4.62;21.68;32.28;32.38
744;2.998;4.62;21.68;32.28;32.26
745;2.998;4.62;21.58;32.17;32.38
746;2.997;4.62;21.58;32.28;32.26
747;2.999;4.62;21.68;32.17;32.26
748;2.996;4.62;21.68;32.17;32.26
749;2.995;4.62;21.68;32.17;32.26
750;2.995;4.62;21.68;32.28;31.25
751;2.995;4.62;21.58;32.28;32.26
752;2.993;4.62;21.68;32.28;32.38
753;2.99;4.62;21.68;32.28;32.38
754;2.993;4.62;21.58;32.28;32.38
755;2.992;4.62;21.58;32.28;32.38
756;2.993;4.62;21.58;32.28;32.38
757;2.992;4.62;21.58;32.28;32.38
758;2.991;4.62;21.58;32.17;32.49
759;2.988;4.62;21.58;32.39;32.38
760;2.987;4.62;21.58;32.28;32.38
761;2.987;4.62;21.58;32.28;32.38
762;2.985;4.62;21.58;32.28;32.49
763;2.985;4.62;21.58;31.29;32.38
764;2.984;4.62;21.58;32.39;32.38
765;2.989;4.62;21.58;32.39;32.38
766;3.023;4.62;21.58;32.39;32.49
767;3.012;4.62;21.58;32.39;32.15
768;2.99;4.62;21.58;32.5;32.49
769;2.986;4.62;21.58;32.5;32.49
770;2.985;4.62;21.58;32.5;32.95
771;2.983;4.62;21.68;32.39;32.49
772;2.977;4.62;21.58;32.39;32.49
773;2.975;4.62;21.58;32.5;32.49
774;2.976;4.62;21.58;32.39;32.49
775;2.975;4.62;21.58;32.39;32.49
776;2.977;4.62;21.58;32.5;32.49
777;2.976;4.62;21.58;32.5;32.61
778;2.975;4.62;21.58;32.5;32.49
779;2.974;4.62;21.58;32.5;32.49
780;2.971;4.62;21.58;32.61;32.61
781;2.987;4.62;21.58;32.5;32.72
782;3.012;4.62;21.58;32.61;32.61
783;3.005;4.62;21.58;32.5;32.61
784;3.006;4.62;21.58;32.5;32.61
785;3.011;4.62;21.58;32.61;32.61
786;3.011;4.62;21.58;32.5;32.49
787;3.01;4.62;21.58;32.5;32.49
788;3.01;4.62;21.58;32.61;32.61
789;3.008;4.62;21.58;32.61;32.61
790;3.009;4.62;21.58;32.61;32.61
791;3.007;4.62;21.58;32.61;32.72
792;3.003;4.62;21.58;32.61;32.72
793;3.003;4.62;21.58;32.61;32.72
794;3.001;4.62;21.58;32.61;32.72
795;3.001;4.62;21.58;32.72;32.72
796;3.0;4.62;21.58;32.72;32.72
797;3.0;4.62;21.58;32.72;32.72
798;2.999;4.62;21.68;32.72;32.72
799;2.998;4.62;21.48;32.72;32.72
800;2.999;4.62;21.58;32.83;32.83
801;2.998;4.62;21.58;32.72;32.83
802;2.999;4.62;21.68;32.83;32.83
803;3.001;4.62;21.58;32.94;32.83
804;3.001;4.62;21.48;32.72;32.83
805;3.002;4.62;21.48;32.72;32.83
806;3.002;4.62;21.58;32.72;32.83
807;3.003;4.62;21.48;32.83;32.83
808;3.005;4.62;21.58;33.38;32.83
809;3.008;4.62;21.58;32.83;32.83
810;3.007;4.62;21.48;32.72;32.83
811;3.009;4.62;21.48;32.83;32.83
812;3.008;4.62;21.48;32.83;32.83
813;3.006;4.62;21.58;32.83;32.83
814;3.007;4.62;21.48;32.83;32.83
815;3.007;4.62;21.48;32.94;32.95
816;3.005;4.62;21.48;32.83;32.72
817;3.004;4.62;21.48;32.83;32.83
818;3.005;4.62;21.48;32.83;32.95
819;3.003;4.62;21.48;32.83;32.95
820;3.002;4.62;21.48;32.72;32.95
821;3.003;4.62;21.48;32.83;32.95
822;3.004;4.62;21.48;32.72;32.83
823;3.006;4.62;21.48;32.72;32.95
824;3.007;4.62;21.48;32.94;32.95
825;3.007;4.62;21.58;32.83;32.95
826;3.005;4.62;21.48;32.94;32.95
827;3.005;4.62;21.48;32.94;32.95
828;3.003;4.62;21.48;32.94;33.06
829;3.003;4.62;21.48;32.94;33.06
830;3.001;4.62;21.48;32.94;32.95
831;3.002;4.62;21.48;32.94;32.72
832;3.001;4.62;21.48;32.94;32.95
833;3.004;4.62;21.48;33.05;33.06
834;3.001;4.62;21.48;33.05;33.06
835;3.003;4.62;21.48;32.94;33.06
836;3.005;4.62;21.48;33.05;33.06
837;3.005;4.62;21.48;33.05;33.18
838;3.004;4.62;21.48;33.05;33.06
839;3.003;4.62;21.38;33.05;33.18
840;3.003;4.62;21.48;33.05;33.06
841;3.002;4.62;21.48;33.16;33.06
842;3.003;4.62;21.48;33.05;33.06
843;3.005;4.62;21.48;33.05;33.18
844;3.003;4.62;21.48;32.94;33.18
845;3.001;4.62;21.48;33.05;33.18
846;3.001;4.62;21.48;33.05;33.18
847;2.999;4.62;21.48;33.05;33.18
848;2.999;4.62;21.48;32.94;33.18
849;2.998;4.62;21.48;33.05;33.18
850;2.997;4.62;21.48;33.16;33.18
851;2.998;4.62;21.48;33.05;33.18
852;2.998;4.62;21.48;32.94;33.18
853;2.997;4.62;21.48;33.16;33.18
854;2.996;4.62;21.48;33.16;33.29
855;2.996;4.62;21.48;33.16;33.18
856;2.995;4.62;21.48;33.05;33.29
857;2.992;4.62;21.48;33.16;33.29
858;2.991;4.62;21.48;33.16;33.29
859;2.994;4.62;21.48;33.27;33.29
860;2.994;4.62;21.48;33.16;33.18
861;2.994;4.62;21.48;33.05;33.29
862;2.993;4.62;21.48;33.16;33.41
863;2.995;4.62;21.48;33.38;33.29
864;2.994;4.62;21.68;33.27;33.29
865;2.995;4.62;21.48;33.05;33.29
866;2.996;4.62;21.48;33.27;33.29
867;2.995;4.62;21.48;33.16;33.41
868;2.995;4.62;21.48;33.27;33.41
869;2.994;4.62;21.48;33.27;33.41
870;2.993;4.62;21.58;33.27;33.41
871;2.99;4.62;21.48;33.27;33.41
872;2.988;4.62;21.48;33.27;33.41
873;2.987;4.62;21.48;33.27;33.29
874;2.986;4.62;21.48;33.27;33.41
875;2.986;4.62;21.48;33.27;33.41
876;2.985;4.62;21.48;33.27;33.64
877;2.982;4.62;21.48;33.38;33.29
878;2.981;4.62;21.48;33.5;33.53
879;2.979;4.62;21.48;33.38;33.41
880;2.978;4.62;21.48;33.27;33.76
881;2.978;4.62;21.48;33.38;33.53
882;2.978;4.62;21.48;33.38;33.53
883;2.976;4.62;21.58;33.38;33.53
884;2.976;4.62;21.48;33.38;33.53
885;2.976;4.62;21.48;33.38;33.41
886;2.976;4.62;21.48;33.38;33.53
887;2.976;4.62;21.48;33.38;33.53
888;2.976;4.62;21.58;33.5;33.53
889;2.976;4.62;21.48;33.38;33.53
890;2.977;4.62;21.48;33.38;33.53
891;2.976;4.62;21.48;33.61;33.64
892;2.977;4.62;21.38;33.5;33.53
893;2.974;4.62;21.48;33.5;33.53
894;2.973;4.62;21.48;33.5;33.53
895;2.972;4.62;21.48;33.5;33.53
896;2.972;4.62;21.48;33.5;33.64
897;2.974;4.62;21.48;33.61;33.41
898;2.974;4.62;21.48;33.61;33.64
899;2.973;4.62;21.48;33.61;33.64
900;2.971;4.62;21.48;33.61;33.53
901;2.97;4.62;21.48;33.61;33.64
902;2.971;4.62;21.48;33.61;33.64
903;2.976;4.62;21.48;33.5;33.53
904;2.973;4.62;21.48;33.61;33.64
905;2.973;4.62;21.48;33.61;33.53
906;2.973;4.62;21.48;33.61;33.76
907;2.972;4.62;21.48;33.61;33.64
908;2.97;4.62;21.58;33.61;33.64
909;2.971;4.62;21.48;33.61;33.76
910;2.969;4.62;21.48;33.72;33.76
911;2.966;4.62;21.48;33.61;33.76
912;2.967;4.62;21.48;33.83;33.76
913;2.966;4.62;21.48;33.5;33.76
914;2.966;4.62;21.48;33.72;33.76
915;2.966;4.62;21.48;33.72;33.87
916;2.967;4.62;21.48;33.72;33.76
917;2.965;4.62;21.48;33.72;33.76
918;2.963;4.62;21.48;33.72;33.87
919;2.964;4.62;21.48;33.72;33.76
920;2.963;4.62;21.48;33.72;33.76
921;2.968;4.62;21.58;33.72;33.87
922;2.97;4.62;21.48;33.72;33.76
923;2.971;4.62;21.48;33.72;33.87
924;2.969;4.62;21.48;33.72;33.76
925;2.967;4.62;21.48;33.83;33.87
926;2.966;4.62;21.48;33.72;33.76
927;2.97;4.62;21.48;33.83;33.87
928;2.967;4.62;21.58;33.83;33.87
929;2.966;4.62;21.48;33.83;33.99
930;2.964;4.62;21.48;33.83;33.87
931;2.967;4.62;21.48;33.72;33.87
932;2.964;4.62;21.58;33.72;33.87
933;2.964;4.62;21.58;33.83;33.99
934;2.964;4.62;21.48;33.94;33.99
935;2.963;4.62;21.48;33.83;33.99
936;2.963;4.62;21.48;33.83;33.87
937;2.964;4.62;21.48;33.83;33.87
938;2.964;4.62;21.48;33.94;33.99
939;2.961;4.62;21.48;33.83;33.87
940;2.962;4.62;21.58;33.83;33.99
941;2.962;4.62;21.48;33.94;33.99
942;2.961;4.62;21.48;33.83;33.99
943;2.962;4.62;21.48;33.94;34.11
944;2.962;4.62;21.48;33.94;33.99
945;2.96;4.62;21.48;33.94;33.99
946;2.961;4.62;21.58;33.94;33.99
947;2.958;4.62;21.48;33.94;34.11
948;2.956;4.62;21.48;33.94;34.11
949;2.958;4.62;21.48;34.06;34.58
950;2.955;4.62;21.48;33.94;34.11
951;2.951;4.62;21.48;33.94;34.11
952;2.946;4.62;21.48;34.06;34.23
953;2.944;4.62;21.48;34.17;34.11
954;2.942;4.62;21.48;33.83;34.11
955;2.941;4.62;21.48;34.06;34.11
956;2.941;4.62;21.48;33.94;34.11
957;2.939;4.62;21.48;34.06;34.11
958;2.937;4.62;21.48;34.06;34.11
959;2.935;4.62;21.58;34.06;34.23
960;2.934;4.62;21.48;34.06;34.11
961;2.936;4.62;21.48;34.06;34.11
962;2.935;4.62;21.48;34.06;34.11
963;2.929;4.62;21.48;34.06;34.23
964;2.923;4.62;21.48;34.06;34.23
965;2.922;4.62;21.48;34.06;34.11
966;2.918;4.62;21.48;34.06;34.23
967;2.918;4.62;21.48;34.06;34.11
968;2.909;4.62;21.48;34.17;34.11
969;2.911;4.62;21.48;34.17;34.23
970;2.912;4.62;21.48;34.06;34.23
971;2.914;4.62;21.48;34.17;34.34
972;2.917;4.62;21.48;34.17;34.23
973;2.915;4.62;21.48;34.17;34.23
974;2.916;4.62;21.48;34.06;34.23
975;2.916;4.62;21.48;34.17;34.34
976;2.914;4.62;21.48;34.17;34.23
977;2.911;4.62;21.48;34.17;34.34
978;2.907;4.62;21.48;34.28;34.34
979;2.906;4.62;21.48;34.17;34.46
980;2.909;4.62;21.48;34.17;34.34
981;2.908;4.62;21.58;34.17;34.34
982;2.909;4.62;21.48;34.17;34.34
983;2.908;4.62;21.58;34.06;34.46
984;2.907;4.62;21.48;34.17;34.34
985;2.906;4.62;21.48;34.4;34.34
986;2.904;4.62;21.48;34.17;34.34
987;2.902;4.62;21.48;34.28;34.34
988;2.902;4.62;21.48;34.28;34.34
989;2.903;4.62;21.48;34.28;34.46
990;2.9;4.62;21.48;34.28;34.34
991;2.902;4.62;21.48;34.28;34.34
992;2.902;4.62;21.48;34.28;34.34
993;2.902;4.62;21.48;34.28;34.34
994;2.904;4.62;21.48;34.28;34.46
995;2.905;4.62;21.48;34.28;34.46
996;2.905;4.62;21.48;34.28;34.46
997;2.905;4.62;21.48;34.28;34.46
998;2.904;4.62;21.48;34.4;34.46
999;2.902;4.62;21.48;34.4;34.46
1000;2.901;4.62;21.48;34.4;34.46
1001;2.9;4.62;21.48;34.4;34.11
1002;2.898;4.62;21.48;34.51;34.58
1003;2.896;4.62;21.48;34.28;34.46
1004;2.898;4.62;21.38;34.4;34.46
1005;2.895;4.62;21.48;34.4;34.46
1006;2.894;4.62;21.48;34.4;34.58
1007;2.893;4.62;21.48;34.4;34.58
1008;2.887;4.62;21.48;34.4;34.58
1009;2.888;4.62;21.48;34.4;34.58
1010;2.89;4.62;21.48;34.4;34.58
1011;2.891;4.62;21.48;34.4;34.58
1012;2.894;4.62;21.48;34.51;34.58
1013;2.889;4.62;21.48;34.51;34.58
1014;2.887;4.62;21.48;34.51;34.46
1015;2.886;4.62;21.48;34.51;34.58
1016;2.888;4.62;21.48;34.51;34.58
1017;2.891;4.62;21.48;34.51;34.58
1018;2.884;4.62;21.48;34.51;34.58
1019;2.883;4.62;21.48;34.51;34.7
1020;2.881;4.62;21.48;34.51;34.58
1021;2.881;4.62;21.48;34.51;34.58
1022;2.881;4.62;21.48;34.4;34.81
1023;2.882;4.62;21.48;34.51;34.58
1024;2.88;4.62;21.48;34.51;34.46
1025;2.878;4.62;21.48;34.51;34.7
1026;2.874;4.62;21.48;34.62;34.7
1027;2.874;4.62;21.48;34.62;34.7
1028;2.874;4.62;21.48;34.62;34.58
1029;2.874;4.62;21.48;34.62;34.81
1030;2.875;4.62;21.48;34.51;34.7
1031;2.876;4.62;21.48;34.62;34.7
1032;2.876;4.62;21.48;34.74;34.81
1033;2.874;4.62;21.48;34.62;34.7
1034;2.873;4.62;21.48;34.51;34.7
1035;2.873;4.62;21.48;34.62;34.7
1036;2.876;4.62;21.48;34.62;34.81
1037;2.876;4.62;21.48;34.62;34.81
1038;2.884;4.62;21.48;34.62;34.7
1039;2.879;4.62;21.48;34.74;34.7
1040;2.877;4.62;21.48;34.62;34.81
1041;2.876;4.62;21.48;34.62;34.7
1042;2.877;4.62;21.48;34.74;34.81
1043;2.875;4.62;21.48;34.74;34.81
1044;2.873;4.62;21.48;34.74;34.81
1045;2.872;4.62;21.48;34.85;34.81
1046;2.866;4.62;21.48;34.74;34.81
1047;2.864;4.62;21.48;34.62;34.81
1048;2.867;4.62;21.48;34.74;34.81
1049;2.867;4.62;21.48;34.51;34.81
1050;2.866;4.62;21.48;34.74;34.81
1051;2.867;4.62;21.48;34.74;34.81
1052;2.867;4.62;21.48;34.74;34.81
1053;2.864;4.62;21.48;34.85;34.93
1054;2.862;4.62;21.48;34.85;34.81
1055;2.858;4.62;21.48;34.74;34.81
1056;2.857;4.62;21.48;34.85;34.93
1057;2.864;4.62;21.58;34.85;34.81
1058;2.865;4.62;21.48;34.85;35.17
1059;2.867;4.62;21.48;34.85;34.93
1060;2.865;4.62;21.48;34.85;34.93
1061;2.864;4.62;21.48;34.85;34.93
1062;2.866;4.62;21.48;34.85;35.05
1063;2.865;4.62;21.48;34.85;34.93
1064;2.865;4.62;21.48;34.85;34.93
1065;2.865;4.62;21.48;34.85;34.93
1066;2.866;4.62;21.48;34.85;34.93
1067;2.856;4.62;21.48;34.85;34.93
1068;2.854;4.62;21.48;34.85;34.93
1069;2.855;4.62;21.48;34.85;34.93
1070;2.853;4.62;21.48;34.96;34.93
1071;2.854;4.62;21.48;34.85;35.05
1072;2.856;4.62;21.48;34.85;34.93
1073;2.855;4.62;21.48;34.96;35.05
1074;2.857;4.62;21.48;34.96;34.58
1075;2.874;4.62;21.48;34.74;35.05
1076;2.867;4.62;21.48;34.62;35.05
1077;2.867;4.62;21.48;34.96;35.05
1078;2.872;4.62;21.48;34.96;35.05
1079;2.867;4.62;21.58;34.96;35.05
1080;2.864;4.62;21.48;34.96;35.17
1081;2.864;4.62;21.48;35.08;34.93
1082;2.862;4.62;21.48;34.85;35.05
1083;2.859;4.62;21.48;35.19;34.93
1084;2.856;4.62;21.48;34.96;35.05
1085;2.857;4.62;21.48;34.96;35.05
1086;2.858;4.62;21.48;35.08;35.05
1087;2.857;4.62;21.48;35.08;35.05
1088;2.856;4.62;21.48;35.08;35.17
1089;2.855;4.62;21.48;34.96;35.05
1090;2.855;4.62;21.48;35.08;35.05
1091;2.853;4.62;21.48;35.08;35.05
1092;2.853;4.62;21.48;35.08;35.05
1093;2.852;4.62;21.48;35.19;35.05
1094;2.852;4.62;21.48;34.85;35.29
1095;2.849;4.62;21.48;35.08;35.05
1096;2.847;4.62;21.48;35.08;35.17
1097;2.848;4.62;21.48;35.08;35.17
1098;2.846;4.62;21.48;35.08;35.17
1099;2.847;4.62;21.48;35.19;35.17
1100;2.847;4.62;21.48;35.08;35.17
1101;2.849;4.62;21.58;35.08;35.17
1102;2.849;4.62;21.48;35.19;35.17
1103;2.848;4.62;21.48;35.19;35.17
1104;2.85;4.62;21.48;35.19;35.17
1105;2.85;4.62;21.58;35.19;35.29
1106;2.852;4.62;21.38;35.08;35.17
1107;2.858;4.62;21.48;35.19;35.17
1108;2.864;4.62;21.48;35.19;35.17
1109;2.862;4.62;21.48;35.08;35.17
1110;2.86;4.62;21.48;35.3;35.17
1111;2.859;4.62;21.48;35.3;35.17
1112;2.857;4.62;21.48;35.19;35.41
1113;2.858;4.62;21.48;35.19;35.17
1114;2.857;4.62;21.48;35.19;35.17
1115;2.866;4.62;21.48;35.3;35.17
1116;2.89;4.62;21.28;35.42;35.29
1117;2.875;4.62;21.48;35.3;35.17
1118;2.869;4.62;21.48;35.3;35.29
1119;2.868;4.62;21.48;35.3;35.29
1120;2.866;4.62;21.58;35.19;35.17
1121;2.865;4.62;21.58;35.3;35.29
1122;2.864;4.62;21.58;35.76;35.17
1123;2.864;4.62;21.58;35.3;35.05
1124;2.864;4.62;21.58;35.08;35.17
1125;2.864;4.62;21.58;35.3;35.29
1126;2.863;4.62;21.58;35.42;35.29
1127;2.863;4.62;21.58;35.3;35.17
1128;2.862;4.62;21.68;35.3;35.29
1129;2.861;4.62;21.58;35.42;35.29
1130;2.86;4.62;21.58;35.42;35.29
1131;2.86;4.62;21.68;35.53;35.17
1132;2.86;4.62;21.58;35.3;35.53
1133;2.859;4.62;21.58;35.42;35.29
1134;2.859;4.62;21.68;35.42;35.41
1135;2.859;4.62;21.58;35.3;34.58
1136;2.857;4.62;21.58;35.42;35.29
1137;2.857;4.62;21.68;35.88;35.29
1138;2.855;4.62;21.58;35.19;35.89
1139;2.849;4.62;21.58;35.42;35.29
1140;2.843;4.62;21.48;35.53;35.29
1141;2.84;4.62;21.68;35.65;35.29
1142;2.839;4.62;21.58;35.42;35.29
1143;2.842;4.62;21.58;35.53;35.41
1144;2.844;4.62;21.58;35.53;35.41
1145;2.846;4.62;21.68;35.42;35.41
1146;2.844;4.62;21.58;35.53;35.41
1147;2.847;4.62;21.58;35.53;35.41
1148;2.845;4.62;21.68;35.53;35.41
1149;2.844;4.62;21.58;35.53;35.41
1150;2.844;4.62;21.68;35.53;35.41
1151;2.837;4.62;21.68;35.53;35.05
1152;2.834;4.62;21.58;35.53;35.41
1153;2.829;4.62;21.58;35.53;35.41
1154;2.819;4.62;21.58;35.53;35.41
1155;2.823;4.62;21.58;35.53;35.41
1156;2.831;4.62;21.58;35.53;35.41
1157;2.831;4.62;21.58;35.53;35.41
1158;2.87;4.62;21.58;35.53;35.41
1159;2.871;4.62;21.58;35.53;35.41
1160;2.869;4.62;21.58;35.65;35.53
1161;2.87;4.62;21.58;35.65;35.41
1162;2.866;4.62;21.58;35.65;35.53
1163;2.862;4.62;21.68;35.53;35.53
1164;2.856;4.62;21.68;35.65;35.53
1165;2.853;4.62;21.68;35.65;35.53
1166;2.853;4.62;21.58;35.65;35.53
1167;2.852;4.62;21.58;35.65;35.53
1168;2.853;4.62;21.58;35.65;35.53
1169;2.857;4.62;21.58;35.65;35.65
1170;2.851;4.62;21.58;35.65;35.53
1171;2.849;4.62;21.58;35.65;35.53
1172;2.848;4.62;21.58;35.65;35.53
1173;2.849;4.62;21.58;35.88;35.53
1174;2.855;4.62;21.58;35.76;35.53
1175;2.862;4.62;21.58;35.65;35.53
1176;2.863;4.62;21.58;35.76;35.65
1177;2.863;4.62;21.58;35.76;35.65
1178;2.863;4.62;21.58;35.65;35.65
1179;2.862;4.62;21.58;35.76;35.53
1180;2.861;4.62;21.58;35.65;35.65
1181;2.851;4.62;21.58;35.76;35.65
1182;2.847;4.62;21.58;35.3;35.65
1183;2.843;4.62;21.58;35.76;35.65
1184;2.84;4.62;21.58;35.76;35.65
1185;2.841;4.62;21.58;35.76;35.41
1186;2.839;4.62;21.58;35.65;35.77
1187;2.837;4.62;21.58;35.76;35.65
1188;2.836;4.62;21.58;35.76;35.65
1189;2.835;4.62;21.58;35.76;35.77
1190;2.833;4.62;21.58;35.76;35.65
1191;2.833;4.62;21.58;35.76;35.65
1192;2.832;4.62;21.58;35.76;35.65
1193;2.832;4.62;21.58;35.88;35.77
1194;2.829;4.62;21.58;35.76;35.65
1195;2.811;4.62;21.58;35.88;35.05
1196;2.809;4.62;21.58;35.76;35.77
1197;2.806;4.62;21.58;35.76;35.77
1198;2.808;4.62;21.58;35.88;35.77
1199;2.804;4.62;21.58;35.88;35.65
1200;2.805;4.62;21.58;35.88;35.65
1201;2.804;4.62;21.58;35.88;35.77
1202;2.807;4.62;21.58;35.88;35.77
1203;2.812;4.62;21.58;35.88;35.89
1204;2.814;4.62;21.58;35.88;35.77
1205;2.815;4.62;21.58;35.88;35.89
1206;2.821;4.62;21.58;35.88;35.89
1207;2.821;4.62;21.58;35.88;35.77
1208;2.82;4.62;21.58;35.88;35.65
1209;2.818;4.62;21.58;35.88;35.89
1210;2.819;4.62;21.58;35.88;35.89
1211;2.817;4.62;21.58;35.88;35.77
1212;2.816;4.62;21.58;35.88;35.77
1213;2.814;4.62;21.58;36.34;35.89
1214;2.811;4.62;21.58;35.99;35.89
1215;2.808;4.62;21.58;35.65;35.77
1216;2.809;4.62;21.58;35.99;35.89
1217;2.808;4.62;21.58;35.99;35.89
1218;2.81;4.62;21.58;35.99;35.65
1219;2.81;4.62;21.58;35.99;35.89
1220;2.81;4.62;21.48;35.99;35.89
1221;2.808;4.62;21.58;36.11;36.01
1222;2.808;4.62;21.58;36.11;35.89
1223;2.805;4.62;21.58;35.99;35.89
1224;2.805;4.62;21.58;35.99;36.01
1225;2.795;4.62;21.58;36.11;35.89
1226;2.793;4.62;21.58;36.11;35.77
1227;2.796;4.62;21.58;36.22;35.89
1228;2.795;4.62;21.58;36.11;35.77
1229;2.794;4.62;21.58;35.99;36.01
1230;2.794;4.62;21.48;36.11;35.89
1231;2.794;4.62;21.48;36.11;35.89
1232;2.793;4.62;21.48;36.11;35.89
1233;2.79;4.62;21.58;36.11;35.89
1234;2.791;4.62;21.58;35.99;36.74
1235;2.792;4.62;21.58;36.11;35.89
1236;2.791;4.62;21.48;36.11;36.37
1237;2.791;4.62;21.48;36.11;36.01
1238;2.789;4.62;21.48;36.11;36.01
1239;2.795;4.62;21.58;36.11;36.01
1240;2.796;4.62;21.58;36.11;36.01
1241;2.794;4.62;21.48;36.11;36.01
1242;2.794;4.62;21.58;36.11;36.01
1243;2.794;4.62;21.58;36.11;36.01
1244;2.794;4.62;21.48;36.22;36.01
1245;2.796;4.62;21.58;36.11;36.01
1246;2.798;4.62;21.58;36.22;36.01
1247;2.789;4.62;21.48;36.22;36.13
1248;2.796;4.62;21.58;36.22;36.01
1249;2.8;4.62;21.58;36.22;36.01
1250;2.801;4.62;21.58;36.22;36.01
1251;2.8;4.62;21.58;36.22;36.13
1252;2.8;4.62;21.48;36.11;36.01
1253;2.796;4.62;21.58;36.22;36.13
1254;2.797;4.62;21.58;35.76;36.13
1255;2.795;4.62;21.58;36.22;36.13
1256;2.79;4.62;21.58;36.22;36.25
1257;2.792;4.62;21.58;36.22;36.01
1258;2.79;4.62;21.58;36.22;36.13
1259;2.788;4.62;21.58;36.22;36.13
1260;2.787;4.62;21.58;36.22;36.13
1261;2.787;4.62;21.48;36.22;36.13
1262;2.786;4.62;21.58;36.22;36.13
1263;2.784;4.62;21.58;36.22;36.13
1264;2.782;4.62;21.58;36.22;36.13
1265;2.778;4.62;21.58;36.22;36.13
1266;2.781;4.62;21.58;36.22;36.13
1267;2.783;4.62;21.48;36.22;36.13
1268;2.784;4.62;21.58;36.34;36.13
1269;2.785;4.62;21.48;36.34;36.37
1270;2.785;4.62;21.48;36.46;36.13
1271;2.782;4.62;21.48;36.34;36.13
1272;2.783;4.62;21.48;36.34;36.13
1273;2.782;4.62;21.48;36.34;36.13
1274;2.783;4.62;21.48;36.34;36.13
1275;2.783;4.62;21.48;36.34;36.25
1276;2.781;4.62;21.68;36.34;36.25
1277;2.782;4.62;21.48;36.34;36.25
1278;2.783;4.62;21.48;36.34;36.13
1279;2.783;4.62;21.48;36.46;35.89
1280;2.783;4.62;21.48;36.34;36.25
1281;2.782;4.62;21.48;36.34;36.25
1282;2.783;4.62;21.48;36.34;36.25
1283;2.783;4.62;21.48;36.34;36.98
1284;2.784;4.62;21.48;36.46;36.01
1285;2.782;4.62;21.48;36.34;36.25
1286;2.781;4.62;21.48;36.46;36.25
1287;2.781;4.62;21.48;36.34;36.25
1288;2.783;4.62;21.48;36.46;36.37
1289;2.785;4.62;21.48;36.46;36.25
1290;2.785;4.62;21.48;36.34;36.25
1291;2.783;4.62;21.48;36.46;36.13
1292;2.787;4.62;21.58;36.57;36.25
1293;2.788;4.62;21.48;36.46;36.25
1294;2.795;4.62;21.48;36.46;36.25
1295;2.799;4.62;21.48;36.57;36.37
1296;2.797;4.62;21.58;36.46;36.25
1297;2.795;4.62;21.48;36.46;36.37
1298;2.796;4.62;21.48;36.46;36.37
1299;2.793;4.62;21.48;36.46;36.37
1300;2.79;4.62;21.58;36.57;36.37
1301;2.792;4.62;21.48;36.57;36.25
1302;2.79;4.62;21.48;36.57;36.37
1303;2.819;4.62;21.58;36.46;36.37
1304;2.821;4.62;21.48;36.57;36.37
1305;2.816;4.62;21.48;36.57;36.37
1306;2.812;4.62;21.48;36.46;36.25
1307;2.809;4.62;21.58;36.46;36.37
1308;2.808;4.62;21.48;36.57;36.37
1309;2.808;4.62;21.48;36.34;36.37
1310;2.809;4.62;21.48;36.46;36.37
1311;2.81;4.62;21.58;36.57;37.47
1312;2.813;4.62;21.48;36.57;36.49
1313;2.809;4.62;21.48;36.46;36.61
1314;2.82;4.62;21.48;36.57;36.49
1315;2.819;4.62;21.58;36.57;36.49
1316;2.818;4.62;21.48;36.57;36.49
1317;2.817;4.62;21.48;36.57;36.37
1318;2.817;4.62;21.48;36.46;36.61
1319;2.813;4.62;21.48;36.57;36.37
1320;2.811;4.62;21.48;36.69;36.37
1321;2.804;4.62;21.48;36.69;36.49
1322;2.802;4.62;21.48;36.57;36.49
1323;2.803;4.62;21.48;36.57;36.49
1324;2.803;4.62;21.48;36.69;36.49
1325;2.802;4.62;21.48;36.69;36.49
1326;2.799;4.62;21.48;36.57;36.49
1327;2.8;4.62;21.48;36.69;36.49
1328;2.801;4.62;21.48;36.69;36.49
1329;2.8;4.62;21.48;36.69;36.49
1330;2.796;4.62;21.58;36.69;37.1
1331;2.796;4.62;21.58;36.69;36.49
1332;2.795;4.62;21.48;36.69;36.49
1333;2.794;4.62;21.48;36.69;36.61
1334;2.794;4.62;21.48;36.69;36.49
1335;2.793;4.62;21.58;36.57;36.61
1336;2.791;4.62;21.48;36.69;36.49
1337;2.79;4.62;21.58;36.69;36.61
1338;2.79;4.62;21.58;36.69;36.61
1339;2.789;4.62;21.48;36.81;36.61
1340;2.787;4.62;21.58;36.69;36.61
1341;2.781;4.62;21.48;36.81;36.61
1342;2.778;4.62;21.48;36.81;36.49
1343;2.778;4.62;21.48;36.81;36.61
1344;2.777;4.62;21.48;36.92;36.61
1345;2.77;4.62;21.48;36.81;36.61
1346;2.765;4.62;21.48;36.81;36.61
1347;2.764;4.62;21.48;36.81;36.61
1348;2.762;4.62;21.48;36.81;36.61
1349;2.757;4.62;21.58;36.81;36.61
1350;2.757;4.62;21.48;36.81;36.49
1351;2.757;4.62;21.48;36.81;36.61
1352;2.754;4.62;21.58;36.81;36.74
1353;2.755;4.62;21.48;37.16;36.74
1354;2.758;4.62;21.58;36.81;36.98
1355;2.756;4.62;21.48;36.92;36.61
1356;2.756;4.62;21.48;36.92;36.61
1357;2.756;4.62;21.48;36.92;36.61
1358;2.756;4.62;21.48;36.92;36.61
1359;2.756;4.62;21.48;36.81;36.61
1360;2.759;4.62;21.58;36.81;36.74
1361;2.759;4.62;21.48;36.81;36.74
1362;2.76;4.62;21.48;36.81;36.86
1363;2.758;4.62;21.58;36.92;36.61
1364;2.758;4.62;21.58;36.92;36.74
1365;2.758;4.62;21.58;36.92;36.74
1366;2.759;4.62;21.58;36.92;36.74
1367;2.757;4.62;21.58;36.92;36.74
1368;2.758;4.62;21.48;36.92;36.74
1369;2.759;4.62;21.58;36.92;36.74
1370;2.758;4.62;21.48;36.92;36.74
1371;2.759;4.62;21.48;37.04;36.74
1372;2.76;4.62;21.48;36.92;36.74
1373;2.759;4.62;21.48;36.92;36.74
1374;2.759;4.62;21.58;36.92;36.74
1375;2.76;4.62;21.48;36.92;36.74
1376;2.758;4.62;21.48;36.92;36.74
1377;2.758;4.62;21.48;37.04;36.74
1378;2.759;4.62;21.48;37.04;36.86
1379;2.758;4.62;21.58;37.04;36.74
1380;2.759;4.62;21.48;37.04;36.74
1381;2.758;4.62;21.48;37.04;36.74
1382;2.755;4.62;21.58;37.04;36.86
1383;2.754;4.62;21.48;36.92;36.86
1384;2.75;4.62;21.48;36.92;36.86
1385;2.75;4.62;21.48;37.04;36.37
1386;2.75;4.62;21.48;37.04;36.61
1387;2.751;4.62;21.48;36.92;36.86
1388;2.752;4.62;21.48;37.04;36.86
1389;2.751;4.62;21.58;36.92;36.86
1390;2.748;4.62;21.48;37.04;36.98
1391;2.747;4.62;21.48;37.16;36.86
1392;2.745;4.62;21.58;37.04;36.86
1393;2.748;4.62;21.48;37.04;36.86
1394;2.747;4.62;21.58;37.16;36.86
1395;2.746;4.62;21.48;37.04;36.98
1396;2.748;4.62;21.48;37.16;36.86
1397;2.745;4.62;21.28;37.04;36.98
1398;2.746;4.62;21.58;37.04;36.86
1399;2.746;4.62;21.58;37.16;36.98
1400;2.746;4.62;21.58;37.16;36.86
1401;2.742;4.62;21.58;37.27;36.86
1402;2.74;4.62;21.58;37.04;37.1
1403;2.738;4.62;21.58;37.16;36.98
1404;2.737;4.62;21.58;37.16;36.98
1405;2.738;4.62;21.58;37.16;36.86
1406;2.741;4.62;21.58;37.16;36.98
1407;2.735;4.62;21.58;37.16;36.98
1408;2.736;4.62;21.58;37.27;36.98
1409;2.736;4.62;21.58;37.16;36.98
1410;2.739;4.62;21.58;37.16;36.98
1411;2.737;4.62;21.58;37.04;36.98
1412;2.781;4.62;21.58;37.16;37.1
1413;2.791;4.62;21.58;37.16;36.98
1414;2.791;4.62;21.68;37.63;37.1
1415;2.791;4.62;21.58;37.39;36.98
1416;2.789;4.62;21.58;37.27;36.98
1417;2.79;4.62;21.58;37.27;36.98
1418;2.789;4.62;21.58;37.27;37.1
1419;2.79;4.62;21.58;37.27;37.1
1420;2.791;4.62;21.58;37.16;36.98
1421;2.79;4.62;21.58;37.27;37.1
1422;2.789;4.62;21.58;37.27;36.98
1423;2.787;4.62;21.58;37.27;36.86
1424;2.787;4.62;21.58;37.16;36.98
1425;2.789;4.62;21.58;37.27;37.1
1426;2.787;4.62;21.58;37.16;36.98
1427;2.79;4.62;21.58;37.27;36.98
1428;2.786;4.62;21.58;37.39;36.98
1429;2.791;4.62;21.58;36.92;37.1
1430;2.789;4.62;21.58;37.39;36.98
1431;2.786;4.62;21.48;37.27;37.1
1432;2.787;4.62;21.58;37.39;36.98
1433;2.788;4.62;21.58;37.39;37.1
1434;2.789;4.62;21.48;37.39;37.1
1435;2.787;4.62;21.58;37.39;37.1
1436;2.786;4.62;21.48;37.39;37.1
1437;2.787;4.62;21.48;37.51;37.6
1438;2.788;4.62;21.48;37.39;37.1
1439;2.785;4.62;21.58;37.39;37.1
1440;2.786;4.62;21.48;37.39;37.1
1441;2.786;4.62;21.48;37.39;37.1
1442;2.785;4.62;21.58;37.27;37.35
1443;2.785;4.62;21.48;37.39;37.23
1444;2.783;4.62;21.48;37.51;37.1
1445;2.784;4.62;21.58;37.51;37.1
1446;2.783;4.62;21.48;37.39;37.1
1447;2.783;4.62;21.48;37.51;37.1
1448;2.783;4.62;21.48;37.51;37.1
1449;2.784;4.62;21.48;37.39;37.1
1450;2.782;4.62;21.58;37.51;37.23
1451;2.783;4.62;21.48;37.51;37.1
1452;2.781;4.62;21.48;37.51;37.23
1453;2.78;4.62;21.48;37.39;37.23
1454;2.782;4.62;21.48;37.51;37.1
1455;2.782;4.62;21.48;37.51;37.23
1456;2.782;4.62;21.48;37.51;37.1
1457;2.777;4.62;21.58;37.51;37.1
1458;2.777;4.62;21.48;37.39;37.1
1459;2.777;4.62;21.48;37.51;37.23
1460;2.776;4.62;21.48;37.51;37.23
1461;2.773;4.62;21.48;37.51;37.23
1462;2.772;4.62;21.48;37.51;37.1
1463;2.769;4.62;21.58;37.51;37.23
1464;2.766;4.62;21.48;37.27;37.23
1465;2.767;4.62;21.58;37.63;37.23
1466;2.765;4.62;21.48;37.51;37.23
1467;2.763;4.62;21.48;37.51;37.23
1468;2.761;4.62;21.48;37.51;37.23
1469;2.76;4.62;21.48;37.63;37.23
1470;2.757;4.62;21.58;37.51;37.23
1471;2.756;4.62;21.48;37.51;37.23
1472;2.753;4.62;21.48;37.51;37.23
1473;2.747;4.62;21.48;37.51;37.23
1474;2.736;4.62;21.48;37.51;37.35
1475;2.733;4.62;21.58;37.63;37.23
1476;2.734;4.62;21.58;37.63;37.23
1477;2.736;4.62;21.58;37.63;37.23
1478;2.735;4.62;21.48;37.51;37.23
1479;2.728;4.62;21.48;37.63;37.23
1480;2.771;4.62;21.48;37.63;37.23
1481;2.771;4.62;21.48;37.63;37.35
1482;2.771;4.62;21.48;37.63;37.35
1483;2.77;4.62;21.48;37.51;37.35
1484;2.763;4.62;21.48;37.86;37.35
1485;2.761;4.62;21.48;37.63;37.35
1486;2.757;4.62;21.48;37.51;37.23
1487;2.739;4.62;21.48;37.51;37.23
1488;2.715;4.62;21.48;37.63;37.35
1489;2.716;4.62;21.48;37.63;37.35
1490;2.712;4.62;21.48;37.63;37.35
1491;2.714;4.62;21.48;37.63;37.35
1492;2.714;4.62;21.48;37.63;37.35
1493;2.711;4.62;21.48;37.51;37.47
1494;2.712;4.62;21.48;37.63;37.35
1495;2.711;4.62;21.48;37.63;37.35
1496;2.709;4.62;21.48;37.39;37.47
1497;2.711;4.62;21.48;37.63;37.35
1498;2.711;4.62;21.48;37.63;37.35
1499;2.712;4.62;21.48;37.63;37.35
1500;2.713;4.62;21.48;37.74;37.35
1501;2.712;4.62;21.48;37.63;37.35
1502;2.713;4.62;21.48;37.63;37.47
1503;2.715;4.62;21.48;37.74;37.72
1504;2.715;4.62;21.48;37.63;37.6
1505;2.713;4.62;21.48;38.58;37.35
1506;2.713;4.62;21.48;37.74;37.47
1507;2.716;4.62;21.48;37.51;37.47
1508;2.72;4.62;21.48;37.74;37.47
1509;2.719;4.62;21.48;37.74;37.35
1510;2.72;4.62;21.48;37.74;37.47
1511;2.718;4.62;21.48;37.74;37.47
1512;2.717;4.62;21.48;37.74;37.47
1513;2.716;4.62;21.48;37.74;37.47
1514;2.716;4.62;21.58;37.74;37.47
1515;2.716;4.62;21.48;37.74;37.35
1516;2.715;4.62;21.48;37.74;37.47
1517;2.714;4.62;21.48;37.74;37.35
1518;2.72;4.62;21.48;37.86;37.23
1519;2.719;4.62;21.48;37.86;37.47
1520;2.718;4.62;21.48;37.86;37.47
1521;2.714;4.62;21.48;37.86;37.47
1522;2.711;4.62;21.48;37.86;37.47
1523;2.707;4.62;21.48;37.86;37.47
1524;2.707;4.62;21.48;37.86;37.47
1525;2.708;4.62;21.48;37.86;37.47
1526;2.708;4.62;21.48;37.86;37.47
1527;2.707;4.62;21.48;37.98;37.47
1528;2.707;4.62;21.58;37.86;37.47
1529;2.705;4.62;21.48;37.86;37.35
1530;2.705;4.62;21.58;37.86;37.35
1531;2.706;4.62;21.58;37.98;37.47
1532;2.708;4.62;21.58;37.98;37.47
1533;2.707;4.62;21.58;37.98;37.6
1534;2.716;4.62;21.58;37.98;37.47
1535;2.719;4.62;21.38;37.98;37.47
1536;2.718;4.62;21.58;37.98;37.47
1537;2.718;4.62;21.58;37.98;37.47
1538;2.724;4.62;21.58;37.86;37.35
1539;2.717;4.62;21.58;37.98;37.47
1540;2.712;4.62;21.58;37.98;37.47
1541;2.709;4.62;21.58;37.98;37.47
1542;2.706;4.62;21.58;37.98;37.47
1543;2.705;4.62;21.58;37.98;37.47
1544;2.704;4.62;21.68;37.98;37.47
1545;2.696;4.62;21.68;37.98;37.1
1546;2.698;4.62;21.58;37.98;37.47
1547;2.7;4.62;21.68;37.98;37.47
1548;2.699;4.62;21.58;37.98;38.22
1549;2.697;4.62;21.68;38.1;38.34
1550;2.698;4.62;21.68;37.98;37.47
1551;2.699;4.62;21.68;37.98;37.47
1552;2.696;4.62;21.68;37.98;37.47
1553;2.698;4.62;21.68;37.98;37.47
1554;2.698;4.62;21.68;37.98;37.47
1555;2.698;4.62;21.68;37.98;37.35
1556;2.697;4.62;21.68;37.98;37.47
1557;2.697;4.62;21.68;38.1;37.47
1558;2.698;4.62;21.78;38.1;37.47
1559;2.699;4.62;21.78;38.1;37.35
1560;2.701;4.62;21.78;37.98;37.47
1561;2.698;4.62;21.78;38.22;37.47
1562;2.697;4.62;21.78;38.1;37.47
1563;2.7;4.62;21.78;38.22;37.47
1564;2.697;4.62;21.78;38.1;37.47
1565;2.706;4.62;21.78;38.1;37.47
1566;2.706;4.62;21.78;37.98;37.47
1567;2.704;4.62;21.78;37.98;37.35
1568;2.702;4.62;21.68;38.1;37.6
1569;2.703;4.62;21.78;38.22;36.49
1570;2.703;4.62;21.89;38.22;37.47
1571;2.704;4.62;21.68;38.1;37.47
1572;2.702;4.62;21.68;38.22;37.47
1573;2.7;4.62;21.68;38.22;37.6
1574;2.7;4.62;21.68;38.22;37.47
1575;2.698;4.62;21.68;38.1;37.47
1576;2.697;4.62;21.68;38.22;37.6
1577;2.696;4.62;21.68;38.22;37.47
1578;2.697;4.62;21.68;38.22;37.6
1579;2.695;4.62;21.68;38.1;37.47
1580;2.693;4.62;21.68;38.22;37.6
1581;2.691;4.62;21.68;38.1;37.6
1582;2.689;4.62;21.68;38.34;37.47
1583;2.687;4.62;21.68;38.1;37.47
1584;2.688;4.62;21.68;38.22;37.6
1585;2.689;4.62;21.68;38.22;37.6
1586;2.688;4.62;21.68;38.22;37.47
1587;2.689;4.62;21.68;38.1;37.47
1588;2.691;4.62;21.68;38.22;37.6
1589;2.691;4.62;21.68;38.22;37.47
1590;2.692;4.62;21.68;38.34;37.6
1591;2.692;4.62;21.68;38.22;37.6
1592;2.689;4.62;21.68;38.22;37.6
1593;2.687;4.62;21.89;38.22;37.6
1594;2.688;4.62;21.68;38.34;37.72
1595;2.687;4.62;21.68;38.1;37.6
1596;2.687;4.62;21.68;38.46;37.72
1597;2.688;4.62;21.68;37.27;37.6
1598;2.722;4.62;21.68;38.34;37.6
1599;2.736;4.62;21.68;38.1;37.72
1600;2.743;4.62;21.68;38.34;37.6
1601;2.744;4.62;21.68;38.34;37.6
1602;2.746;4.62;21.68;38.22;37.6
1603;2.741;4.62;21.68;38.34;37.6
1604;2.743;4.62;21.58;38.34;37.72
1605;2.743;4.62;21.58;38.22;37.6
1606;2.74;4.62;21.58;38.34;37.47
1607;2.741;4.62;21.68;38.46;37.84
1608;2.743;4.62;21.58;38.34;37.72
1609;2.739;4.62;21.58;38.34;37.72
1610;2.738;4.62;21.58;38.34;37.72
1611;2.738;4.62;21.58;38.34;37.72
1612;2.738;4.62;21.58;38.58;37.72
1613;2.739;4.62;21.58;38.34;37.72
1614;2.741;4.62;21.58;38.34;37.72
1615;2.74;4.62;21.58;38.34;37.6
1616;2.736;4.62;21.58;38.34;37.72
1617;2.735;4.62;21.58;38.34;37.72
1618;2.731;4.62;21.58;38.34;37.72
1619;2.734;4.62;21.68;38.34;37.84
1620;2.734;4.62;21.58;38.34;37.72
1621;2.737;4.62;21.58;38.46;37.72
1622;2.739;4.62;21.58;38.46;37.84
1623;2.739;4.62;21.58;38.46;37.84
1624;2.735;4.62;21.58;38.46;37.72
1625;2.736;4.62;21.58;38.46;37.84
1626;2.734;4.62;21.48;38.46;37.72
1627;2.735;4.62;21.58;38.34;37.72
1628;2.737;4.62;21.58;38.46;37.72
1629;2.736;4.62;21.58;38.34;37.84
1630;2.733;4.62;21.58;38.46;37.72
1631;2.731;4.62;21.58;38.46;37.84
1632;2.731;4.62;21.58;38.46;37.97
1633;2.731;4.62;21.58;38.58;37.84
1634;2.73;4.62;21.58;38.46;37.84
1635;2.729;4.62;21.58;38.46;37.84
1636;2.729;4.62;21.58;38.58;37.84
1637;2.729;4.62;21.58;38.46;37.97
1638;2.731;4.62;21.58;38.58;37.84
1639;2.729;4.62;21.58;38.46;37.97
1640;2.728;4.62;21.58;38.46;37.84
1641;2.73;4.62;21.58;38.46;37.97
1642;2.73;4.62;21.58;38.58;37.84
1643;2.729;4.62;21.58;38.58;37.97
1644;2.728;4.62;21.58;38.46;37.97
1645;2.728;4.62;21.58;38.58;37.97
1646;2.728;4.62;21.58;38.58;37.97
1647;2.727;4.62;21.58;38.58;37.97
1648;2.726;4.62;21.58;38.58;37.97
1649;2.726;4.62;21.58;38.46;37.84
1650;2.725;4.62;21.48;38.46;37.97
1651;2.725;4.62;21.68;38.58;37.97
1652;2.723;4.62;21.58;38.58;37.97
1653;2.724;4.62;21.58;38.58;37.97
1654;2.724;4.62;21.58;38.58;37.84
1655;2.723;4.62;21.58;38.58;37.97
1656;2.722;4.62;21.58;38.58;37.97
1657;2.723;4.62;21.58;38.58;37.97
1658;2.722;4.62;21.58;38.7;37.97
1659;2.72;4.62;21.58;38.58;37.97
1660;2.72;4.62;21.58;38.7;37.97
1661;2.719;4.62;21.58;38.58;37.97
1662;2.72;4.62;21.48;38.7;38.09
1663;2.718;4.62;21.58;38.7;37.97
1664;2.723;4.62;21.58;38.7;37.97
1665;2.719;4.62;21.58;38.7;37.97
1666;2.718;4.62;21.48;38.7;37.97
1667;2.716;4.62;21.58;38.58;37.97
1668;2.716;4.62;21.58;38.58;38.09
1669;2.715;4.62;21.48;38.7;37.97
1670;2.714;4.62;21.48;38.58;38.09
1671;2.714;4.62;21.48;38.7;38.09
1672;2.714;4.62;21.48;38.7;38.09
1673;2.713;4.62;21.48;38.7;38.09
1674;2.715;4.62;21.48;38.7;38.09
1675;2.714;4.62;21.48;38.7;38.22
1676;2.712;4.62;21.48;38.58;38.09
1677;2.71;4.62;21.48;38.7;38.09
1678;2.71;4.62;21.58;38.82;38.09
1679;2.709;4.62;21.58;38.7;38.09
1680;2.708;4.62;21.48;38.7;38.09
1681;2.706;4.62;21.48;38.7;38.09
1682;2.705;4.62;21.48;38.7;38.09
1683;2.703;4.62;21.48;38.7;38.09
1684;2.701;4.62;21.58;38.7;38.09
1685;2.7;4.62;21.48;38.7;38.22
1686;2.697;4.62;21.48;38.7;38.22
1687;2.696;4.62;21.48;38.7;38.34
1688;2.695;4.62;21.48;38.7;38.22
1689;2.695;4.62;21.48;38.82;38.22
1690;2.693;4.62;21.48;38.82;38.22
1691;2.693;4.62;21.48;38.7;38.22
1692;2.692;4.62;21.48;38.58;38.22
1693;2.691;4.62;21.48;38.82;38.09
1694;2.693;4.62;21.48;38.82;38.22
1695;2.692;4.62;21.58;38.7;38.09
1696;2.691;4.62;21.58;38.94;38.34
1697;2.691;4.62;21.58;38.82;38.22
1698;2.691;4.62;21.48;38.82;38.22
1699;2.69;4.62;21.58;38.82;38.22
1700;2.69;4.62;21.48;38.82;38.22
1701;2.688;4.62;21.58;38.7;38.22
1702;2.684;4.62;21.48;38.82;38.34
1703;2.682;4.62;21.58;38.7;38.22
1704;2.681;4.62;21.48;38.82;38.22
1705;2.678;4.62;21.48;38.82;38.34
1706;2.673;4.62;21.58;38.82;38.22
1707;2.673;4.62;21.58;38.82;38.34
1708;2.67;4.62;21.58;38.82;37.97
1709;2.668;4.62;21.48;38.82;38.34
1710;2.666;4.62;21.48;38.82;38.47
1711;2.65;4.62;21.58;38.82;38.34
1712;2.648;4.62;21.48;38.82;38.34
1713;2.644;4.62;21.48;38.82;38.22
1714;2.641;4.62;21.58;38.82;38.34
1715;2.636;4.62;21.58;38.82;38.34
1716;2.638;4.62;21.58;38.82;38.34
1717;2.639;4.62;21.48;38.94;38.34
1718;2.639;4.62;21.58;38.94;38.34
1719;2.638;4.62;21.48;38.82;38.47
1720;2.635;4.62;21.48;38.82;39.23
1721;2.639;4.62;21.48;39.18;38.47
1722;2.638;4.62;21.48;38.94;38.47
1723;2.64;4.62;21.48;38.94;38.47
1724;2.641;4.62;21.48;38.58;38.47
1725;2.651;4.62;21.48;38.82;38.47
1726;2.657;4.62;21.48;38.94;38.34
1727;2.658;4.62;21.48;38.94;38.47
1728;2.658;4.62;21.48;38.94;38.47
1729;2.651;4.62;21.48;38.94;38.47
1730;2.648;4.62;21.48;38.94;38.47
1731;2.641;4.62;21.48;38.7;38.47
1732;2.641;4.62;21.48;38.94;38.47
1733;2.64;4.62;21.48;38.94;38.47
1734;2.641;4.62;21.48;38.94;38.47
1735;2.638;4.62;21.48;38.94;38.47
1736;2.64;4.62;21.48;39.06;38.47
1737;2.642;4.62;21.48;38.94;38.47
1738;2.645;4.62;21.48;38.94;38.47
1739;2.645;4.62;21.48;39.06;38.6
1740;2.643;4.62;21.48;38.94;38.47
1741;2.649;4.62;21.48;39.06;38.34
1742;2.673;4.62;21.48;38.94;38.6
1743;2.664;4.62;21.48;38.94;38.6
1744;2.654;4.62;21.58;38.94;38.47
1745;2.652;4.62;21.48;39.06;38.6
1746;2.65;4.62;21.48;39.06;38.6
1747;2.644;4.62;21.48;39.06;38.6
1748;2.644;4.62;21.48;39.06;38.6
1749;2.644;4.62;21.48;39.06;38.6
1750;2.645;4.62;21.48;38.94;38.72
1751;2.643;4.62;21.48;39.06;38.6
1752;2.639;4.62;21.48;39.18;38.6
1753;2.631;4.62;21.48;39.06;38.6
1754;2.629;4.62;21.58;39.06;38.6
1755;2.629;4.62;21.48;39.06;38.72
1756;2.631;4.62;21.48;39.18;38.72
1757;2.633;4.62;21.48;39.06;38.6
1758;2.633;4.62;21.48;39.06;38.6
1759;2.633;4.62;21.48;39.18;38.34
1760;2.631;4.62;21.48;39.06;38.72
1761;2.631;4.62;21.48;39.18;38.6
1762;2.633;4.62;21.48;39.06;38.6
1763;2.634;4.62;21.48;39.06;38.6
1764;2.638;4.62;21.48;39.18;38.6
1765;2.631;4.62;21.48;39.18;38.47
1766;2.632;4.62;21.48;39.18;38.6
1767;2.632;4.62;21.48;39.18;38.72
1768;2.636;4.62;21.48;39.3;38.47
1769;2.637;4.62;21.48;39.18;38.72
1770;2.635;4.62;21.48;39.06;38.6
1771;2.634;4.62;21.48;39.18;38.72
1772;2.629;4.62;21.58;39.18;38.72
1773;2.631;4.62;21.58;39.18;38.72
1774;2.628;4.62;21.48;39.18;38.72
1775;2.629;4.62;21.48;39.18;38.72
1776;2.626;4.62;21.48;39.06;38.72
1777;2.627;4.62;21.48;39.18;38.72
1778;2.627;4.62;21.48;39.18;38.6
1779;2.628;4.62;21.48;39.3;38.72
1780;2.627;4.62;21.48;39.18;38.72
1781;2.627;4.62;21.48;39.3;38.72
1782;2.63;4.62;21.48;39.3;38.72
1783;2.633;4.62;21.48;38.94;38.72
1784;2.646;4.62;21.48;39.18;38.72
1785;2.657;4.62;21.48;39.18;38.72
1786;2.655;4.62;21.48;39.3;38.72
1787;2.65;4.62;21.48;39.3;38.72
1788;2.643;4.62;21.48;39.3;38.72
1789;2.638;4.62;21.48;39.18;38.72
1790;2.636;4.62;21.48;39.3;38.85
1791;2.636;4.62;21.48;39.3;38.72
1792;2.632;4.62;21.48;39.3;38.72
1793;2.626;4.62;21.48;39.06;38.85
1794;2.616;4.62;21.48;39.3;38.85
1795;2.618;4.62;21.48;39.18;38.72
1796;2.623;4.62;21.58;39.3;38.85
1797;2.625;4.62;21.58;39.42;38.85
1798;2.624;4.62;21.48;39.3;38.85
1799;2.616;4.62;21.58;39.3;38.72
1800;2.61;4.62;21.48;39.42;38.85
1801;2.611;4.62;21.48;39.18;38.72
1802;2.614;4.62;21.48;39.3;38.85
1803;2.615;4.62;21.48;39.54;38.85
1804;2.614;4.62;21.48;39.3;38.85
1805;2.613;4.62;21.48;39.42;38.85
1806;2.614;4.62;21.48;39.42;38.85
1807;2.606;4.62;21.48;39.42;38.85
1808;2.606;4.62;21.48;39.42;38.85
1809;2.605;4.62;21.48;39.42;38.85
1810;2.608;4.62;21.48;39.42;38.98
1811;2.609;4.62;21.48;39.42;39.1
1812;2.609;4.62;21.48;39.42;38.85
1813;2.61;4.62;21.48;39.42;38.98
1814;2.61;4.62;21.48;39.3;38.98
1815;2.611;4.62;21.48;39.78;38.85
1816;2.608;4.62;21.48;39.42;38.98
1817;2.607;4.62;21.48;39.42;38.98
1818;2.608;4.62;21.48;38.58;38.85
1819;2.606;4.62;21.48;39.3;38.98
1820;2.603;4.62;21.48;39.42;38.98
1821;2.606;4.62;21.48;39.42;38.98
1822;2.614;4.62;21.48;39.42;39.1
1823;2.613;4.62;21.58;39.66;39.1
1824;2.612;4.62;21.48;39.42;38.98
1825;2.613;4.62;21.48;39.42;38.98
1826;2.605;4.62;21.48;39.3;38.98
1827;2.601;4.62;21.48;39.42;38.98
1828;2.602;4.62;21.48;39.42;38.85
1829;2.6;4.62;21.48;39.54;38.98
1830;2.599;4.62;21.58;39.54;38.34
1831;2.6;4.62;21.48;39.54;38.98
1832;2.6;4.62;21.58;39.54;38.98
1833;2.601;4.62;21.48;39.54;38.98
1834;2.6;4.62;21.48;39.42;39.1
1835;2.601;4.62;21.48;39.54;39.1
1836;2.6;4.62;21.48;39.54;38.98
1837;2.6;4.62;21.58;39.54;38.98
1838;2.598;4.62;21.58;39.54;39.1
1839;2.599;4.62;21.58;39.54;39.1
1840;2.6;4.62;21.58;39.54;38.98
1841;2.601;4.62;21.48;39.78;39.1
1842;2.6;4.62;21.58;39.54;39.1
1843;2.601;4.62;21.58;39.54;39.1
1844;2.6;4.62;21.58;39.66;39.1
1845;2.598;4.62;21.58;39.54;39.1
1846;2.599;4.62;21.58;39.66;39.1
1847;2.598;4.62;21.48;39.66;39.1
1848;2.597;4.62;21.58;39.54;39.1
1849;2.597;4.62;21.48;39.78;39.1
1850;2.596;4.62;21.58;39.54;39.1
1851;2.596;4.62;21.58;39.54;39.1
1852;2.596;4.62;21.58;39.66;39.1
1853;2.596;4.62;21.58;39.66;39.23
1854;2.597;4.62;21.58;39.78;39.23
1855;2.597;4.62;21.48;38.46;39.23
1856;2.597;4.62;21.58;39.66;39.23
1857;2.597;4.62;21.58;39.66;39.1
1858;2.595;4.62;21.58;39.78;39.1
1859;2.593;4.62;21.58;39.66;39.23
1860;2.592;4.62;21.58;39.66;39.1
1861;2.592;4.62;21.58;39.66;39.23
1862;2.592;4.62;21.58;39.66;39.1
1863;2.593;4.62;21.48;39.91;39.1
1864;2.591;4.62;21.48;40.15;39.23
1865;2.595;4.62;21.58;39.66;38.6
1866;2.622;4.62;21.58;39.91;39.1
1867;2.631;4.62;21.58;39.78;39.1
1868;2.632;4.62;21.58;39.78;39.23
1869;2.634;4.62;21.48;39.78;39.23
1870;2.633;4.62;21.48;39.78;39.23
1871;2.633;4.62;21.58;39.66;39.23
1872;2.633;4.62;21.48;39.78;39.23
1873;2.63;4.62;21.48;39.91;39.23
1874;2.63;4.62;21.48;39.78;39.1
1875;2.63;4.62;21.58;39.66;39.23
1876;2.63;4.62;21.48;39.78;39.1
1877;2.628;4.62;21.48;39.78;39.23
1878;2.633;4.62;21.58;39.78;39.23
1879;2.63;4.62;21.48;39.78;39.23
1880;2.629;4.62;21.48;39.78;39.36
1881;2.629;4.62;21.48;39.78;39.36
1882;2.626;4.62;21.48;40.15;39.36
1883;2.628;4.62;21.48;39.91;39.36
1884;2.627;4.62;21.48;39.91;39.36
1885;2.626;4.62;21.48;39.91;39.36
1886;2.627;4.62;21.48;39.91;39.36
1887;2.624;4.62;21.48;39.91;39.36
1888;2.623;4.62;21.48;39.91;39.23
1889;2.622;4.62;21.48;39.78;39.36
1890;2.624;4.62;21.48;39.91;39.36
1891;2.62;4.62;21.48;39.91;39.36
1892;2.62;4.62;21.48;39.91;39.36
1893;2.619;4.62;21.48;39.91;39.49
1894;2.62;4.62;21.48;40.03;39.23
1895;2.619;4.62;21.48;39.91;39.36
1896;2.619;4.62;21.48;39.91;39.36
1897;2.618;4.62;21.48;40.03;39.36
1898;2.616;4.62;21.48;39.91;39.36
1899;2.616;4.62;21.48;39.91;39.36
1900;2.617;4.62;21.48;39.91;39.36
1901;2.615;4.62;21.48;39.91;39.36
1902;2.615;4.62;21.48;39.91;39.36
1903;2.615;4.62;21.48;40.03;39.36
1904;2.614;4.62;21.48;39.91;39.36
1905;2.615;4.62;21.48;39.91;39.36
1906;2.617;4.62;21.48;39.91;39.49
1907;2.615;4.62;21.48;40.15;39.49
1908;2.615;4.62;21.48;39.91;39.49
1909;2.614;4.62;21.48;40.03;39.36
1910;2.616;4.62;21.48;40.03;39.49
1911;2.615;4.62;21.38;39.54;39.49
1912;2.613;4.62;21.48;40.03;39.49
1913;2.614;4.62;21.48;40.03;39.49
1914;2.61;4.62;21.48;40.03;39.49
1915;2.61;4.62;21.58;40.03;39.49
1916;2.611;4.62;21.58;40.03;39.49
1917;2.608;4.62;21.58;40.03;39.36
1918;2.61;4.62;21.68;40.03;39.61
1919;2.611;4.62;21.58;40.03;39.61
1920;2.609;4.62;21.58;40.03;39.49
1921;2.608;4.62;21.58;40.03;39.49
1922;2.607;4.62;21.58;40.15;39.49
1923;2.607;4.62;21.58;40.03;39.49
1924;2.605;4.62;21.58;40.27;39.49
1925;2.604;4.62;21.58;40.03;39.49
1926;2.604;4.62;21.58;40.15;39.61
1927;2.605;4.62;21.58;40.15;39.61
1928;2.603;4.62;21.58;40.15;39.49
1929;2.603;4.62;21.58;40.15;39.49
1930;2.604;4.62;21.58;40.15;39.61
1931;2.602;4.62;21.58;40.15;39.61
1932;2.602;4.62;21.58;40.15;39.61
1933;2.602;4.62;21.58;40.15;39.61
1934;2.603;4.62;21.58;40.15;39.49
1935;2.602;4.62;21.58;40.15;39.61
1936;2.6;4.62;21.58;40.15;39.74
1937;2.6;4.62;21.58;40.27;39.74
1938;2.6;4.62;21.58;40.27;39.61
1939;2.6;4.62;21.58;40.27;39.61
1940;2.598;4.62;21.68;40.03;39.49
1941;2.596;4.62;21.58;40.27;39.61
1942;2.598;4.62;21.58;40.27;39.61
1943;2.596;4.62;21.58;40.27;39.61
1944;2.596;4.62;21.58;40.27;40.13
1945;2.595;4.62;21.68;40.27;39.61
1946;2.596;4.62;21.58;40.52;39.1
1947;2.594;4.62;21.58;40.27;40.13
1948;2.597;4.62;21.58;40.27;39.61
1949;2.595;4.62;21.58;40.27;39.1
1950;2.592;4.62;21.58;40.4;39.74
1951;2.593;4.62;21.58;40.27;39.74
1952;2.593;4.62;21.58;40.15;39.74
1953;2.594;4.62;21.58;40.27;39.87
1954;2.593;4.62;21.58;40.4;39.61
1955;2.594;4.62;21.58;40.4;39.61
1956;2.593;4.62;21.58;40.4;39.74
1957;2.593;4.62;21.58;40.4;39.74
1958;2.591;4.62;21.58;40.4;39.61
1959;2.591;4.62;21.58;40.4;39.74
1960;2.589;4.62;21.58;40.4;39.61
1961;2.588;4.62;21.58;40.4;39.61
1962;2.586;4.62;21.58;40.4;39.74
1963;2.586;4.62;21.58;40.4;39.74
1964;2.586;4.62;21.48;40.4;39.74
1965;2.585;4.62;21.58;40.27;39.61
1966;2.584;4.62;21.58;40.52;39.61
1967;2.584;4.62;21.58;40.4;39.74
1968;2.582;4.62;21.58;40.4;39.74
1969;2.582;4.62;21.58;40.4;39.74
1970;2.584;4.62;21.58;40.4;39.74
1971;2.584;4.62;21.58;40.4;39.74
1972;2.582;4.62;21.58;40.4;39.74
1973;2.583;4.62;21.58;40.4;39.49
1974;2.583;4.62;21.58;40.52;39.74
1975;2.581;4.62;21.58;40.4;39.61
1976;2.581;4.62;21.58;40.52;39.74
1977;2.579;4.62;21.58;40.52;39.74
1978;2.577;4.62;21.58;40.4;39.74
1979;2.576;4.62;21.58;40.4;39.74
1980;2.576;4.62;21.58;40.52;39.74
1981;2.574;4.62;21.58;40.52;39.74
1982;2.573;4.62;21.58;40.52;39.74
1983;2.572;4.62;21.48;40.52;39.74
1984;2.571;4.62;21.48;40.52;39.87
1985;2.57;4.62;21.58;40.52;39.74
1986;2.568;4.62;21.58;40.52;39.74
1987;2.566;4.62;21.58;40.52;39.87
1988;2.564;4.62;21.58;40.52;39.87
1989;2.56;4.62;21.48;40.52;39.87
1990;2.558;4.62;21.48;40.64;39.74
1991;2.553;4.62;21.58;40.52;39.87
1992;2.55;4.62;21.48;40.64;40.0
1993;2.546;4.62;21.58;40.52;39.87
1994;2.521;4.62;21.58;40.52;39.87
1995;2.521;4.62;21.48;40.52;39.87
1996;2.518;4.62;21.58;40.52;39.87
1997;2.519;4.62;21.58;40.52;39.87
1998;2.518;4.62;21.58;40.52;40.0
1999;2.57;4.62;21.58;40.64;40.0
2000;2.558;4.62;21.58;40.64;39.87
2001;2.551;4.62;21.58;40.52;39.87
2002;2.534;4.62;21.58;40.52;39.87
2003;2.523;4.62;21.58;40.52;39.87
2004;2.524;4.62;21.58;40.64;39.87
2005;2.524;4.62;21.58;40.77;39.87
2006;2.52;4.62;21.58;40.64;39.87
2007;2.518;4.62;21.58;40.64;40.13
2008;2.519;4.62;21.58;40.64;40.0
2009;2.518;4.62;21.58;40.77;40.0
2010;2.518;4.62;21.58;40.64;40.0
2011;2.523;4.62;21.58;40.64;40.0
2012;2.526;4.62;21.58;40.64;40.0
2013;2.527;4.62;21.58;40.64;40.0
2014;2.527;4.62;21.48;40.64;40.0
2015;2.526;4.62;21.58;40.64;40.0
2016;2.526;4.62;21.58;40.64;40.0
2017;2.526;4.62;21.58;40.77;40.0
2018;2.525;4.62;21.58;40.64;40.0
2019;2.525;4.62;21.58;40.64;39.87
2020;2.524;4.62;21.58;40.64;40.0
2021;2.524;4.62;21.58;40.77;40.0
2022;2.523;4.62;21.58;40.77;40.13
2023;2.521;4.62;21.58;40.77;40.13
2024;2.521;4.62;21.58;40.77;40.0
2025;2.521;4.62;21.58;40.77;40.0
2026;2.52;4.62;21.58;40.77;39.87
2027;2.518;4.62;21.58;40.77;40.0
2028;2.519;4.62;21.58;40.64;39.87
2029;2.518;4.62;21.58;40.77;40.0
2030;2.517;4.62;21.58;40.89;40.13
2031;2.515;4.62;21.58;40.77;40.13
2032;2.513;4.62;21.58;40.77;40.13
2033;2.512;4.62;21.58;40.77;40.13
2034;2.511;4.62;21.58;40.89;40.13
2035;2.511;4.62;21.58;40.77;40.13
2036;2.51;4.62;21.58;40.77;40.13
2037;2.508;4.62;21.58;40.89;40.13
2038;2.51;4.62;21.58;40.89;40.0
2039;2.509;4.62;21.68;40.77;40.0
2040;2.507;4.62;21.58;40.89;40.26
2041;2.507;4.62;21.58;40.89;40.13
2042;2.506;4.62;21.58;40.89;40.0
2043;2.505;4.62;21.58;41.01;40.26
2044;2.504;4.62;21.58;40.89;40.13
2045;2.502;4.62;21.58;40.89;40.13
2046;2.502;4.62;21.58;41.01;40.13
2047;2.501;4.62;21.58;40.89;40.26
2048;2.501;4.62;21.58;40.89;40.0
2049;2.541;4.62;21.58;40.89;40.13
2050;2.538;4.62;21.58;41.14;40.13
2051;2.523;4.62;21.58;40.77;40.26
2052;2.492;4.62;21.58;41.01;40.13
