time;voltage;current;ambient_temperature;surface_temperature_plus;surface_temperature_minus
0;0.003;0.0;20.77;19.06;19.62
1;3.223;4.485;20.77;19.16;19.92
2;3.193;4.62;20.77;19.16;19.72
3;3.21;4.62;20.77;19.26;19.62
4;3.204;4.62;20.77;19.26;19.62
5;3.203;4.62;20.77;19.26;19.62
6;3.195;4.62;20.77;19.16;19.62
7;3.196;4.62;20.77;19.26;19.72
8;3.196;4.62;20.77;19.26;19.52
9;3.197;4.62;20.77;19.26;19.82
10;3.196;4.62;20.77;18.86;19.72
11;3.19;4.62;20.77;19.16;19.62
12;3.187;4.62;20.77;19.26;19.52
13;3.185;4.62;20.77;19.26;19.82
14;3.18;4.62;20.77;19.26;19.82
15;3.181;4.62;20.77;19.37;19.62
16;3.183;4.62;20.87;19.26;19.72
17;3.183;4.62;20.77;19.37;19.62
18;3.178;4.62;20.77;19.26;19.82
19;3.177;4.62;20.77;19.37;19.72
20;3.175;4.62;20.77;19.37;19.72
21;3.173;4.62;20.77;19.37;19.82
22;3.173;4.62;20.87;19.26;19.92
23;3.169;4.62;20.77;19.37;19.82
24;3.17;4.62;20.77;19.37;19.62
25;3.167;4.62;20.77;19.37;19.82
26;3.169;4.62;20.77;19.47;19.82
27;3.169;4.62;20.77;19.37;19.82
28;3.17;4.62;20.77;19.47;19.82
29;3.169;4.62;20.77;19.47;19.92
30;3.172;4.62;20.87;19.47;20.02
31;3.169;4.62;20.77;19.57;19.92
32;3.169;4.62;20.77;19.57;20.02
33;3.17;4.62;20.77;19.57;19.92
34;3.17;4.62;20.77;19.37;20.12
35;3.169;4.62;20.77;19.67;19.92
36;3.166;4.62;20.77;19.57;20.02
37;3.166;4.62;20.77;19.57;19.82
38;3.169;4.62;20.77;19.67;20.02
39;3.168;4.62;20.77;19.67;20.12
40;3.167;4.62;20.77;19.57;20.12
41;3.169;4.62;20.77;19.87;20.12
42;3.168;4.62;20.87;19.87;20.12
43;3.168;4.62;20.87;19.77;20.12
44;3.168;4.62;20.77;19.77;20.32
45;3.17;4.62;20.77;19.77;20.22
46;3.165;4.62;20.77;19.77;20.22
47;3.166;4.62;20.87;19.77;20.32
48;3.166;4.62;20.98;19.87;20.32
49;3.167;4.62;20.87;19.87;20.22
50;3.165;4.62;20.87;19.97;20.32
51;3.164;4.62;20.87;19.87;20.32
52;3.165;4.62;20.87;19.97;20.42
53;3.162;4.62;20.87;19.97;20.42
54;3.161;4.62;20.87;19.97;20.42
55;3.162;4.62;20.87;19.97;20.32
56;3.164;4.62;20.87;20.07;20.72
57;3.165;4.62;20.87;20.07;20.52
58;3.164;4.62;20.87;20.07;20.52
59;3.166;4.62;20.87;20.07;20.42
60;3.167;4.62;20.87;20.07;20.62
61;3.169;4.62;20.87;20.07;20.82
62;3.169;4.62;20.87;20.17;20.62
63;3.169;4.62;20.87;20.17;20.62
64;3.17;4.62;20.87;20.17;21.02
65;3.17;4.62;20.87;20.17;20.82
66;3.171;4.62;20.87;20.27;20.82
67;3.171;4.62;20.87;20.27;20.82
68;3.171;4.62;20.87;20.27;20.82
69;3.172;4.62;20.87;20.27;21.02
70;3.172;4.62;20.98;20.27;20.92
71;3.174;4.62;20.87;20.37;21.02
72;3.176;4.62;20.87;20.37;20.92
73;3.173;4.62;20.87;20.27;21.02
74;3.174;4.62;20.87;20.37;20.92
75;3.174;4.62;20.87;20.47;20.82
76;3.175;4.62;20.87;20.57;21.02
77;3.175;4.62;20.87;20.57;20.92
78;3.176;4.62;20.98;20.47;21.02
79;3.178;4.62;20.87;20.47;21.02
80;3.174;4.62;20.87;20.57;21.12
81;3.175;4.62;20.87;20.57;21.12
82;3.175;4.62;20.87;20.57;21.12
83;3.175;4.62;20.87;20.67;20.92
84;3.177;4.62;20.87;20.67;21.12
85;3.178;4.62;20.87;20.67;21.22
86;3.178;4.62;20.87;20.57;21.12
87;3.178;4.62;20.98;20.77;21.42
88;3.179;4.62;20.98;20.87;21.22
89;3.178;4.62;20.87;20.87;21.12
90;3.178;4.62;20.98;20.77;21.42
91;3.18;4.62;20.98;20.77;21.42
92;3.18;4.62;20.98;20.87;21.52
93;3.18;4.62;20.98;20.98;21.52
94;3.18;4.62;20.98;20.98;21.42
95;3.179;4.62;20.98;20.87;21.62
96;3.179;4.62;20.98;21.08;21.52
97;3.178;4.62;20.98;20.98;21.52
98;3.18;4.62;20.98;20.98;21.42
99;3.18;4.62;20.98;21.08;21.62
100;3.182;4.62;20.98;21.08;21.62
101;3.181;4.62;20.98;21.08;21.62
102;3.181;4.62;20.98;21.08;21.73
103;3.181;4.62;20.98;21.18;22.33
104;3.18;4.62;21.08;21.08;21.83
105;3.181;4.62;20.98;21.18;21.83
106;3.181;4.62;20.98;21.18;21.83
107;3.18;4.62;21.08;21.28;21.22
108;3.18;4.62;20.98;21.28;21.83
109;3.18;4.62;20.98;21.18;21.83
110;3.18;4.62;20.98;21.38;22.13
111;3.18;4.62;20.98;21.58;21.93
112;3.18;4.62;21.08;21.28;21.93
113;3.18;4.62;21.18;21.48;22.23
114;3.18;4.62;20.98;21.38;22.03
115;3.18;4.62;20.98;21.38;22.03
116;3.181;4.62;20.98;21.38;22.03
117;3.181;4.62;21.08;21.58;22.13
118;3.181;4.62;20.98;21.48;22.13
119;3.182;4.62;20.98;21.48;21.83
120;3.183;4.62;20.98;21.58;22.13
121;3.183;4.62;21.08;21.48;22.13
122;3.182;4.62;21.08;21.58;22.23
123;3.183;4.62;20.98;21.68;22.23
124;3.183;4.62;20.98;21.68;22.23
125;3.182;4.62;20.98;21.68;22.23
126;3.183;4.62;20.98;21.68;22.43
127;3.182;4.62;20.98;21.78;22.33
128;3.181;4.62;21.08;21.89;22.53
129;3.182;4.62;20.98;22.19;22.53
130;3.181;4.62;20.98;21.68;22.43
131;3.182;4.62;20.98;21.78;22.43
132;3.182;4.62;20.98;21.78;22.33
133;3.183;4.62;20.98;21.89;22.64
134;3.182;4.62;20.98;21.99;22.43
135;3.182;4.62;20.98;21.99;22.53
136;3.182;4.62;20.98;21.99;22.64
137;3.183;4.62;20.98;21.99;22.64
138;3.183;4.62;20.98;22.8;22.64
139;3.183;4.62;20.98;21.99;22.64
140;3.183;4.62;20.98;21.99;22.84
141;3.183;4.62;20.98;22.09;22.84
142;3.183;4.62;20.98;22.09;22.74
143;3.183;4.62;20.87;22.19;22.74
144;3.183;4.62;20.87;22.39;23.15
145;3.183;4.62;20.87;22.09;22.74
146;3.183;4.62;20.98;22.19;22.84
147;3.182;4.62;20.87;22.19;22.84
148;3.182;4.62;20.98;22.29;22.94
149;3.182;4.62;20.98;22.39;22.94
150;3.183;4.62;20.98;22.29;22.94
151;3.183;4.62;20.98;22.19;22.94
152;3.182;4.62;20.98;22.49;22.94
153;3.183;4.62;20.98;22.39;23.04
154;3.183;4.62;20.98;22.39;23.15
155;3.183;4.62;20.98;22.39;23.04
156;3.184;4.62;20.98;22.49;22.94
157;3.184;4.62;20.98;22.49;23.15
158;3.183;4.62;21.08;22.6;23.25
159;3.183;4.62;20.98;22.6;23.25
160;3.183;4.62;20.98;22.6;23.25
161;3.184;4.62;20.98;22.6;23.45
162;3.184;4.62;20.98;22.6;23.04
163;3.184;4.62;20.98;22.7;23.25
164;3.184;4.62;20.98;22.6;23.35
165;3.184;4.62;21.08;22.6;23.35
166;3.183;4.62;20.98;22.6;23.15
167;3.183;4.62;21.08;22.8;23.35
168;3.183;4.62;20.98;22.7;23.45
169;3.183;4.62;21.08;22.8;23.45
170;3.183;4.62;21.08;22.8;23.45
171;3.184;4.62;21.08;22.8;23.45
172;3.183;4.62;20.98;22.9;23.56
173;3.183;4.62;20.98;22.9;23.56
174;3.182;4.62;21.08;23.0;23.76
175;3.182;4.62;20.98;23.0;23.45
176;3.182;4.62;21.08;23.0;23.25
177;3.182;4.62;21.08;23.0;23.66
178;3.182;4.62;21.08;23.0;23.66
179;3.181;4.62;21.08;23.21;23.45
180;3.181;4.62;21.08;23.1;23.86
181;3.181;4.62;21.08;23.0;23.86
182;3.182;4.62;21.08;23.1;23.76
183;3.182;4.62;21.08;23.1;23.97
184;3.182;4.62;21.08;23.21;23.86
185;3.181;4.62;21.08;23.21;23.86
186;3.18;4.62;21.18;23.0;23.86
187;3.18;4.62;21.08;23.1;23.86
188;3.18;4.62;21.08;23.21;23.86
189;3.18;4.62;21.08;23.31;23.97
190;3.181;4.62;21.08;23.21;23.86
191;3.181;4.62;21.08;23.31;23.97
192;3.181;4.62;20.98;23.31;23.97
193;3.181;4.62;20.98;23.31;24.07
194;3.181;4.62;20.98;23.31;24.07
195;3.18;4.62;20.98;23.41;24.17
196;3.18;4.62;20.98;23.41;24.07
197;3.182;4.62;21.18;23.41;24.07
198;3.179;4.62;20.98;23.51;24.17
199;3.178;4.62;20.98;23.51;24.17
200;3.178;4.62;20.98;23.51;24.38
201;3.178;4.62;20.98;23.51;24.17
202;3.177;4.62;20.98;23.61;24.17
203;3.177;4.62;20.98;23.51;25.31
204;3.177;4.62;21.38;23.61;24.28
205;3.176;4.62;20.98;23.61;24.28
206;3.176;4.62;20.98;23.61;24.28
207;3.176;4.62;21.08;23.72;24.38
208;3.175;4.62;20.98;23.82;24.38
209;3.176;4.62;21.08;24.02;24.28
210;3.176;4.62;21.08;23.82;24.38
211;3.177;4.62;21.08;23.72;24.48
212;3.177;4.62;21.08;23.72;24.69
213;3.177;4.62;21.08;24.02;24.69
214;3.176;4.62;21.08;23.82;24.48
215;3.177;4.62;21.08;23.92;24.48
216;3.176;4.62;21.08;24.02;25.0
217;3.176;4.62;21.08;24.02;24.48
218;3.177;4.62;20.98;23.82;24.59
219;3.175;4.62;20.98;23.92;24.59
220;3.176;4.62;21.08;24.02;24.69
221;3.176;4.62;20.98;24.02;24.69
222;3.177;4.62;20.98;24.13;24.59
223;3.176;4.62;20.98;24.02;24.69
224;3.176;4.62;20.98;24.02;24.59
225;3.174;4.62;20.98;24.23;24.79
226;3.174;4.62;20.98;24.13;24.9
227;3.173;4.62;21.08;24.13;24.79
228;3.173;4.62;20.98;24.23;24.9
229;3.173;4.62;20.98;24.23;24.79
230;3.172;4.62;20.98;24.13;24.9
231;3.172;4.62;20.98;24.23;24.9
232;3.172;4.62;20.98;24.23;24.9
233;3.172;4.62;20.98;24.23;24.9
234;3.172;4.62;20.98;24.33;24.9
235;3.172;4.62;20.98;24.33;25.0
236;3.172;4.62;20.98;24.33;25.0
237;3.171;4.62;20.98;24.43;25.0
238;3.171;4.62;20.98;24.43;25.0
239;3.17;4.62;20.98;24.43;25.0
240;3.172;4.62;20.98;24.54;25.0
241;3.173;4.62;20.87;24.33;25.31
242;3.171;4.62;21.08;24.54;25.1
243;3.17;4.62;20.98;24.54;25.1
244;3.17;4.62;20.98;24.54;25.1
245;3.17;4.62;20.87;24.54;25.21
246;3.169;4.62;20.98;24.54;25.21
247;3.17;4.62;21.08;24.64;25.21
248;3.17;4.62;20.98;24.64;25.21
249;3.169;4.62;20.98;24.64;25.21
250;3.169;4.62;20.98;24.64;25.21
251;3.169;4.62;20.98;24.64;25.42
252;3.168;4.62;20.98;24.64;25.42
253;3.167;4.62;20.98;24.74;25.21
254;3.169;4.62;20.98;24.74;25.42
255;3.169;4.62;20.98;24.23;25.31
256;3.168;4.62;20.98;24.85;25.31
257;3.168;4.62;20.98;24.85;25.42
258;3.168;4.62;20.98;24.95;25.42
259;3.168;4.62;20.98;24.85;25.42
260;3.168;4.62;20.87;24.95;25.42
261;3.168;4.62;20.98;24.85;25.42
262;3.168;4.62;20.87;24.95;25.52
263;3.167;4.62;20.87;24.95;25.52
264;3.168;4.62;20.87;25.05;25.52
265;3.167;4.62;20.87;24.85;25.73
266;3.167;4.62;20.87;25.05;25.84
267;3.167;4.62;20.87;25.05;25.73
268;3.167;4.62;20.87;25.05;26.47
269;3.167;4.62;20.98;25.05;25.73
270;3.167;4.62;20.98;25.15;25.73
271;3.168;4.62;20.87;24.95;25.63
272;3.167;4.62;20.98;25.15;25.73
273;3.167;4.62;20.87;25.26;25.84
274;3.167;4.62;20.98;25.15;25.94
275;3.167;4.62;20.98;25.26;25.84
276;3.167;4.62;20.98;25.26;25.73
277;3.167;4.62;20.87;25.26;25.84
278;3.168;4.62;20.98;25.36;25.84
279;3.168;4.62;20.98;25.36;26.04
280;3.168;4.62;20.98;25.36;25.84
281;3.168;4.62;20.98;25.57;25.63
282;3.167;4.62;20.98;25.36;25.94
283;3.167;4.62;20.98;25.46;25.94
284;3.168;4.62;20.98;25.46;25.94
285;3.168;4.62;20.98;25.57;26.04
286;3.168;4.62;20.98;25.46;26.15
287;3.169;4.62;20.98;25.46;25.94
288;3.17;4.62;20.98;25.57;25.94
289;3.17;4.62;20.98;25.57;26.15
290;3.169;4.62;20.98;25.57;26.04
291;3.169;4.62;20.98;25.57;26.15
292;3.169;4.62;20.98;25.57;26.15
293;3.17;4.62;20.98;25.57;26.04
294;3.171;4.62;20.98;25.67;26.04
295;3.172;4.62;20.98;25.67;26.36
296;3.174;4.62;20.98;25.67;26.15
297;3.173;4.62;20.98;25.67;26.26
298;3.174;4.62;20.98;25.67;26.26
299;3.175;4.62;20.98;25.78;26.26
300;3.175;4.62;20.98;25.78;26.26
301;3.175;4.62;20.98;25.78;26.15
302;3.175;4.62;20.87;25.78;26.26
303;3.176;4.62;20.87;25.88;26.26
304;3.175;4.62;20.87;25.88;26.36
305;3.176;4.62;20.87;25.98;26.47
306;3.176;4.62;20.87;25.88;26.36
307;3.177;4.62;20.87;25.88;26.36
308;3.177;4.62;20.87;25.98;26.36
309;3.177;4.62;20.87;25.98;26.57
310;3.178;4.62;20.87;25.98;26.26
311;3.178;4.62;20.87;26.09;26.26
312;3.178;4.62;20.87;26.09;26.68
313;3.178;4.62;20.87;26.09;26.47
314;3.179;4.62;20.87;26.09;26.57
315;3.179;4.62;20.87;26.09;26.57
316;3.179;4.62;20.87;26.09;26.57
317;3.179;4.62;20.87;26.19;26.57
318;3.179;4.62;20.98;26.5;26.89
319;3.179;4.62;20.87;26.09;26.57
320;3.179;4.62;20.98;26.09;26.68
321;3.179;4.62;20.87;26.19;26.57
322;3.179;4.62;20.98;26.19;26.68
323;3.178;4.62;20.98;26.29;26.57
324;3.178;4.62;20.98;26.61;26.47
325;3.178;4.62;20.98;26.19;26.68
326;3.178;4.62;20.98;26.19;26.68
327;3.178;4.62;20.98;26.29;26.78
328;3.178;4.62;20.98;26.29;26.68
329;3.177;4.62;20.98;26.19;26.57
330;3.177;4.62;20.98;26.5;26.78
331;3.177;4.62;20.98;26.4;26.78
332;3.177;4.62;21.08;26.4;26.89
333;3.177;4.62;20.98;26.4;27.31
334;3.177;4.62;20.98;26.5;26.89
335;3.177;4.62;21.08;26.5;26.78
336;3.177;4.62;21.08;26.4;26.68
337;3.176;4.62;21.08;26.5;26.89
338;3.176;4.62;21.08;26.71;27.1
339;3.176;4.62;21.08;26.5;27.0
340;3.176;4.62;21.08;26.5;27.0
341;3.176;4.62;21.08;26.5;27.0
342;3.176;4.62;21.08;26.5;27.1
343;3.176;4.62;21.08;26.61;27.0
344;3.176;4.62;21.08;26.61;27.0
345;3.176;4.62;21.08;26.61;27.1
346;3.176;4.62;20.98;26.61;27.21
347;3.176;4.62;21.08;26.71;27.21
348;3.176;4.62;21.08;26.71;27.1
349;3.176;4.62;21.08;26.61;27.1
350;3.176;4.62;21.08;26.71;27.21
351;3.176;4.62;21.08;26.71;27.31
352;3.176;4.62;21.18;26.71;27.21
353;3.176;4.62;21.08;26.71;27.21
354;3.176;4.62;21.18;26.82;27.21
355;3.176;4.62;21.18;26.82;27.21
356;3.176;4.62;21.18;26.82;27.31
357;3.175;4.62;21.18;26.82;27.31
358;3.175;4.62;21.18;26.82;27.21
359;3.175;4.62;21.18;26.82;27.21
360;3.175;4.62;21.18;26.82;27.21
361;3.175;4.62;21.18;26.82;27.21
362;3.174;4.62;21.18;26.82;27.0
363;3.174;4.62;21.18;26.92;27.42
364;3.174;4.62;21.18;27.02;27.21
365;3.174;4.62;21.08;26.92;27.31
366;3.173;4.62;21.18;26.92;27.42
367;3.173;4.62;21.18;27.02;27.31
368;3.173;4.62;21.18;27.02;27.31
369;3.172;4.62;21.18;26.92;27.64
370;3.172;4.62;21.18;27.02;28.6
371;3.172;4.62;21.18;27.02;27.64
372;3.171;4.62;21.18;27.02;27.53
373;3.171;4.62;21.18;27.13;27.42
374;3.171;4.62;21.18;27.13;27.21
375;3.17;4.62;21.18;27.13;27.53
376;3.17;4.62;21.08;27.13;27.53
377;3.169;4.62;21.18;27.13;27.96
378;3.169;4.62;21.08;27.13;27.64
379;3.169;4.62;21.08;27.23;27.53
380;3.168;4.62;21.18;27.23;27.53
381;3.168;4.62;21.08;27.23;27.64
382;3.168;4.62;21.08;27.23;27.64
383;3.168;4.62;21.08;27.23;27.74
384;3.168;4.62;21.08;27.13;27.53
385;3.167;4.62;21.08;27.34;27.64
386;3.167;4.62;21.08;27.23;27.64
387;3.167;4.62;21.08;27.34;27.74
388;3.166;4.62;21.08;27.23;27.74
389;3.166;4.62;21.18;27.34;27.74
390;3.166;4.62;21.08;27.34;27.74
391;3.165;4.62;21.08;27.34;27.85
392;3.165;4.62;21.08;27.34;27.64
393;3.165;4.62;21.08;27.55;28.06
394;3.164;4.62;21.08;27.44;27.85
395;3.164;4.62;20.98;27.34;27.96
396;3.164;4.62;21.08;27.44;27.85
397;3.163;4.62;21.08;27.55;27.85
398;3.163;4.62;21.08;27.44;27.85
399;3.163;4.62;21.08;27.55;28.17
400;3.163;4.62;20.98;27.65;27.85
401;3.163;4.62;20.98;27.55;27.96
402;3.162;4.62;20.98;27.55;27.96
403;3.162;4.62;20.98;27.65;27.96
404;3.162;4.62;20.98;27.65;27.85
405;3.161;4.62;20.98;27.65;28.06
406;3.161;4.62;21.18;27.65;27.74
407;3.161;4.62;20.98;28.08;28.17
408;3.16;4.62;20.98;27.44;28.06
409;3.16;4.62;20.98;27.65;27.74
410;3.16;4.62;20.98;27.76;28.06
411;3.16;4.62;20.98;27.76;28.06
412;3.159;4.62;20.98;27.76;28.28
413;3.159;4.62;20.98;27.76;27.96
414;3.159;4.62;20.98;27.76;28.06
415;3.158;4.62;20.87;27.97;28.17
416;3.158;4.62;20.87;27.86;28.17
417;3.158;4.62;20.87;27.86;28.28
418;3.157;4.62;20.87;27.97;28.06
419;3.157;4.62;20.87;27.86;28.17
420;3.157;4.62;20.87;27.86;28.28
421;3.157;4.62;20.98;27.23;29.15
422;3.156;4.62;20.98;27.86;28.28
423;3.156;4.62;20.98;27.86;28.28
424;3.156;4.62;20.87;27.97;28.28
425;3.156;4.62;20.87;27.97;28.28
426;3.155;4.62;20.98;27.97;28.28
427;3.155;4.62;20.98;27.97;28.5
428;3.155;4.62;20.87;27.86;28.6
429;3.154;4.62;20.87;28.18;28.5
430;3.154;4.62;20.87;27.97;28.39
431;3.154;4.62;20.98;27.97;28.28
432;3.154;4.62;20.87;28.08;28.39
433;3.153;4.62;20.98;28.08;28.39
434;3.153;4.62;20.98;28.29;28.17
435;3.153;4.62;20.98;28.08;28.39
436;3.153;4.62;20.98;28.08;28.5
437;3.153;4.62;20.87;28.08;28.5
438;3.152;4.62;20.87;28.08;28.5
439;3.152;4.62;21.08;28.18;28.5
440;3.151;4.62;20.87;28.18;28.5
441;3.151;4.62;20.87;28.18;28.6
442;3.151;4.62;20.87;28.29;28.5
443;3.151;4.62;20.87;28.18;28.6
444;3.15;4.62;20.87;28.29;28.71
445;3.15;4.62;20.87;28.39;28.5
446;3.15;4.62;20.87;28.18;28.6
447;3.149;4.62;20.87;28.29;28.6
448;3.149;4.62;20.87;28.29;28.6
449;3.149;4.62;20.87;28.29;28.6
450;3.148;4.62;20.87;28.39;28.6
451;3.148;4.62;20.87;28.29;28.6
452;3.148;4.62;20.87;28.39;28.71
453;3.148;4.62;20.87;28.29;28.6
454;3.147;4.62;20.98;28.29;28.5
455;3.147;4.62;20.87;28.29;28.71
456;3.146;4.62;20.87;28.39;28.71
457;3.147;4.62;20.87;28.39;28.5
458;3.146;4.62;20.87;28.39;28.71
459;3.146;4.62;20.98;28.39;28.71
460;3.146;4.62;20.87;28.5;28.71
461;3.146;4.62;20.87;28.6;28.6
462;3.145;4.62;20.98;28.5;28.71
463;3.145;4.62;20.98;28.5;28.82
464;3.144;4.62;20.98;28.5;28.71
465;3.144;4.62;20.98;28.5;28.82
466;3.144;4.62;20.98;28.5;29.04
467;3.143;4.62;20.98;28.5;29.15
468;3.143;4.62;20.98;28.6;28.93
469;3.142;4.62;21.08;28.6;28.82
470;3.142;4.62;21.08;28.6;28.82
471;3.141;4.62;21.08;28.5;28.82
472;3.141;4.62;20.98;28.6;29.04
473;3.14;4.62;20.98;28.6;28.93
474;3.14;4.62;20.98;28.6;28.93
475;3.14;4.62;20.98;28.6;28.93
476;3.139;4.62;20.98;28.71;28.93
477;3.139;4.62;20.98;28.71;28.71
478;3.139;4.62;20.98;28.6;29.15
479;3.138;4.62;20.98;28.6;29.15
480;3.138;4.62;20.98;28.92;28.93
481;3.138;4.62;20.98;28.6;28.82
482;3.137;4.62;20.98;28.71;28.82
483;3.137;4.62;20.98;28.6;27.85
484;3.137;4.62;20.98;28.92;29.15
485;3.136;4.62;20.98;29.56;29.15
486;3.136;4.62;20.98;28.71;29.26
487;3.135;4.62;20.98;28.82;29.04
488;3.135;4.62;21.08;28.92;28.93
489;3.135;4.62;20.98;28.82;29.15
490;3.134;4.62;20.98;28.92;29.26
491;3.134;4.62;20.98;28.92;29.04
492;3.133;4.62;21.08;28.29;29.26
493;3.133;4.62;20.98;28.71;29.04
494;3.133;4.62;20.98;28.92;29.15
495;3.132;4.62;20.98;28.92;29.26
496;3.132;4.62;21.08;29.14;29.26
497;3.132;4.62;20.98;28.92;29.26
498;3.132;4.62;20.98;28.92;29.15
499;3.131;4.62;21.08;29.14;29.26
500;3.131;4.62;20.98;29.03;29.26
501;3.131;4.62;20.98;28.92;29.26
502;3.13;4.62;20.98;29.03;30.47
503;3.13;4.62;20.98;29.03;29.26
504;3.13;4.62;21.08;29.03;29.26
505;3.13;4.62;20.98;29.14;29.37
506;3.129;4.62;20.98;29.03;29.37
507;3.129;4.62;21.08;29.14;29.58
508;3.128;4.62;21.08;29.03;29.37
509;3.128;4.62;21.08;29.14;29.37
510;3.128;4.62;20.98;29.14;29.37
511;3.128;4.62;21.08;29.14;29.37
512;3.128;4.62;20.98;29.24;29.37
513;3.127;4.62;21.08;29.14;29.37
514;3.127;4.62;20.98;29.14;29.69
515;3.127;4.62;20.98;29.24;29.47
516;3.127;4.62;20.98;29.24;29.47
517;3.126;4.62;20.98;29.24;29.47
518;3.126;4.62;20.98;29.24;29.47
519;3.126;4.62;20.98;29.35;29.47
520;3.125;4.62;20.98;29.03;29.47
521;3.125;4.62;20.98;29.24;29.47
522;3.125;4.62;20.98;29.24;29.47
523;3.124;4.62;20.98;29.35;29.58
524;3.124;4.62;20.98;29.35;29.47
525;3.124;4.62;20.98;29.35;29.47
526;3.123;4.62;21.08;29.35;29.8
527;3.123;4.62;20.98;29.35;29.47
528;3.123;4.62;20.98;29.35;29.58
529;3.123;4.62;20.98;29.35;29.69
530;3.122;4.62;21.08;29.24;29.47
531;3.122;4.62;21.08;29.35;29.8
532;3.122;4.62;21.08;29.46;29.58
533;3.121;4.62;21.08;29.35;29.58
534;3.121;4.62;21.08;29.46;29.69
535;3.121;4.62;21.08;29.46;29.58
536;3.12;4.62;21.18;29.46;29.69
537;3.12;4.62;21.08;29.56;29.69
538;3.12;4.62;21.08;29.35;29.58
539;3.119;4.62;21.08;29.46;29.8
540;3.119;4.62;21.08;29.46;29.69
541;3.119;4.62;21.08;29.46;29.8
542;3.118;4.62;21.08;29.46;29.47
543;3.118;4.62;21.08;29.46;29.69
544;3.118;4.62;20.98;29.56;29.8
545;3.118;4.62;20.98;29.56;29.91
546;3.117;4.62;21.08;29.46;29.8
547;3.117;4.62;21.08;29.56;29.69
548;3.116;4.62;21.08;29.67;29.8
549;3.116;4.62;21.08;29.67;29.58
550;3.116;4.62;21.08;29.56;29.8
551;3.116;4.62;21.08;29.56;29.8
552;3.116;4.62;21.08;29.67;29.8
553;3.115;4.62;21.08;29.67;29.8
554;3.115;4.62;21.08;29.56;29.91
555;3.114;4.62;21.18;29.67;29.8
556;3.114;4.62;21.08;29.67;29.8
557;3.114;4.62;21.08;29.67;30.13
558;3.113;4.62;21.18;29.67;30.02
559;3.113;4.62;21.08;29.67;29.91
560;3.113;4.62;21.08;29.67;29.91
561;3.113;4.62;21.08;29.78;29.91
562;3.112;4.62;21.08;29.67;29.91
563;3.111;4.62;21.08;29.78;29.8
564;3.111;4.62;21.08;29.78;29.8
565;3.111;4.62;21.08;29.78;29.91
566;3.111;4.62;21.08;29.78;29.91
567;3.111;4.62;21.18;29.78;29.91
568;3.11;4.62;21.08;29.88;30.02
569;3.11;4.62;21.08;29.78;30.24
570;3.109;4.62;21.08;29.88;29.58
571;3.109;4.62;21.08;29.88;30.02
572;3.109;4.62;21.08;29.88;30.02
573;3.108;4.62;21.08;29.88;30.13
574;3.108;4.62;21.08;29.78;30.13
575;3.107;4.62;21.08;29.88;30.02
576;3.107;4.62;21.08;29.99;30.13
577;3.107;4.62;21.18;29.99;30.02
578;3.106;4.62;21.18;29.88;30.13
579;3.106;4.62;21.28;29.88;30.13
580;3.106;4.62;21.18;29.88;30.13
581;3.106;4.62;21.18;29.99;30.13
582;3.105;4.62;21.18;29.99;30.02
583;3.104;4.62;21.28;29.99;30.13
584;3.104;4.62;21.28;29.99;30.13
585;3.104;4.62;21.28;30.1;30.24
586;3.103;4.62;21.28;29.99;30.13
587;3.103;4.62;21.38;29.99;30.24
588;3.103;4.62;21.28;29.99;30.24
589;3.102;4.62;21.28;29.99;30.24
590;3.102;4.62;21.28;30.1;30.47
591;3.102;4.62;21.28;29.99;30.24
592;3.102;4.62;21.28;30.1;30.24
593;3.101;4.62;21.18;30.1;28.39
594;3.101;4.62;21.18;30.1;30.24
595;3.101;4.62;21.18;30.1;30.36
596;3.101;4.62;21.28;29.99;30.36
597;3.101;4.62;21.18;30.1;30.36
598;3.101;4.62;21.18;30.1;30.36
599;3.1;4.62;21.18;30.1;30.36
600;3.1;4.62;21.18;30.1;30.24
601;3.1;4.62;21.18;30.21;30.36
602;3.1;4.62;21.18;30.1;30.24
603;3.099;4.62;21.18;30.1;30.13
604;3.099;4.62;21.08;30.21;30.24
605;3.098;4.62;21.08;29.99;30.58
606;3.098;4.62;21.08;30.21;30.36
607;3.098;4.62;21.08;30.21;30.47
608;3.098;4.62;21.08;30.21;30.47
609;3.097;4.62;21.08;30.21;30.47
610;3.096;4.62;21.08;30.21;30.47
611;3.096;4.62;21.08;30.21;30.58
612;3.096;4.62;21.08;30.21;30.8
613;3.095;4.62;21.08;30.21;30.47
614;3.095;4.62;21.08;30.32;30.8
615;3.095;4.62;21.08;30.21;30.58
616;3.095;4.62;21.08;30.32;30.47
617;3.095;4.62;21.08;30.32;30.47
618;3.094;4.62;21.08;30.32;30.58
619;3.094;4.62;21.08;30.42;30.69
620;3.094;4.62;21.08;30.21;31.47
621;3.093;4.62;21.08;30.32;30.58
622;3.093;4.62;21.08;30.32;30.58
623;3.093;4.62;21.08;30.32;30.58
624;3.092;4.62;21.08;30.32;30.47
625;3.092;4.62;21.08;30.32;30.58
626;3.092;4.62;21.08;30.42;30.58
627;3.091;4.62;21.18;30.53;30.47
628;3.09;4.62;21.08;30.42;30.58
629;3.09;4.62;21.08;30.42;30.69
630;3.09;4.62;21.08;30.96;30.47
631;3.089;4.62;20.98;30.42;30.69
632;3.089;4.62;21.08;30.42;29.26
633;3.089;4.62;20.98;30.53;30.69
634;3.088;4.62;20.98;30.42;30.58
635;3.088;4.62;20.98;30.42;30.69
636;3.087;4.62;20.98;30.53;30.69
637;3.087;4.62;20.98;30.53;30.69
638;3.087;4.62;20.98;30.53;30.69
639;3.086;4.62;21.08;30.53;30.8
640;3.086;4.62;21.08;30.53;30.69
641;3.086;4.62;21.08;30.53;30.69
642;3.086;4.62;21.08;30.53;30.69
643;3.085;4.62;21.08;30.53;30.69
644;3.085;4.62;21.18;30.53;30.8
645;3.085;4.62;21.18;30.64;30.69
646;3.084;4.62;21.18;30.53;30.8
647;3.084;4.62;21.18;30.64;30.91
648;3.084;4.62;21.18;30.64;30.91
649;3.084;4.62;21.18;30.64;30.69
650;3.083;4.62;21.18;30.75;30.47
651;3.083;4.62;21.18;30.42;30.91
652;3.083;4.62;21.18;30.64;29.26
653;3.082;4.62;21.18;30.64;30.58
654;3.082;4.62;21.18;30.75;30.69
655;3.082;4.62;21.18;30.64;30.8
656;3.082;4.62;21.18;30.53;30.91
657;3.082;4.62;21.18;30.64;30.8
658;3.081;4.62;21.18;30.75;30.8
659;3.081;4.62;21.18;30.75;30.8
660;3.08;4.62;21.28;30.75;30.8
661;3.08;4.62;21.18;30.75;30.8
662;3.08;4.62;21.18;30.75;30.8
663;3.079;4.62;21.18;30.86;30.8
664;3.079;4.62;21.18;30.75;30.8
665;3.078;4.62;21.18;30.86;30.91
666;3.078;4.62;21.28;30.86;31.02
667;3.077;4.62;21.28;30.86;30.8
668;3.077;4.62;21.28;30.86;31.02
669;3.077;4.62;21.28;30.75;30.8
670;3.076;4.62;21.28;30.75;30.8
671;3.076;4.62;21.28;30.86;31.13
672;3.076;4.62;21.28;30.86;30.8
673;3.075;4.62;21.28;30.86;30.91
674;3.075;4.62;21.28;30.86;30.91
675;3.075;4.62;21.28;30.75;30.91
676;3.074;4.62;21.28;31.07;30.8
677;3.074;4.62;21.28;30.86;31.02
678;3.074;4.62;21.28;30.86;30.91
679;3.074;4.62;21.28;30.86;31.02
680;3.074;4.62;21.18;30.96;30.91
681;3.074;4.62;21.28;30.75;30.91
682;3.074;4.62;21.28;30.86;31.13
683;3.073;4.62;21.28;30.96;31.02
684;3.073;4.62;21.28;30.96;31.02
685;3.073;4.62;21.18;30.96;30.91
686;3.072;4.62;21.18;30.96;31.02
687;3.072;4.62;21.28;30.86;31.02
688;3.072;4.62;21.18;30.96;31.02
689;3.071;4.62;21.18;30.96;31.02
690;3.071;4.62;21.18;30.96;31.02
691;3.07;4.62;21.28;31.07;31.02
692;3.07;4.62;21.28;30.96;31.02
693;3.07;4.62;21.28;30.96;30.91
694;3.069;4.62;21.28;30.96;31.25
695;3.069;4.62;21.28;31.07;31.02
696;3.069;4.62;21.28;31.07;31.02
697;3.068;4.62;21.28;31.07;31.02
698;3.068;4.62;21.28;31.07;31.02
699;3.068;4.62;21.28;31.07;31.13
700;3.067;4.62;21.28;31.07;31.13
701;3.067;4.62;20.98;31.07;31.13
702;3.067;4.62;21.28;31.29;31.36
703;3.066;4.62;21.28;31.07;31.25
704;3.066;4.62;21.28;31.07;31.13
705;3.065;4.62;21.28;31.07;31.02
706;3.065;4.62;21.28;31.18;31.13
707;3.064;4.62;21.38;31.18;32.49
708;3.064;4.62;21.38;31.07;31.13
709;3.064;4.62;21.28;31.07;31.13
710;3.063;4.62;21.38;31.18;31.13
711;3.063;4.62;21.38;31.18;31.13
712;3.063;4.62;21.38;31.18;31.13
713;3.062;4.62;21.38;31.18;31.36
714;3.062;4.62;21.38;31.18;31.25
715;3.061;4.62;21.38;31.18;31.25
716;3.061;4.62;21.28;31.29;31.25
717;3.061;4.62;21.28;31.18;31.25
718;3.06;4.62;21.28;31.18;31.25
719;3.06;4.62;21.38;31.29;31.25
720;3.06;4.62;21.28;31.29;31.25
721;3.059;4.62;21.28;31.18;31.13
722;3.059;4.62;21.28;31.29;31.36
723;3.058;4.62;21.28;31.29;31.36
724;3.058;4.62;21.28;31.07;31.58
725;3.058;4.62;21.28;31.4;31.36
726;3.058;4.62;21.28;31.4;31.36
727;3.057;4.62;21.28;31.29;31.36
728;3.057;4.62;21.28;31.4;31.36
729;3.057;4.62;21.28;31.29;31.36
730;3.056;4.62;21.28;31.4;31.36
731;3.056;4.62;21.18;31.4;31.47
732;3.056;4.62;21.18;31.29;32.15
733;3.055;4.62;21.28;31.4;31.36
734;3.055;4.62;21.28;31.4;31.47
735;3.055;4.62;21.28;31.4;31.81
736;3.054;4.62;21.28;31.4;31.47
737;3.054;4.62;21.28;31.4;31.47
738;3.054;4.62;21.28;31.4;31.47
739;3.053;4.62;21.28;31.4;31.36
740;3.053;4.62;21.28;31.51;31.7
741;3.053;4.62;21.28;31.4;31.47
742;3.052;4.62;21.28;31.51;31.47
743;3.052;4.62;21.28;31.51;31.47
744;3.052;4.62;21.28;31.51;31.47
745;3.051;4.62;21.28;31.51;31.47
746;3.051;4.62;21.28;31.51;31.47
747;3.051;4.62;21.28;31.51;31.58
748;3.05;4.62;21.28;31.51;31.47
749;3.05;4.62;21.38;31.51;31.58
750;3.049;4.62;21.38;31.51;31.58
751;3.049;4.62;21.38;31.51;31.47
752;3.049;4.62;21.38;31.62;31.47
753;3.049;4.62;21.38;31.51;31.58
754;3.048;4.62;21.28;31.62;31.58
755;3.048;4.62;21.28;31.51;31.36
756;3.048;4.62;21.38;31.51;31.02
757;3.047;4.62;21.28;31.51;31.58
758;3.047;4.62;21.28;31.62;31.58
759;3.047;4.62;21.28;31.62;31.47
760;3.046;4.62;21.28;31.62;31.58
761;3.046;4.62;21.28;31.62;31.7
762;3.046;4.62;21.38;31.62;31.58
763;3.045;4.62;21.28;31.62;31.58
764;3.045;4.62;21.38;32.39;31.81
765;3.045;4.62;21.38;31.62;31.7
766;3.044;4.62;21.28;31.62;31.7
767;3.044;4.62;21.28;31.73;31.7
768;3.043;4.62;21.28;31.73;31.02
769;3.043;4.62;21.28;31.73;31.7
770;3.043;4.62;21.28;31.73;31.58
771;3.042;4.62;21.28;31.73;31.7
772;3.042;4.62;21.38;31.73;31.7
773;3.041;4.62;21.38;31.73;31.7
774;3.041;4.62;21.38;31.73;32.04
775;3.041;4.62;21.38;31.73;31.7
776;3.04;4.62;21.28;31.73;31.81
777;3.04;4.62;21.28;31.73;31.81
778;3.04;4.62;21.28;31.73;31.81
779;3.039;4.62;21.28;31.73;31.81
780;3.039;4.62;21.28;31.73;31.81
781;3.038;4.62;21.28;31.84;31.81
782;3.038;4.62;21.48;31.73;31.81
783;3.037;4.62;21.38;31.84;31.81
784;3.037;4.62;21.38;31.84;31.81
785;3.036;4.62;21.48;31.84;31.81
786;3.036;4.62;21.48;31.84;31.7
787;3.036;4.62;21.48;31.84;31.81
788;3.035;4.62;21.48;31.84;31.81
789;3.035;4.62;21.48;31.84;31.81
790;3.035;4.62;21.18;31.84;32.04
791;3.034;4.62;21.58;31.73;31.81
792;3.034;4.62;21.58;31.84;31.81
793;3.034;4.62;21.58;31.84;31.81
794;3.033;4.62;21.58;31.84;31.7
795;3.033;4.62;21.58;32.06;31.92
796;3.032;4.62;21.68;31.84;31.92
797;3.032;4.62;21.68;31.95;32.04
798;3.031;4.62;21.68;31.95;31.92
799;3.031;4.62;21.68;31.95;31.92
800;3.031;4.62;21.68;31.95;31.92
801;3.03;4.62;21.68;31.95;31.92
802;3.03;4.62;21.68;32.17;31.92
803;3.03;4.62;21.48;31.95;32.04
804;3.029;4.62;21.78;31.95;32.15
805;3.029;4.62;21.68;31.95;31.92
806;3.029;4.62;21.68;32.06;32.04
807;3.028;4.62;21.68;32.06;32.15
808;3.028;4.62;21.68;32.06;31.92
809;3.028;4.62;21.68;32.06;32.04
810;3.027;4.62;21.58;31.95;32.15
811;3.027;4.62;21.68;32.06;32.04
812;3.026;4.62;21.68;32.06;32.04
813;3.026;4.62;21.58;32.06;32.04
814;3.026;4.62;21.89;32.06;32.04
815;3.025;4.62;21.58;32.17;32.04
816;3.025;4.62;21.58;32.06;31.81
817;3.025;4.62;21.58;32.17;32.04
818;3.024;4.62;21.58;32.06;32.15
819;3.024;4.62;21.48;32.17;32.04
820;3.023;4.62;21.28;32.17;32.04
821;3.023;4.62;21.48;32.17;32.04
822;3.022;4.62;21.58;32.17;32.04
823;3.022;4.62;21.48;32.17;32.04
824;3.022;4.62;21.48;32.17;32.15
825;3.021;4.62;21.48;31.18;32.15
826;3.021;4.62;21.48;32.17;32.15
827;3.021;4.62;21.48;32.28;32.15
828;3.02;4.62;21.48;32.17;32.26
829;3.02;4.62;21.48;32.17;32.15
830;3.019;4.62;21.48;32.28;32.15
831;3.019;4.62;21.58;32.17;32.15
832;3.019;4.62;21.48;32.28;32.15
833;3.018;4.62;21.48;32.28;32.15
834;3.018;4.62;21.68;32.39;32.26
835;3.017;4.62;21.48;32.28;32.15
836;3.017;4.62;21.48;32.28;32.15
837;3.017;4.62;21.48;32.28;32.26
838;3.017;4.62;21.38;32.61;33.64
839;3.016;4.62;21.38;32.28;32.26
840;3.016;4.62;21.48;32.28;32.26
841;3.015;4.62;21.48;32.17;32.38
842;3.015;4.62;21.48;32.39;32.38
843;3.015;4.62;21.48;32.39;32.26
844;3.014;4.62;21.48;32.39;32.26
845;3.014;4.62;21.48;32.39;32.38
846;3.013;4.62;21.48;32.39;32.38
847;3.013;4.62;21.48;32.28;32.61
848;3.013;4.62;21.48;32.39;32.49
849;3.013;4.62;21.48;31.95;32.15
850;3.012;4.62;21.48;32.39;32.38
851;3.012;4.62;21.48;32.39;32.38
852;3.012;4.62;21.58;32.5;32.38
853;3.011;4.62;21.48;32.61;32.49
854;3.01;4.62;21.48;32.28;32.72
855;3.01;4.62;21.38;32.5;32.72
856;3.01;4.62;21.38;32.39;32.26
857;3.009;4.62;21.38;32.39;32.38
858;3.009;4.62;21.38;32.39;32.49
859;3.009;4.62;21.38;32.61;32.61
860;3.008;4.62;21.38;32.5;32.49
861;3.008;4.62;21.38;32.5;32.61
862;3.007;4.62;21.38;32.61;32.61
863;3.007;4.62;21.38;32.61;32.49
864;3.007;4.62;21.38;32.5;32.49
865;3.006;4.62;21.38;32.5;32.49
866;3.006;4.62;21.38;32.61;32.61
867;3.005;4.62;21.38;32.72;32.49
868;3.005;4.62;21.18;32.61;32.49
869;3.005;4.62;21.38;32.5;32.49
870;3.004;4.62;21.38;32.72;33.06
871;3.004;4.62;21.38;32.61;32.61
872;3.004;4.62;21.28;32.72;33.18
873;3.003;4.62;21.28;32.61;32.49
874;3.003;4.62;21.28;32.61;32.61
875;3.003;4.62;21.28;32.61;32.49
876;3.002;4.62;21.28;32.61;32.61
877;3.002;4.62;21.28;32.61;32.61
878;3.001;4.62;21.28;32.61;32.61
879;3.001;4.62;21.28;32.61;32.61
880;3.0;4.62;21.18;32.61;32.49
881;3.0;4.62;21.18;32.61;32.61
882;3.0;4.62;21.28;32.61;32.61
883;2.999;4.62;21.18;32.83;32.49
884;2.999;4.62;21.18;32.61;32.38
885;2.998;4.62;21.18;32.72;32.72
886;2.998;4.62;21.18;32.61;32.72
887;2.998;4.62;21.18;32.61;32.61
888;2.997;4.62;21.18;32.72;32.61
889;2.997;4.62;21.18;32.72;32.72
890;2.996;4.62;21.08;32.72;32.83
891;2.996;4.62;21.08;32.83;32.61
892;2.996;4.62;21.08;32.72;32.72
893;2.995;4.62;21.18;32.83;32.72
894;2.995;4.62;21.08;33.05;32.38
895;2.994;4.62;21.08;32.72;32.72
896;2.994;4.62;21.18;32.83;32.72
897;2.993;4.62;21.08;32.83;33.06
898;2.993;4.62;21.08;32.83;32.83
899;2.993;4.62;21.08;32.83;32.83
900;2.992;4.62;21.08;32.83;32.72
901;2.992;4.62;21.08;32.94;32.95
902;2.991;4.62;21.08;32.83;32.83
903;2.991;4.62;20.98;32.94;32.83
904;2.991;4.62;21.18;32.83;32.83
905;2.99;4.62;21.08;32.94;32.83
906;2.99;4.62;21.08;32.94;32.83
907;2.989;4.62;21.08;32.83;32.83
908;2.989;4.62;21.08;33.05;33.06
909;2.988;4.62;21.08;32.94;32.83
910;2.988;4.62;21.08;32.94;32.95
911;2.988;4.62;21.08;32.94;32.83
912;2.987;4.62;21.08;32.94;32.83
913;2.987;4.62;21.08;32.94;32.83
914;2.986;4.62;21.18;32.83;32.83
915;2.986;4.62;21.08;32.94;32.61
916;2.985;4.62;21.08;32.94;32.95
917;2.985;4.62;21.08;32.72;32.72
918;2.985;4.62;21.08;32.94;32.95
919;2.984;4.62;21.18;33.16;32.83
920;2.984;4.62;21.08;32.94;32.83
921;2.983;4.62;21.08;33.16;32.61
922;2.983;4.62;21.08;33.05;32.95
923;2.983;4.62;21.08;33.16;33.18
924;2.982;4.62;21.08;33.05;32.95
925;2.982;4.62;21.08;33.05;33.06
926;2.981;4.62;21.08;33.16;32.95
927;2.981;4.62;21.08;33.05;33.18
928;2.981;4.62;21.08;33.05;32.95
929;2.98;4.62;21.08;33.05;32.95
930;2.98;4.62;21.08;33.27;32.95
931;2.979;4.62;21.08;33.16;33.06
932;2.979;4.62;21.08;33.05;32.83
933;2.979;4.62;21.08;33.05;33.06
934;2.978;4.62;21.08;33.16;32.95
935;2.978;4.62;21.08;33.05;33.41
936;2.978;4.62;21.08;33.16;32.95
937;2.977;4.62;21.08;33.16;33.06
938;2.977;4.62;20.98;33.27;33.06
939;2.977;4.62;20.98;33.27;32.95
940;2.976;4.62;21.08;33.27;33.29
941;2.976;4.62;20.98;33.16;33.06
942;2.975;4.62;20.98;33.16;33.06
943;2.975;4.62;20.98;33.16;33.18
944;2.975;4.62;20.98;33.16;33.18
945;2.974;4.62;20.98;33.16;33.18
946;2.974;4.62;20.98;33.27;33.18
947;2.973;4.62;20.98;33.27;33.18
948;2.973;4.62;21.08;33.27;33.18
949;2.973;4.62;20.98;33.16;33.18
950;2.972;4.62;20.98;33.27;33.18
951;2.972;4.62;20.98;32.5;33.06
952;2.971;4.62;20.67;33.27;33.18
953;2.971;4.62;20.98;33.27;33.41
954;2.971;4.62;20.87;33.27;33.53
955;2.97;4.62;20.98;33.94;33.29
956;2.97;4.62;20.98;33.27;33.29
957;2.969;4.62;20.98;33.27;33.18
958;2.969;4.62;20.98;33.27;33.29
959;2.969;4.62;20.98;33.38;33.41
960;2.968;4.62;20.98;33.27;33.29
961;2.968;4.62;20.98;33.27;33.29
962;2.968;4.62;20.98;33.27;32.72
963;2.967;4.62;20.87;33.38;33.41
964;2.967;4.62;20.87;33.5;33.29
965;2.966;4.62;20.87;33.5;33.18
966;2.966;4.62;20.87;33.38;33.53
967;2.966;4.62;20.87;33.38;33.29
968;2.965;4.62;20.98;33.38;33.53
969;2.965;4.62;20.87;33.38;33.41
970;2.964;4.62;20.87;32.83;33.29
971;2.964;4.62;20.87;33.38;33.41
972;2.963;4.62;20.87;33.38;33.29
973;2.963;4.62;20.87;33.5;33.41
974;2.963;4.62;20.87;33.72;33.64
975;2.963;4.62;20.87;33.38;33.41
976;2.962;4.62;20.87;33.05;33.29
977;2.961;4.62;20.87;33.5;33.41
978;2.961;4.62;20.87;33.5;33.41
979;2.961;4.62;20.87;33.61;33.29
980;2.96;4.62;20.87;33.38;33.41
981;2.96;4.62;20.77;33.5;33.41
982;2.959;4.62;20.87;33.5;33.53
983;2.959;4.62;20.87;33.5;33.53
984;2.959;4.62;20.87;33.5;33.53
985;2.958;4.62;20.87;33.61;33.41
986;2.958;4.62;20.87;33.72;33.53
987;2.958;4.62;20.87;33.61;33.53
988;2.957;4.62;20.87;33.61;33.53
989;2.957;4.62;20.87;33.61;33.64
990;2.957;4.62;20.98;33.61;33.53
991;2.956;4.62;20.77;33.72;33.64
992;2.956;4.62;20.77;33.5;33.53
993;2.955;4.62;20.77;33.61;33.53
994;2.955;4.62;20.77;33.61;33.64
995;2.955;4.62;20.77;33.72;33.53
996;2.954;4.62;20.77;33.61;33.53
997;2.954;4.62;20.77;33.61;33.64
998;2.954;4.62;20.87;33.61;33.64
999;2.953;4.62;20.77;33.72;33.64
1000;2.953;4.62;20.77;33.38;33.64
1001;2.953;4.62;20.77;33.61;33.64
1002;2.952;4.62;20.87;33.72;33.53
1003;2.952;4.62;20.77;33.72;33.53
1004;2.951;4.62;20.87;33.72;33.64
1005;2.951;4.62;20.77;33.72;33.64
1006;2.951;4.62;20.87;33.83;33.64
1007;2.95;4.62;20.77;33.72;33.64
1008;2.95;4.62;20.77;33.72;33.64
1009;2.95;4.62;20.77;33.72;33.64
1010;2.949;4.62;20.77;33.72;33.64
1011;2.949;4.62;20.77;33.72;33.64
1012;2.948;4.62;20.77;33.83;33.76
1013;2.948;4.62;20.77;33.72;33.76
1014;2.947;4.62;20.87;33.83;33.64
1015;2.947;4.62;20.77;33.83;33.64
1016;2.946;4.62;20.77;33.72;33.76
1017;2.946;4.62;20.77;33.83;33.64
1018;2.946;4.62;20.77;33.83;33.99
1019;2.945;4.62;20.87;33.83;33.76
1020;2.945;4.62;20.87;33.83;33.87
1021;2.944;4.62;20.87;33.83;33.76
1022;2.944;4.62;20.87;33.94;33.76
1023;2.944;4.62;20.87;33.83;33.76
1024;2.943;4.62;20.98;33.94;33.64
1025;2.943;4.62;20.87;33.83;33.76
1026;2.943;4.62;20.98;33.83;33.64
1027;2.943;4.62;20.98;33.94;33.76
1028;2.942;4.62;20.98;33.83;33.76
1029;2.942;4.62;20.98;33.94;33.76
1030;2.941;4.62;20.98;33.94;33.76
1031;2.941;4.62;21.08;33.94;33.76
1032;2.94;4.62;20.98;33.94;33.76
1033;2.94;4.62;20.98;33.94;33.76
1034;2.94;4.62;20.98;33.94;33.87
1035;2.939;4.62;21.08;33.94;33.76
1036;2.939;4.62;21.08;33.83;33.76
1037;2.938;4.62;21.08;33.94;33.76
1038;2.938;4.62;21.08;33.83;33.99
1039;2.937;4.62;21.08;34.06;33.76
1040;2.937;4.62;21.08;33.94;33.87
1041;2.936;4.62;21.08;33.94;33.76
1042;2.936;4.62;21.18;34.06;33.99
1043;2.936;4.62;21.08;33.94;33.87
1044;2.935;4.62;21.08;34.06;33.87
1045;2.935;4.62;21.08;34.06;33.76
1046;2.935;4.62;21.08;34.06;33.87
1047;2.934;4.62;21.08;34.06;33.87
1048;2.934;4.62;21.08;34.06;34.23
1049;2.933;4.62;21.08;34.06;33.87
1050;2.933;4.62;21.08;33.94;33.99
1051;2.933;4.62;21.08;34.06;33.99
1052;2.932;4.62;21.08;34.06;33.87
1053;2.932;4.62;21.08;33.94;33.76
1054;2.932;4.62;21.08;34.06;34.11
1055;2.931;4.62;21.08;34.06;33.87
1056;2.931;4.62;21.08;34.06;33.87
1057;2.931;4.62;21.08;34.28;33.87
1058;2.93;4.62;21.08;34.17;33.76
1059;2.93;4.62;21.08;34.17;34.11
1060;2.93;4.62;21.08;34.17;33.99
1061;2.929;4.62;20.98;34.17;34.11
1062;2.929;4.62;21.08;34.17;33.87
1063;2.928;4.62;21.08;34.17;33.99
1064;2.928;4.62;20.67;34.06;33.99
1065;2.928;4.62;21.08;34.17;33.87
1066;2.927;4.62;21.08;34.17;33.87
1067;2.927;4.62;21.08;34.17;33.99
1068;2.926;4.62;21.28;34.28;33.99
1069;2.926;4.62;21.18;34.17;34.11
1070;2.926;4.62;21.18;34.28;34.11
1071;2.925;4.62;21.08;34.4;34.11
1072;2.925;4.62;21.18;34.28;33.99
1073;2.925;4.62;21.08;34.28;33.99
1074;2.924;4.62;21.18;34.28;33.99
1075;2.924;4.62;21.18;34.28;33.99
1076;2.924;4.62;21.08;34.28;34.11
1077;2.923;4.62;21.08;34.4;33.99
1078;2.923;4.62;21.18;34.62;33.99
1079;2.922;4.62;21.08;34.28;33.99
1080;2.922;4.62;21.08;34.4;33.99
1081;2.922;4.62;21.18;34.28;34.11
1082;2.921;4.62;21.18;34.28;33.99
1083;2.921;4.62;21.18;34.96;33.76
1084;2.921;4.62;21.08;34.28;34.11
1085;2.92;4.62;21.18;34.28;33.99
1086;2.92;4.62;21.18;34.4;33.99
1087;2.92;4.62;21.18;34.28;33.99
1088;2.919;4.62;21.28;34.4;33.99
1089;2.919;4.62;21.18;34.28;34.11
1090;2.918;4.62;21.18;34.28;33.87
1091;2.918;4.62;21.18;34.4;33.99
1092;2.917;4.62;21.18;34.4;34.11
1093;2.917;4.62;21.18;34.4;33.99
1094;2.917;4.62;21.18;34.51;34.11
1095;2.916;4.62;21.18;34.4;33.99
1096;2.916;4.62;21.18;34.4;34.34
1097;2.915;4.62;21.18;34.51;33.99
1098;2.915;4.62;21.18;34.4;33.99
1099;2.914;4.62;21.18;34.4;33.87
1100;2.914;4.62;21.18;34.62;34.11
1101;2.914;4.62;21.18;34.4;33.99
1102;2.913;4.62;21.18;34.4;34.11
1103;2.913;4.62;21.08;34.4;34.11
1104;2.913;4.62;21.08;34.51;34.11
1105;2.912;4.62;21.08;34.51;34.11
1106;2.912;4.62;21.18;34.51;34.11
1107;2.911;4.62;21.08;34.4;34.11
1108;2.911;4.62;21.08;34.4;34.11
1109;2.911;4.62;21.08;34.51;34.11
1110;2.91;4.62;21.08;34.51;34.11
1111;2.91;4.62;21.08;34.51;34.23
1112;2.909;4.62;21.08;34.51;34.11
1113;2.909;4.62;21.08;34.51;34.23
1114;2.909;4.62;21.08;34.51;34.23
1115;2.908;4.62;21.08;34.51;34.11
1116;2.908;4.62;21.08;34.51;34.23
1117;2.907;4.62;21.08;34.51;34.34
1118;2.907;4.62;21.08;34.85;34.23
1119;2.906;4.62;21.08;34.51;33.76
1120;2.906;4.62;21.08;34.51;34.11
1121;2.906;4.62;21.08;34.51;34.23
1122;2.905;4.62;21.08;34.51;34.11
1123;2.905;4.62;21.08;34.74;34.23
1124;2.905;4.62;21.18;34.62;34.11
1125;2.904;4.62;21.08;34.51;34.34
1126;2.904;4.62;21.18;34.51;34.23
1127;2.904;4.62;21.18;34.62;34.46
1128;2.903;4.62;21.08;34.62;34.23
1129;2.903;4.62;21.18;34.62;34.34
1130;2.903;4.62;21.18;34.62;34.23
1131;2.902;4.62;21.18;34.62;34.11
1132;2.902;4.62;21.18;34.62;34.23
1133;2.901;4.62;21.18;34.62;34.34
1134;2.901;4.62;21.18;34.74;32.95
1135;2.901;4.62;21.18;34.62;34.11
1136;2.9;4.62;21.18;33.94;34.34
1137;2.9;4.62;21.18;34.62;34.34
1138;2.899;4.62;21.28;34.62;34.34
1139;2.899;4.62;21.18;34.62;33.53
1140;2.899;4.62;21.28;34.62;34.34
1141;2.898;4.62;21.28;34.85;34.7
1142;2.898;4.62;21.28;34.62;34.34
1143;2.897;4.62;21.28;34.62;34.34
1144;2.897;4.62;21.28;34.62;34.34
1145;2.897;4.62;21.28;34.74;34.34
1146;2.896;4.62;21.28;34.51;34.34
1147;2.896;4.62;21.28;34.74;34.23
1148;2.895;4.62;21.28;34.62;34.7
1149;2.895;4.62;21.28;34.62;34.34
1150;2.895;4.62;21.28;34.74;34.46
1151;2.894;4.62;21.28;34.74;34.34
1152;2.894;4.62;21.28;34.85;34.46
1153;2.893;4.62;21.28;34.74;34.46
1154;2.893;4.62;21.28;34.74;34.34
1155;2.893;4.62;21.28;34.74;34.46
1156;2.892;4.62;21.28;34.74;34.58
1157;2.892;4.62;21.28;34.74;34.34
1158;2.892;4.62;21.28;34.74;34.46
1159;2.891;4.62;21.28;34.62;34.11
1160;2.891;4.62;21.28;34.85;34.46
1161;2.891;4.62;21.58;34.74;34.58
1162;2.89;4.62;21.28;34.85;34.46
1163;2.89;4.62;21.28;34.74;34.58
1164;2.889;4.62;21.18;34.85;34.46
1165;2.889;4.62;21.28;34.85;34.34
1166;2.889;4.62;21.18;34.85;34.34
1167;2.888;4.62;21.18;34.85;34.58
1168;2.888;4.62;21.18;34.85;34.7
1169;2.888;4.62;21.18;34.85;34.58
1170;2.887;4.62;21.18;34.74;34.46
1171;2.887;4.62;21.18;34.85;34.58
1172;2.887;4.62;21.18;34.85;34.58
1173;2.886;4.62;21.18;34.85;34.58
1174;2.886;4.62;21.08;34.85;34.7
1175;2.885;4.62;21.18;34.85;34.58
1176;2.885;4.62;21.18;34.85;34.58
1177;2.885;4.62;21.18;34.85;34.58
1178;2.884;4.62;21.18;34.85;34.58
1179;2.884;4.62;21.18;34.85;34.58
1180;2.884;4.62;21.18;34.85;34.58
1181;2.883;4.62;21.18;34.85;34.58
1182;2.883;4.62;21.18;34.85;34.46
1183;2.882;4.62;21.18;34.85;34.81
1184;2.882;4.62;21.18;34.96;34.46
1185;2.882;4.62;21.18;34.96;34.58
1186;2.881;4.62;21.18;34.96;34.46
1187;2.881;4.62;21.18;34.96;34.58
1188;2.88;4.62;21.18;34.96;34.7
1189;2.88;4.62;21.18;34.96;34.58
1190;2.88;4.62;21.18;35.08;34.58
1191;2.879;4.62;21.18;34.96;34.7
1192;2.879;4.62;21.18;34.96;34.7
1193;2.879;4.62;21.18;34.96;34.93
1194;2.878;4.62;21.18;34.96;34.81
1195;2.878;4.62;21.18;34.96;34.7
1196;2.877;4.62;21.18;34.96;34.7
1197;2.877;4.62;21.08;34.96;34.93
1198;2.877;4.62;21.08;34.96;34.7
1199;2.876;4.62;21.08;34.96;34.7
1200;2.876;4.62;21.18;35.08;34.81
1201;2.875;4.62;21.08;34.85;34.81
1202;2.875;4.62;21.08;34.96;34.7
1203;2.875;4.62;21.08;34.96;34.93
1204;2.874;4.62;21.08;35.08;34.7
1205;2.874;4.62;21.08;35.08;34.7
1206;2.874;4.62;21.08;34.96;34.93
1207;2.873;4.62;21.08;35.08;34.46
1208;2.873;4.62;21.08;35.08;34.81
1209;2.873;4.62;21.08;35.08;34.81
1210;2.872;4.62;21.08;35.08;34.7
1211;2.872;4.62;21.08;35.08;34.81
1212;2.872;4.62;21.08;35.08;34.81
1213;2.871;4.62;21.18;35.08;34.7
1214;2.871;4.62;21.08;35.08;34.93
1215;2.87;4.62;21.08;35.08;34.81
1216;2.87;4.62;21.18;35.08;34.7
1217;2.87;4.62;21.18;35.19;34.7
1218;2.869;4.62;21.18;35.08;34.81
1219;2.869;4.62;21.18;35.19;34.81
1220;2.869;4.62;21.18;35.08;34.81
1221;2.868;4.62;21.18;35.08;33.41
1222;2.868;4.62;21.18;35.19;34.93
1223;2.868;4.62;21.18;35.19;34.81
1224;2.867;4.62;21.18;35.08;34.93
1225;2.867;4.62;21.18;35.19;34.7
1226;2.866;4.62;21.18;35.19;34.93
1227;2.866;4.62;21.18;35.19;34.81
1228;2.866;4.62;21.18;35.08;34.93
1229;2.866;4.62;21.18;35.19;34.81
1230;2.865;4.62;21.18;35.3;35.05
1231;2.865;4.62;21.18;35.19;34.93
1232;2.865;4.62;21.18;35.3;34.81
1233;2.864;4.62;21.18;35.19;34.93
1234;2.864;4.62;21.18;35.19;34.93
1235;2.863;4.62;21.18;35.19;34.93
1236;2.863;4.62;21.18;35.19;34.93
1237;2.862;4.62;21.18;35.08;34.93
1238;2.862;4.62;21.18;35.3;35.05
1239;2.862;4.62;21.18;35.3;33.76
1240;2.861;4.62;21.18;35.19;34.93
1241;2.861;4.62;21.18;35.19;34.93
1242;2.861;4.62;21.18;35.3;34.7
1243;2.86;4.62;21.18;35.3;34.93
1244;2.86;4.62;21.18;35.3;35.05
1245;2.859;4.62;21.18;35.3;34.93
1246;2.859;4.62;21.18;35.3;34.93
1247;2.859;4.62;21.18;35.19;34.7
1248;2.859;4.62;21.18;35.3;35.05
1249;2.858;4.62;21.18;35.42;35.05
1250;2.858;4.62;21.18;36.11;35.65
1251;2.858;4.62;21.28;35.3;35.05
1252;2.857;4.62;21.28;35.3;35.05
1253;2.857;4.62;21.28;35.3;35.05
1254;2.857;4.62;21.28;35.3;35.05
1255;2.856;4.62;21.28;35.3;35.05
1256;2.856;4.62;21.38;35.53;35.05
1257;2.856;4.62;21.18;35.3;35.29
1258;2.855;4.62;21.38;35.42;35.05
1259;2.855;4.62;21.38;35.3;35.05
1260;2.855;4.62;21.38;35.42;35.05
1261;2.854;4.62;21.38;35.3;35.05
1262;2.854;4.62;21.38;35.3;35.05
1263;2.854;4.62;21.38;35.3;35.29
1264;2.854;4.62;21.38;35.42;35.29
1265;2.853;4.62;21.38;35.42;35.05
1266;2.853;4.62;21.28;35.42;35.05
1267;2.853;4.62;21.28;35.42;35.05
1268;2.853;4.62;21.28;35.3;35.05
1269;2.852;4.62;21.38;35.42;35.17
1270;2.852;4.62;21.38;35.53;35.17
1271;2.852;4.62;21.38;35.53;34.93
1272;2.851;4.62;21.38;35.42;35.05
1273;2.851;4.62;21.28;35.42;35.05
1274;2.85;4.62;21.28;35.53;35.17
1275;2.85;4.62;21.28;35.42;35.05
1276;2.85;4.62;21.28;35.3;35.41
1277;2.849;4.62;21.28;35.42;35.17
1278;2.849;4.62;21.28;35.42;35.17
1279;2.849;4.62;21.28;35.42;35.53
1280;2.849;4.62;21.28;35.42;35.05
1281;2.849;4.62;21.28;35.42;35.05
1282;2.848;4.62;21.28;35.42;35.17
1283;2.848;4.62;21.28;35.42;35.17
1284;2.848;4.62;21.28;35.53;35.17
1285;2.847;4.62;21.38;35.65;35.17
1286;2.847;4.62;21.28;35.53;34.81
1287;2.846;4.62;21.28;35.53;35.17
1288;2.846;4.62;21.28;35.53;35.17
1289;2.846;4.62;21.28;35.53;35.17
1290;2.845;4.62;21.28;35.42;35.29
1291;2.845;4.62;21.28;35.53;35.17
1292;2.844;4.62;21.28;35.53;35.17
1293;2.844;4.62;21.38;35.53;35.17
1294;2.844;4.62;21.38;35.53;35.41
1295;2.844;4.62;21.38;35.53;35.29
1296;2.843;4.62;21.38;35.53;35.29
1297;2.843;4.62;21.38;35.53;35.29
1298;2.843;4.62;21.38;35.53;35.29
1299;2.842;4.62;21.38;35.53;35.29
1300;2.842;4.62;21.38;35.53;35.29
1301;2.842;4.62;21.38;35.53;35.29
1302;2.841;4.62;21.38;35.53;35.29
1303;2.841;4.62;21.48;35.65;35.29
1304;2.841;4.62;21.48;35.53;35.29
1305;2.84;4.62;21.48;35.53;35.17
1306;2.84;4.62;21.48;35.53;35.29
1307;2.84;4.62;21.48;35.65;35.29
1308;2.839;4.62;21.48;35.65;35.29
1309;2.839;4.62;21.48;35.53;35.17
1310;2.839;4.62;21.58;35.65;34.81
1311;2.838;4.62;21.48;35.65;35.05
1312;2.838;4.62;21.48;35.53;35.53
1313;2.838;4.62;21.48;35.65;35.17
1314;2.837;4.62;21.58;35.65;35.17
1315;2.837;4.62;21.58;35.65;35.17
1316;2.837;4.62;21.58;35.65;35.17
1317;2.836;4.62;21.58;35.53;35.29
1318;2.836;4.62;21.58;35.88;35.17
1319;2.836;4.62;21.58;35.65;35.17
1320;2.836;4.62;21.58;35.65;35.29
1321;2.835;4.62;21.58;35.65;35.17
1322;2.835;4.62;21.58;35.65;35.17
1323;2.835;4.62;21.58;35.65;35.29
1324;2.834;4.62;21.58;35.65;35.29
1325;2.834;4.62;21.48;35.76;35.29
1326;2.834;4.62;21.58;35.65;35.29
1327;2.834;4.62;21.58;35.65;35.29
1328;2.833;4.62;21.48;35.65;35.29
1329;2.833;4.62;21.48;35.65;35.29
1330;2.833;4.62;21.48;35.53;35.17
1331;2.832;4.62;21.48;35.65;35.29
1332;2.832;4.62;21.48;35.65;35.17
1333;2.832;4.62;21.48;35.76;35.29
1334;2.831;4.62;21.48;35.65;35.29
1335;2.831;4.62;21.38;35.76;35.29
1336;2.831;4.62;21.38;35.65;35.41
1337;2.83;4.62;21.38;35.65;35.41
1338;2.83;4.62;21.38;35.76;35.29
1339;2.83;4.62;21.38;35.76;35.53
1340;2.829;4.62;21.38;35.88;35.29
1341;2.829;4.62;21.38;35.65;35.29
1342;2.829;4.62;21.38;35.76;35.17
1343;2.829;4.62;21.48;35.88;35.17
1344;2.828;4.62;21.48;35.65;35.17
1345;2.828;4.62;21.38;35.76;35.41
1346;2.828;4.62;21.38;35.76;35.41
1347;2.827;4.62;21.38;35.76;35.41
1348;2.827;4.62;21.48;35.88;35.53
1349;2.827;4.62;21.48;35.76;35.17
1350;2.826;4.62;21.48;35.76;35.53
1351;2.826;4.62;21.48;35.88;34.81
1352;2.826;4.62;21.48;35.88;35.41
1353;2.826;4.62;21.48;35.88;35.41
1354;2.825;4.62;21.48;35.88;35.41
1355;2.825;4.62;21.38;35.88;35.29
1356;2.825;4.62;21.38;35.88;35.29
1357;2.824;4.62;21.38;35.76;35.29
1358;2.824;4.62;21.48;35.76;35.05
1359;2.824;4.62;21.38;35.88;35.05
1360;2.823;4.62;21.48;35.88;35.17
1361;2.823;4.62;21.48;35.99;35.53
1362;2.823;4.62;21.48;35.88;35.29
1363;2.823;4.62;21.48;35.88;35.29
1364;2.822;4.62;21.48;35.99;35.29
1365;2.822;4.62;21.48;35.88;35.29
1366;2.821;4.62;21.58;35.88;35.17
1367;2.821;4.62;21.58;36.11;35.53
1368;2.821;4.62;21.58;35.99;35.41
1369;2.82;4.62;21.68;35.88;35.17
1370;2.82;4.62;21.58;35.99;35.53
1371;2.82;4.62;21.68;36.11;35.05
1372;2.82;4.62;21.68;36.11;35.29
1373;2.819;4.62;21.68;36.11;35.29
1374;2.819;4.62;21.58;35.99;33.87
1375;2.819;4.62;21.68;35.88;35.29
1376;2.818;4.62;21.68;36.11;35.29
1377;2.818;4.62;21.68;35.99;35.29
1378;2.818;4.62;21.68;35.99;35.29
1379;2.818;4.62;21.68;35.99;35.29
1380;2.818;4.62;21.58;35.99;35.29
1381;2.817;4.62;21.68;35.99;35.05
1382;2.817;4.62;21.68;36.11;35.29
1383;2.817;4.62;21.68;35.99;35.41
1384;2.816;4.62;21.68;36.11;35.29
1385;2.816;4.62;21.68;36.11;35.41
1386;2.816;4.62;21.68;35.99;35.41
1387;2.816;4.62;21.68;35.99;35.41
1388;2.815;4.62;21.89;36.11;35.41
1389;2.815;4.62;21.68;36.11;35.41
1390;2.815;4.62;21.68;35.99;35.41
1391;2.814;4.62;21.68;35.99;35.41
1392;2.814;4.62;21.68;35.99;35.53
1393;2.814;4.62;21.68;36.11;35.41
1394;2.814;4.62;21.58;36.11;35.41
1395;2.813;4.62;21.58;35.99;35.41
1396;2.813;4.62;21.58;36.11;35.41
1397;2.813;4.62;21.58;36.11;35.65
1398;2.812;4.62;21.58;36.11;35.41
1399;2.812;4.62;21.48;36.22;35.53
1400;2.812;4.62;21.48;36.11;35.29
1401;2.812;4.62;21.48;36.22;35.53
1402;2.811;4.62;21.48;36.11;35.53
1403;2.811;4.62;21.48;36.11;35.53
1404;2.811;4.62;21.48;36.11;35.53
1405;2.81;4.62;21.38;36.11;35.53
1406;2.81;4.62;21.48;36.11;35.41
1407;2.81;4.62;21.48;36.11;35.53
1408;2.809;4.62;21.48;36.34;35.41
1409;2.809;4.62;21.38;36.22;35.41
1410;2.809;4.62;21.48;36.11;35.65
1411;2.808;4.62;21.48;36.11;35.53
1412;2.808;4.62;21.38;36.22;35.53
1413;2.808;4.62;21.38;36.22;35.65
1414;2.807;4.62;21.38;36.22;35.65
1415;2.807;4.62;21.48;36.22;35.65
1416;2.807;4.62;21.38;36.22;35.65
1417;2.807;4.62;21.48;36.22;35.65
1418;2.806;4.62;21.38;36.22;35.65
1419;2.806;4.62;21.38;36.22;35.65
1420;2.806;4.62;21.38;36.22;35.65
1421;2.806;4.62;21.38;36.11;35.89
1422;2.805;4.62;21.38;36.22;35.65
1423;2.805;4.62;21.38;36.22;35.65
1424;2.805;4.62;21.38;36.22;37.6
1425;2.804;4.62;21.38;36.11;35.53
1426;2.804;4.62;21.48;36.22;35.89
1427;2.804;4.62;21.38;36.22;35.65
1428;2.803;4.62;21.38;36.22;35.65
1429;2.803;4.62;21.38;36.22;35.77
1430;2.803;4.62;21.38;36.11;35.65
1431;2.803;4.62;21.38;36.22;35.77
1432;2.802;4.62;21.38;36.22;35.77
1433;2.802;4.62;21.38;36.22;35.77
1434;2.802;4.62;21.38;36.22;35.77
1435;2.801;4.62;21.38;36.22;35.77
1436;2.801;4.62;21.28;36.22;35.77
1437;2.801;4.62;21.38;36.22;35.53
1438;2.801;4.62;21.38;36.34;36.01
1439;2.8;4.62;21.28;36.34;35.89
1440;2.8;4.62;21.28;36.22;35.65
1441;2.8;4.62;21.28;36.34;35.77
1442;2.799;4.62;21.38;36.34;35.77
1443;2.799;4.62;21.28;36.34;35.89
1444;2.799;4.62;21.38;36.34;35.77
1445;2.798;4.62;21.38;36.34;35.77
1446;2.798;4.62;21.38;36.34;36.61
1447;2.798;4.62;21.38;36.34;35.77
1448;2.798;4.62;21.28;36.92;35.65
1449;2.797;4.62;21.28;36.46;36.01
1450;2.797;4.62;21.28;36.34;35.89
1451;2.797;4.62;21.28;36.34;36.13
1452;2.796;4.62;21.28;36.46;35.89
1453;2.796;4.62;21.28;36.34;35.89
1454;2.796;4.62;21.28;36.34;35.89
1455;2.796;4.62;21.28;36.34;36.01
1456;2.795;4.62;21.28;36.34;35.89
1457;2.795;4.62;21.28;36.46;36.13
1458;2.795;4.62;21.28;36.34;35.89
1459;2.794;4.62;21.28;36.22;34.93
1460;2.794;4.62;21.28;36.34;35.89
1461;2.793;4.62;21.28;36.69;35.89
1462;2.793;4.62;21.28;36.46;36.01
1463;2.793;4.62;21.28;36.46;35.89
1464;2.792;4.62;21.28;36.46;36.01
1465;2.792;4.62;21.28;36.34;36.01
1466;2.792;4.62;21.18;36.22;36.25
1467;2.792;4.62;21.28;35.88;36.01
1468;2.792;4.62;21.28;36.46;36.13
1469;2.791;4.62;21.28;36.46;36.01
1470;2.791;4.62;21.28;36.46;36.01
1471;2.791;4.62;21.28;36.46;35.89
1472;2.79;4.62;21.28;36.46;36.01
1473;2.79;4.62;21.18;36.46;36.01
1474;2.79;4.62;21.18;36.46;36.01
1475;2.789;4.62;21.18;36.46;36.01
1476;2.789;4.62;21.18;36.46;36.13
1477;2.789;4.62;21.18;36.46;36.01
1478;2.788;4.62;21.18;36.46;36.01
1479;2.788;4.62;21.18;36.34;36.01
1480;2.788;4.62;21.18;36.46;36.01
1481;2.788;4.62;21.18;36.57;35.89
1482;2.787;4.62;21.18;36.46;35.89
1483;2.787;4.62;21.18;36.46;36.01
1484;2.787;4.62;21.28;36.69;36.01
1485;2.786;4.62;21.28;36.46;36.01
1486;2.786;4.62;21.18;36.57;36.01
1487;2.786;4.62;21.28;36.46;36.01
1488;2.785;4.62;21.18;36.46;36.13
1489;2.785;4.62;21.28;36.46;35.77
1490;2.785;4.62;21.28;36.46;36.01
1491;2.785;4.62;21.28;36.46;36.01
1492;2.784;4.62;21.28;36.46;36.13
1493;2.784;4.62;21.18;36.57;36.01
1494;2.784;4.62;21.28;36.57;36.13
1495;2.784;4.62;21.28;36.57;36.13
1496;2.783;4.62;21.28;36.57;36.13
1497;2.783;4.62;21.28;36.57;36.13
1498;2.782;4.62;21.28;36.57;36.13
1499;2.782;4.62;21.18;36.57;36.13
1500;2.782;4.62;21.28;36.57;36.13
1501;2.782;4.62;21.18;36.57;36.01
1502;2.781;4.62;21.18;36.57;36.13
1503;2.781;4.62;21.28;36.57;36.13
1504;2.781;4.62;21.18;36.57;36.13
1505;2.781;4.62;21.18;36.57;36.13
1506;2.78;4.62;21.18;36.69;36.13
1507;2.78;4.62;21.18;36.57;36.25
1508;2.78;4.62;21.18;36.69;36.25
1509;2.78;4.62;21.18;36.81;36.01
1510;2.779;4.62;21.18;36.57;36.13
1511;2.779;4.62;21.28;36.57;35.89
1512;2.779;4.62;21.28;36.57;36.13
1513;2.778;4.62;21.28;36.57;36.13
1514;2.778;4.62;21.28;36.57;36.13
1515;2.778;4.62;21.28;36.57;35.89
1516;2.778;4.62;21.38;36.57;36.25
1517;2.777;4.62;21.48;36.57;36.13
1518;2.777;4.62;21.38;36.69;36.25
1519;2.777;4.62;21.48;36.69;36.01
1520;2.776;4.62;21.48;36.69;36.13
1521;2.776;4.62;21.38;36.69;36.13
1522;2.776;4.62;21.58;36.69;36.13
1523;2.775;4.62;21.48;36.69;36.01
1524;2.775;4.62;21.48;36.69;35.53
1525;2.775;4.62;21.08;36.57;36.25
1526;2.775;4.62;21.58;36.69;36.01
1527;2.774;4.62;21.48;36.81;36.01
1528;2.774;4.62;21.58;36.34;36.01
1529;2.774;4.62;21.58;36.69;36.37
1530;2.773;4.62;21.58;36.57;36.13
1531;2.773;4.62;21.58;36.57;36.13
1532;2.773;4.62;21.58;36.69;36.13
1533;2.773;4.62;21.58;36.57;37.6
1534;2.772;4.62;21.48;36.69;36.25
1535;2.772;4.62;21.58;36.57;36.13
1536;2.772;4.62;21.58;36.69;36.25
1537;2.771;4.62;21.58;36.69;36.25
1538;2.771;4.62;21.48;36.69;36.13
1539;2.771;4.62;21.48;36.69;36.13
1540;2.77;4.62;21.48;36.69;36.13
1541;2.77;4.62;21.48;36.69;36.25
1542;2.77;4.62;21.48;36.81;36.13
1543;2.77;4.62;21.48;36.69;36.01
1544;2.769;4.62;21.38;36.69;36.01
1545;2.769;4.62;21.38;36.69;36.01
1546;2.769;4.62;21.38;36.69;36.13
1547;2.769;4.62;21.38;36.81;36.13
1548;2.768;4.62;21.38;36.69;36.13
1549;2.768;4.62;21.38;36.69;36.13
1550;2.768;4.62;21.28;36.81;36.13
1551;2.768;4.62;21.38;36.81;36.49
1552;2.767;4.62;21.28;36.69;36.13
1553;2.767;4.62;21.28;36.69;36.13
1554;2.767;4.62;21.28;36.81;36.13
1555;2.766;4.62;21.28;36.69;36.25
1556;2.766;4.62;21.28;36.81;36.13
1557;2.766;4.62;21.28;36.92;36.25
1558;2.765;4.62;21.28;36.81;36.25
1559;2.765;4.62;21.38;36.81;36.13
1560;2.765;4.62;21.38;36.81;36.13
1561;2.765;4.62;21.38;36.81;36.25
1562;2.764;4.62;21.38;36.81;36.13
1563;2.764;4.62;21.48;36.69;36.13
1564;2.764;4.62;21.38;36.81;36.13
1565;2.763;4.62;21.38;36.81;36.25
1566;2.763;4.62;21.38;36.69;36.13
1567;2.763;4.62;21.38;36.81;36.37
1568;2.762;4.62;21.58;36.81;36.13
1569;2.762;4.62;21.38;36.81;36.37
1570;2.762;4.62;21.38;36.81;36.37
1571;2.762;4.62;21.38;36.92;36.25
1572;2.762;4.62;21.38;36.81;36.37
1573;2.761;4.62;21.38;36.69;36.25
1574;2.761;4.62;21.38;36.81;36.13
1575;2.76;4.62;21.48;36.92;36.37
1576;2.76;4.62;21.38;36.81;36.25
1577;2.76;4.62;21.38;36.81;36.25
1578;2.759;4.62;21.38;36.81;36.25
1579;2.759;4.62;21.38;36.81;36.25
1580;2.759;4.62;21.28;36.81;36.25
1581;2.759;4.62;21.38;36.69;36.13
1582;2.758;4.62;21.28;36.92;36.37
1583;2.758;4.62;21.28;36.92;36.37
1584;2.758;4.62;21.28;36.92;36.13
1585;2.758;4.62;21.38;36.92;36.25
1586;2.757;4.62;21.38;36.81;36.37
1587;2.757;4.62;21.38;36.92;36.37
1588;2.757;4.62;21.38;36.92;36.37
1589;2.756;4.62;21.38;36.92;36.37
1590;2.756;4.62;21.38;36.92;36.49
1591;2.756;4.62;21.38;37.04;36.37
1592;2.755;4.62;21.38;37.04;36.13
1593;2.755;4.62;21.38;36.92;36.37
1594;2.755;4.62;21.38;36.92;36.37
1595;2.754;4.62;21.38;36.92;36.37
1596;2.754;4.62;21.08;37.04;36.25
1597;2.754;4.62;21.38;37.04;36.37
1598;2.754;4.62;21.38;36.92;36.49
1599;2.753;4.62;21.38;37.04;36.37
1600;2.753;4.62;21.48;37.04;36.37
1601;2.752;4.62;21.48;37.04;36.37
1602;2.752;4.62;21.38;37.16;36.49
1603;2.752;4.62;21.48;37.04;36.74
1604;2.751;4.62;21.48;37.04;36.37
1605;2.751;4.62;21.38;37.04;36.49
1606;2.751;4.62;21.38;37.04;36.49
1607;2.75;4.62;21.38;37.04;36.49
1608;2.75;4.62;21.38;36.92;36.49
1609;2.75;4.62;21.38;37.16;36.49
1610;2.75;4.62;21.48;37.04;36.49
1611;2.749;4.62;21.38;37.04;36.49
1612;2.749;4.62;21.48;37.16;36.61
1613;2.749;4.62;21.38;37.04;36.49
1614;2.748;4.62;21.48;37.04;36.49
1615;2.748;4.62;21.48;36.92;36.49
1616;2.748;4.62;21.48;37.04;36.37
1617;2.747;4.62;21.48;37.04;36.61
1618;2.747;4.62;21.48;37.04;36.37
1619;2.747;4.62;21.48;36.92;36.74
1620;2.746;4.62;21.48;37.16;36.49
1621;2.746;4.62;21.48;37.16;36.49
1622;2.745;4.62;21.48;37.16;36.61
1623;2.745;4.62;21.48;37.04;36.61
1624;2.745;4.62;21.48;37.04;35.77
1625;2.744;4.62;21.48;37.16;36.61
1626;2.744;4.62;21.48;37.16;36.49
1627;2.744;4.62;21.48;37.16;36.61
1628;2.743;4.62;21.58;37.04;36.49
1629;2.743;4.62;21.58;37.04;36.74
1630;2.743;4.62;21.48;37.16;36.61
1631;2.742;4.62;21.48;37.16;36.61
1632;2.742;4.62;21.48;37.16;36.61
1633;2.742;4.62;21.58;37.16;36.74
1634;2.741;4.62;21.48;37.16;36.74
1635;2.741;4.62;21.48;37.98;36.61
1636;2.741;4.62;21.48;37.16;36.61
1637;2.74;4.62;21.58;37.16;36.49
1638;2.74;4.62;21.58;37.16;36.61
1639;2.74;4.62;21.58;37.16;36.74
1640;2.739;4.62;21.58;37.16;36.74
1641;2.739;4.62;21.58;37.16;36.74
1642;2.738;4.62;21.58;37.27;36.74
1643;2.738;4.62;21.58;37.27;37.1
1644;2.738;4.62;21.58;37.16;36.61
1645;2.737;4.62;21.58;37.27;36.61
1646;2.737;4.62;21.58;37.16;36.74
1647;2.737;4.62;21.48;37.27;36.61
1648;2.737;4.62;21.58;37.16;36.61
1649;2.736;4.62;21.48;37.27;36.25
1650;2.736;4.62;21.48;37.27;36.74
1651;2.735;4.62;21.48;37.16;36.74
1652;2.735;4.62;21.48;37.16;36.74
1653;2.735;4.62;21.48;37.27;36.74
1654;2.735;4.62;21.58;37.16;36.86
1655;2.734;4.62;21.48;37.27;36.98
1656;2.734;4.62;21.58;37.04;36.74
1657;2.734;4.62;21.58;37.16;36.61
1658;2.733;4.62;21.58;37.27;36.86
1659;2.733;4.62;21.58;37.51;36.61
1660;2.733;4.62;21.58;37.27;36.61
1661;2.732;4.62;21.58;37.16;36.74
1662;2.732;4.62;21.58;37.39;36.98
1663;2.732;4.62;21.58;37.27;36.74
1664;2.731;4.62;21.58;37.27;36.86
1665;2.731;4.62;21.58;37.27;36.86
1666;2.73;4.62;21.58;37.27;36.86
1667;2.73;4.62;21.58;37.63;36.74
1668;2.73;4.62;21.58;37.16;36.61
1669;2.73;4.62;21.58;37.39;36.61
1670;2.729;4.62;21.58;37.39;36.86
1671;2.729;4.62;21.58;37.39;36.86
1672;2.728;4.62;21.58;37.27;36.74
1673;2.728;4.62;21.58;37.04;36.98
1674;2.728;4.62;21.58;37.39;36.86
1675;2.727;4.62;21.58;37.51;36.98
1676;2.727;4.62;21.48;37.39;36.86
1677;2.727;4.62;21.58;37.39;36.86
1678;2.726;4.62;21.48;38.22;36.86
1679;2.726;4.62;21.48;37.39;36.86
1680;2.726;4.62;21.48;37.51;36.86
1681;2.725;4.62;21.48;37.39;36.86
1682;2.725;4.62;21.48;37.39;36.86
1683;2.725;4.62;21.48;37.39;36.98
1684;2.724;4.62;21.38;37.39;36.86
1685;2.724;4.62;21.38;37.39;37.23
1686;2.724;4.62;21.38;36.92;36.98
1687;2.723;4.62;21.48;37.51;36.86
1688;2.723;4.62;21.48;37.39;36.74
1689;2.722;4.62;21.38;37.51;37.1
1690;2.722;4.62;21.38;37.39;36.86
1691;2.722;4.62;21.48;37.51;36.61
1692;2.721;4.62;21.38;37.51;36.98
1693;2.721;4.62;21.38;37.51;36.98
1694;2.721;4.62;21.38;37.39;36.98
1695;2.72;4.62;21.38;37.39;36.74
1696;2.72;4.62;21.38;37.51;36.98
1697;2.72;4.62;21.38;37.51;36.98
1698;2.719;4.62;21.38;37.51;36.98
1699;2.719;4.62;21.28;37.51;36.98
1700;2.718;4.62;21.38;37.39;36.98
1701;2.718;4.62;21.18;37.63;37.23
1702;2.718;4.62;21.28;37.51;36.98
1703;2.717;4.62;21.38;37.51;36.74
1704;2.717;4.62;21.28;37.63;36.98
1705;2.716;4.62;21.38;37.51;36.86
1706;2.716;4.62;21.28;37.51;36.98
1707;2.716;4.62;21.38;37.27;37.1
1708;2.715;4.62;21.38;37.51;37.1
1709;2.715;4.62;21.38;37.63;37.35
1710;2.714;4.62;21.38;37.63;36.98
1711;2.714;4.62;21.38;37.63;37.1
1712;2.714;4.62;21.38;37.63;37.1
1713;2.713;4.62;20.98;37.51;36.86
1714;2.713;4.62;21.38;37.63;36.98
1715;2.713;4.62;21.38;37.63;37.23
1716;2.712;4.62;21.38;37.51;37.1
1717;2.712;4.62;21.38;37.63;36.98
1718;2.712;4.62;21.28;37.63;37.1
1719;2.711;4.62;21.28;37.51;36.86
1720;2.711;4.62;21.38;37.51;37.23
1721;2.71;4.62;21.28;37.63;37.1
1722;2.71;4.62;21.38;37.74;37.1
1723;2.71;4.62;21.38;37.63;37.1
1724;2.71;4.62;21.38;37.63;37.23
1725;2.709;4.62;21.38;37.63;37.1
1726;2.709;4.62;21.28;37.74;37.1
1727;2.708;4.62;21.28;37.74;37.1
1728;2.708;4.62;21.38;37.63;36.86
1729;2.708;4.62;21.08;37.63;37.23
1730;2.707;4.62;21.38;37.74;36.13
1731;2.707;4.62;21.38;37.74;36.37
1732;2.707;4.62;21.38;37.74;37.1
1733;2.706;4.62;21.48;37.74;37.1
1734;2.706;4.62;21.58;37.63;37.23
1735;2.705;4.62;21.38;37.74;36.98
1736;2.705;4.62;21.48;37.63;36.98
1737;2.705;4.62;21.38;37.74;37.1
1738;2.704;4.62;21.48;37.86;37.1
1739;2.704;4.62;21.48;37.63;37.1
1740;2.703;4.62;21.38;37.74;37.1
1741;2.703;4.62;21.48;37.74;37.35
1742;2.703;4.62;21.38;37.86;37.35
1743;2.702;4.62;21.38;37.86;37.23
1744;2.702;4.62;21.48;37.74;37.23
1745;2.702;4.62;21.48;37.74;37.23
1746;2.701;4.62;21.38;37.86;37.23
1747;2.701;4.62;21.38;37.51;37.23
1748;2.7;4.62;21.38;37.74;36.98
1749;2.7;4.62;21.48;37.86;37.23
1750;2.699;4.62;21.48;37.86;37.1
1751;2.699;4.62;21.48;37.86;37.23
1752;2.699;4.62;21.58;37.86;37.1
1753;2.698;4.62;21.58;37.98;36.98
1754;2.698;4.62;21.58;37.98;37.6
1755;2.698;4.62;21.58;37.86;37.35
1756;2.697;4.62;21.58;37.86;37.1
1757;2.697;4.62;21.58;37.86;37.23
1758;2.697;4.62;21.58;37.86;37.35
1759;2.696;4.62;21.58;37.86;37.23
1760;2.696;4.62;21.58;37.86;37.6
1761;2.695;4.62;21.58;37.86;37.47
1762;2.695;4.62;21.68;37.86;38.09
1763;2.695;4.62;21.58;37.98;37.23
1764;2.694;4.62;21.68;37.98;37.23
1765;2.694;4.62;21.68;37.86;37.47
1766;2.693;4.62;21.68;37.86;37.23
1767;2.693;4.62;21.58;38.1;37.23
1768;2.693;4.62;21.68;37.98;37.23
1769;2.692;4.62;21.68;37.98;38.22
1770;2.692;4.62;21.68;37.98;37.35
1771;2.692;4.62;21.58;37.98;37.72
1772;2.691;4.62;21.58;37.98;37.35
1773;2.691;4.62;21.58;37.98;37.47
1774;2.69;4.62;21.58;37.98;37.23
1775;2.69;4.62;21.58;37.98;37.35
1776;2.689;4.62;21.58;37.98;37.35
1777;2.689;4.62;21.68;37.86;37.35
1778;2.688;4.62;21.48;37.98;37.35
1779;2.688;4.62;21.48;37.98;37.35
1780;2.688;4.62;21.48;37.98;37.47
1781;2.687;4.62;21.48;37.98;37.47
1782;2.687;4.62;21.48;37.98;37.47
1783;2.687;4.62;21.48;37.98;37.23
1784;2.686;4.62;21.38;37.98;37.47
1785;2.686;4.62;21.38;38.1;37.47
1786;2.685;4.62;21.38;38.1;37.47
1787;2.685;4.62;21.38;37.98;37.47
1788;2.685;4.62;21.38;37.98;37.23
1789;2.684;4.62;21.38;38.1;37.6
1790;2.684;4.62;21.28;38.1;37.6
1791;2.683;4.62;21.38;37.98;37.47
1792;2.683;4.62;21.38;37.98;37.47
1793;2.683;4.62;21.38;38.1;37.47
1794;2.682;4.62;21.38;37.98;37.47
1795;2.682;4.62;21.28;38.1;37.6
1796;2.681;4.62;21.28;37.86;37.47
1797;2.681;4.62;21.28;38.1;37.6
1798;2.681;4.62;21.38;38.1;37.72
1799;2.68;4.62;21.28;37.98;37.35
1800;2.68;4.62;21.28;38.1;37.47
1801;2.679;4.62;21.28;38.1;37.6
1802;2.679;4.62;21.28;38.1;37.6
1803;2.678;4.62;21.28;38.22;37.84
1804;2.678;4.62;21.28;38.1;37.6
1805;2.678;4.62;21.18;38.1;37.6
1806;2.677;4.62;21.28;38.1;37.6
1807;2.677;4.62;21.18;38.1;37.6
1808;2.676;4.62;21.18;38.22;37.6
1809;2.676;4.62;21.18;38.1;37.6
1810;2.676;4.62;21.18;38.34;37.6
1811;2.675;4.62;21.18;38.22;37.6
1812;2.675;4.62;21.18;38.22;37.6
1813;2.674;4.62;21.18;38.22;37.6
1814;2.674;4.62;21.18;38.22;37.6
1815;2.673;4.62;21.18;38.22;37.72
1816;2.673;4.62;21.18;38.22;37.6
1817;2.672;4.62;21.18;38.22;37.72
1818;2.672;4.62;21.18;38.22;37.6
1819;2.672;4.62;21.18;38.22;37.6
1820;2.671;4.62;21.18;38.22;37.72
1821;2.671;4.62;21.18;38.22;38.47
1822;2.67;4.62;21.18;38.22;37.72
1823;2.67;4.62;21.18;38.22;37.6
1824;2.669;4.62;21.18;38.22;37.72
1825;2.669;4.62;21.28;38.34;37.72
1826;2.668;4.62;21.28;38.22;37.72
1827;2.668;4.62;21.28;38.34;37.47
1828;2.668;4.62;21.28;38.34;37.72
1829;2.667;4.62;21.18;38.34;37.72
1830;2.667;4.62;21.28;38.34;37.72
1831;2.666;4.62;21.28;38.34;37.84
1832;2.666;4.62;21.18;38.34;37.6
1833;2.666;4.62;21.18;38.46;37.97
1834;2.665;4.62;21.18;38.22;37.84
1835;2.665;4.62;21.18;38.34;37.72
1836;2.664;4.62;21.18;38.34;37.72
1837;2.664;4.62;21.18;38.34;37.84
1838;2.663;4.62;21.18;38.34;37.97
1839;2.663;4.62;21.18;38.22;37.84
1840;2.662;4.62;21.18;38.34;37.84
1841;2.662;4.62;21.08;38.22;37.84
1842;2.661;4.62;21.08;38.34;37.84
1843;2.661;4.62;21.08;38.34;37.84
1844;2.661;4.62;21.08;38.7;37.72
1845;2.66;4.62;21.08;38.46;38.09
1846;2.66;4.62;21.08;38.34;38.22
1847;2.659;4.62;21.08;38.34;37.97
1848;2.659;4.62;21.08;38.46;37.97
1849;2.658;4.62;21.08;38.46;37.6
1850;2.658;4.62;21.08;38.46;37.97
1851;2.658;4.62;21.08;38.46;37.84
1852;2.657;4.62;21.08;38.34;37.72
1853;2.657;4.62;21.08;38.46;37.84
1854;2.656;4.62;21.08;38.46;37.84
1855;2.656;4.62;21.08;38.46;37.84
1856;2.655;4.62;21.08;38.46;37.84
1857;2.655;4.62;21.18;38.58;38.09
1858;2.654;4.62;21.08;38.46;37.6
1859;2.654;4.62;21.08;38.34;37.97
1860;2.653;4.62;20.98;38.58;37.97
1861;2.653;4.62;20.98;38.58;37.84
1862;2.652;4.62;20.87;38.34;37.72
1863;2.652;4.62;21.08;38.58;37.72
1864;2.652;4.62;21.08;38.46;38.09
1865;2.651;4.62;20.98;38.7;38.22
1866;2.651;4.62;21.08;38.46;37.97
1867;2.65;4.62;21.08;38.46;37.97
1868;2.65;4.62;21.08;38.46;37.84
1869;2.649;4.62;20.98;38.46;38.22
1870;2.649;4.62;20.98;38.46;38.09
1871;2.648;4.62;20.98;38.58;37.97
1872;2.648;4.62;20.98;38.58;37.97
1873;2.648;4.62;20.98;38.58;37.97
1874;2.647;4.62;20.98;38.7;37.97
1875;2.646;4.62;20.98;38.58;37.97
1876;2.646;4.62;20.98;38.58;37.97
1877;2.645;4.62;20.98;38.58;38.22
1878;2.645;4.62;20.98;38.58;37.72
1879;2.644;4.62;20.98;38.46;38.09
1880;2.644;4.62;20.98;38.58;37.97
1881;2.643;4.62;20.98;38.7;37.97
1882;2.643;4.62;20.98;38.58;38.09
1883;2.643;4.62;20.98;38.58;38.09
1884;2.642;4.62;20.98;38.58;38.09
1885;2.642;4.62;20.98;38.82;37.97
1886;2.641;4.62;20.98;38.7;38.09
1887;2.64;4.62;20.98;38.58;38.09
1888;2.64;4.62;20.98;38.58;38.09
1889;2.639;4.62;20.98;38.58;37.84
1890;2.639;4.62;21.08;38.58;38.09
1891;2.639;4.62;20.98;38.58;37.6
1892;2.638;4.62;20.98;38.58;38.34
1893;2.638;4.62;20.98;38.58;37.97
1894;2.637;4.62;20.87;38.7;38.09
1895;2.637;4.62;21.08;38.46;38.22
1896;2.636;4.62;20.98;38.7;37.97
1897;2.636;4.62;20.98;38.7;38.09
1898;2.635;4.62;20.98;38.7;38.09
1899;2.635;4.62;20.98;38.7;38.22
1900;2.634;4.62;20.98;38.7;38.22
1901;2.634;4.62;21.08;38.7;38.09
1902;2.633;4.62;20.98;38.7;38.22
1903;2.633;4.62;20.98;38.82;38.22
1904;2.632;4.62;20.98;38.7;38.34
1905;2.632;4.62;20.87;38.7;38.22
1906;2.631;4.62;20.98;38.82;38.22
1907;2.631;4.62;20.87;38.82;38.22
1908;2.63;4.62;20.87;38.82;38.22
1909;2.63;4.62;20.98;38.82;38.22
1910;2.629;4.62;20.87;38.82;38.22
1911;2.629;4.62;20.87;38.82;38.34
1912;2.628;4.62;20.98;38.7;38.22
1913;2.628;4.62;20.98;38.94;38.34
1914;2.627;4.62;20.98;38.94;36.74
1915;2.627;4.62;20.98;38.82;38.22
1916;2.626;4.62;20.87;38.82;38.22
1917;2.626;4.62;20.87;38.82;38.22
1918;2.626;4.62;20.98;38.82;38.34
1919;2.625;4.62;20.87;38.82;38.22
1920;2.625;4.62;20.98;38.82;38.22
1921;2.624;4.62;20.98;38.82;38.22
1922;2.623;4.62;20.98;38.82;38.22
1923;2.623;4.62;20.87;38.82;38.22
1924;2.622;4.62;20.98;38.82;38.09
1925;2.622;4.62;20.98;38.94;38.34
1926;2.621;4.62;20.87;38.94;38.34
1927;2.621;4.62;20.98;38.94;38.34
1928;2.621;4.62;20.87;38.94;38.34
1929;2.62;4.62;20.87;38.94;38.34
1930;2.62;4.62;20.98;38.94;38.22
1931;2.619;4.62;20.87;38.94;38.34
1932;2.619;4.62;20.87;38.94;38.34
1933;2.618;4.62;20.87;38.94;38.34
1934;2.618;4.62;20.87;38.94;38.34
1935;2.617;4.62;21.08;38.94;38.09
1936;2.616;4.62;20.87;38.58;38.22
1937;2.616;4.62;20.87;39.06;38.6
1938;2.615;4.62;20.87;38.94;38.47
1939;2.615;4.62;20.87;39.06;38.34
1940;2.615;4.62;20.87;38.94;38.34
1941;2.614;4.62;20.87;38.94;38.34
1942;2.613;4.62;20.98;38.94;38.34
1943;2.613;4.62;20.98;38.94;38.34
1944;2.613;4.62;20.98;38.94;38.34
1945;2.612;4.62;20.98;39.06;38.34
1946;2.612;4.62;20.98;39.06;38.47
1947;2.611;4.62;20.98;39.06;38.47
1948;2.611;4.62;20.98;39.06;38.47
1949;2.61;4.62;20.98;39.06;38.34
1950;2.61;4.62;20.87;39.06;38.47
1951;2.609;4.62;20.87;38.94;37.97
1952;2.609;4.62;20.98;39.06;38.34
1953;2.608;4.62;20.87;38.46;38.47
1954;2.608;4.62;20.98;39.06;38.34
1955;2.607;4.62;20.77;39.3;38.6
1956;2.607;4.62;20.98;39.06;38.47
1957;2.606;4.62;21.08;39.06;38.34
1958;2.606;4.62;20.98;39.18;38.34
1959;2.605;4.62;20.98;39.06;38.34
1960;2.604;4.62;20.98;39.06;38.47
1961;2.604;4.62;20.98;39.18;38.47
1962;2.603;4.62;20.98;39.18;38.6
1963;2.603;4.62;20.98;39.06;38.47
1964;2.603;4.62;20.87;39.18;38.34
1965;2.602;4.62;20.98;39.18;38.47
1966;2.602;4.62;20.98;39.3;38.6
1967;2.601;4.62;20.98;39.18;38.47
1968;2.601;4.62;21.08;39.42;38.47
1969;2.6;4.62;21.08;39.18;38.34
1970;2.599;4.62;21.08;39.18;38.47
1971;2.599;4.62;21.08;39.18;38.47
1972;2.598;4.62;21.08;39.18;38.34
1973;2.598;4.62;21.08;39.18;38.6
1974;2.597;4.62;21.08;39.3;38.34
1975;2.597;4.62;21.08;39.18;38.6
1976;2.596;4.62;21.08;39.3;38.47
1977;2.596;4.62;21.08;39.3;38.72
1978;2.595;4.62;21.18;39.3;38.6
1979;2.595;4.62;21.08;39.18;38.47
1980;2.594;4.62;21.18;39.3;38.47
1981;2.594;4.62;21.08;39.3;38.6
1982;2.593;4.62;21.18;39.3;38.72
1983;2.593;4.62;21.18;39.3;38.47
1984;2.592;4.62;21.08;39.66;38.6
1985;2.592;4.62;21.08;39.3;38.6
1986;2.591;4.62;21.08;39.42;38.47
1987;2.591;4.62;21.08;39.3;38.6
1988;2.59;4.62;21.08;39.3;38.6
1989;2.59;4.62;21.08;39.3;38.6
1990;2.589;4.62;21.08;39.3;38.34
1991;2.588;4.62;21.08;38.94;38.47
1992;2.588;4.62;21.08;39.3;38.6
1993;2.587;4.62;21.08;39.42;38.72
1994;2.587;4.62;21.08;39.3;38.72
1995;2.586;4.62;21.08;39.42;40.13
1996;2.586;4.62;21.08;39.42;38.72
1997;2.585;4.62;21.08;39.3;38.72
1998;2.585;4.62;20.98;39.3;38.85
1999;2.584;4.62;21.08;39.3;38.72
2000;2.584;4.62;21.08;39.42;38.47
2001;2.583;4.62;21.08;39.42;38.6
2002;2.583;4.62;21.08;39.42;38.72
2003;2.582;4.62;21.08;39.42;38.72
2004;2.582;4.62;20.98;39.42;38.72
2005;2.581;4.62;20.98;39.42;38.85
2006;2.58;4.62;20.98;39.54;38.72
2007;2.58;4.62;21.08;39.66;38.72
2008;2.579;4.62;20.98;39.42;38.85
2009;2.579;4.62;20.98;39.54;38.85
2010;2.578;4.62;20.98;39.42;40.13
2011;2.578;4.62;21.18;39.42;38.85
2012;2.577;4.62;20.98;39.54;38.72
2013;2.576;4.62;20.98;39.54;38.72
2014;2.576;4.62;20.98;39.54;38.72
2015;2.575;4.62;20.98;39.42;38.6
2016;2.575;4.62;20.98;39.66;38.85
2017;2.574;4.62;20.98;39.54;38.85
2018;2.574;4.62;21.08;39.42;38.72
2019;2.573;4.62;20.87;39.42;38.47
2020;2.572;4.62;21.08;39.54;38.85
2021;2.572;4.62;21.08;39.54;38.47
2022;2.571;4.62;21.08;39.54;38.6
2023;2.571;4.62;21.08;39.54;38.72
2024;2.57;4.62;21.08;39.54;38.85
2025;2.57;4.62;21.08;39.54;38.85
2026;2.569;4.62;20.98;39.42;38.98
2027;2.568;4.62;21.08;39.66;38.85
2028;2.568;4.62;21.08;39.54;38.85
2029;2.567;4.62;21.08;39.54;38.85
2030;2.566;4.62;21.08;39.54;38.85
2031;2.566;4.62;21.08;39.54;38.85
2032;2.565;4.62;21.08;39.18;38.98
2033;2.565;4.62;21.08;39.66;38.85
2034;2.564;4.62;20.98;39.66;38.85
2035;2.563;4.62;20.98;39.66;38.85
2036;2.563;4.62;21.08;39.66;38.85
2037;2.562;4.62;21.08;39.66;38.98
2038;2.562;4.62;21.08;39.66;38.98
2039;2.561;4.62;21.08;39.66;38.85
2040;2.56;4.62;21.08;39.66;38.85
2041;2.56;4.62;21.08;39.91;38.85
2042;2.559;4.62;21.08;39.78;38.98
2043;2.559;4.62;21.08;39.78;38.98
2044;2.558;4.62;21.18;39.78;38.98
2045;2.557;4.62;21.08;39.66;38.98
2046;2.557;4.62;21.08;39.66;38.98
2047;2.556;4.62;21.08;39.78;38.72
2048;2.556;4.62;21.08;39.78;38.98
2049;2.555;4.62;21.08;39.78;38.85
2050;2.554;4.62;21.08;39.66;39.1
2051;2.554;4.62;21.08;39.78;38.98
2052;2.553;4.62;21.08;39.78;38.98
2053;2.553;4.62;21.08;39.78;38.98
2054;2.552;4.62;21.08;39.78;38.34
2055;2.551;4.62;21.08;39.78;39.1
2056;2.551;4.62;21.08;39.66;39.1
2057;2.55;4.62;21.08;39.78;39.1
2058;2.55;4.62;21.08;39.66;39.23
2059;2.549;4.62;20.98;39.78;39.1
2060;2.548;4.62;21.38;39.78;39.1
2061;2.548;4.62;21.08;39.78;38.98
2062;2.547;4.62;21.08;39.78;39.23
2063;2.546;4.62;21.08;39.91;39.1
2064;2.546;4.62;21.08;39.78;39.1
2065;2.545;4.62;21.08;39.78;39.36
2066;2.545;4.62;20.98;39.91;39.1
2067;2.544;4.62;21.08;39.78;39.1
2068;2.543;4.62;20.98;39.91;39.1
2069;2.542;4.62;20.98;39.78;39.36
2070;2.542;4.62;20.98;39.91;39.1
2071;2.541;4.62;20.98;40.03;38.85
2072;2.54;4.62;20.98;39.91;39.1
2073;2.54;4.62;21.08;39.91;39.1
2074;2.539;4.62;20.98;39.78;39.1
2075;2.539;4.62;21.08;40.03;39.36
2076;2.538;4.62;21.08;39.91;39.1
2077;2.537;4.62;21.08;40.03;39.1
2078;2.537;4.62;21.08;39.91;39.1
2079;2.536;4.62;21.08;39.91;39.23
2080;2.535;4.62;21.08;39.91;39.23
2081;2.534;4.62;21.18;39.91;39.1
2082;2.534;4.62;21.18;39.91;39.23
2083;2.533;4.62;21.18;40.03;39.23
2084;2.532;4.62;21.08;40.27;39.1
2085;2.532;4.62;21.18;40.03;39.1
2086;2.531;4.62;21.08;40.03;39.23
2087;2.53;4.62;21.08;40.03;39.1
2088;2.53;4.62;21.18;40.03;38.98
2089;2.529;4.62;21.08;40.03;39.23
2090;2.529;4.62;21.18;40.03;39.23
2091;2.528;4.62;21.08;40.03;39.1
2092;2.527;4.62;21.08;40.03;39.36
2093;2.527;4.62;21.18;40.03;39.23
2094;2.526;4.62;21.08;40.27;39.23
2095;2.525;4.62;21.08;40.03;39.23
2096;2.524;4.62;21.08;40.03;39.1
2097;2.524;4.62;21.08;40.03;39.23
2098;2.523;4.62;21.08;40.15;39.36
2099;2.522;4.62;21.08;40.03;39.36
2100;2.522;4.62;21.08;40.03;39.61
2101;2.521;4.62;21.08;40.89;39.1
2102;2.52;4.62;21.08;40.15;39.36
2103;2.519;4.62;20.87;40.03;39.49
2104;2.519;4.62;20.98;40.15;39.36
2105;2.518;4.62;21.08;40.15;39.36
2106;2.517;4.62;20.67;40.15;39.36
2107;2.517;4.62;21.08;39.78;39.36
2108;2.516;4.62;21.08;40.15;39.49
2109;2.515;4.62;21.08;40.15;39.36
2110;2.514;4.62;20.98;40.27;39.49
2111;2.514;4.62;21.08;40.15;39.61
2112;2.513;4.62;20.87;40.27;39.49
2113;2.512;4.62;20.98;40.15;38.6
2114;2.511;4.62;20.98;40.15;39.49
2115;2.511;4.62;21.08;40.15;39.49
2116;2.51;4.62;21.08;40.27;39.61
2117;2.509;4.62;21.08;40.27;39.49
2118;2.509;4.62;21.08;40.15;39.49
2119;2.508;4.62;21.08;40.27;39.61
2120;2.507;4.62;21.18;40.27;39.49
2121;2.506;4.62;20.98;40.27;39.36
2122;2.506;4.62;21.18;40.27;39.49
2123;2.505;4.62;21.18;40.27;39.36
2124;2.504;4.62;21.18;40.15;39.36
2125;2.504;4.62;21.28;40.27;39.49
2126;2.503;4.62;21.18;40.27;39.49
2127;2.502;4.62;21.08;40.4;39.49
2128;2.501;4.62;21.08;40.4;39.61
2129;2.501;4.62;21.08;40.4;39.49
