time;voltage;current;ambient_temperature;surface_temperature_plus;surface_temperature_minus
0;0.004;0.0;20.57;19.06;19.52
1;3.025;5.906;20.67;19.06;19.42
2;2.983;6.16;20.57;18.96;19.52
3;2.985;6.161;20.67;18.96;19.52
4;2.981;6.161;20.67;18.96;19.52
5;2.976;6.161;20.67;19.06;19.52
6;2.973;6.161;20.67;19.16;19.52
7;2.969;6.161;20.57;19.06;19.52
8;2.971;6.161;20.67;19.06;19.42
9;2.969;6.161;20.67;19.16;19.52
10;2.972;6.161;20.57;19.06;19.62
11;2.975;6.161;20.67;19.06;19.52
12;2.975;6.161;20.67;19.16;19.62
13;2.97;6.161;20.67;19.06;19.52
14;2.968;6.161;20.67;19.16;19.52
15;2.966;6.161;20.67;19.16;19.62
16;2.962;6.161;20.67;19.26;19.42
17;2.961;6.161;20.57;19.16;19.72
18;2.96;6.161;20.67;19.26;19.42
19;2.959;6.161;20.57;19.37;19.72
20;2.958;6.161;20.57;19.37;19.62
21;2.956;6.161;20.57;19.37;19.52
22;2.955;6.161;20.57;19.37;19.72
23;2.952;6.161;20.57;19.37;19.82
24;2.953;6.161;20.57;19.37;19.92
25;2.952;6.161;20.57;19.37;20.02
26;2.951;6.161;20.57;19.47;19.92
27;2.949;6.161;20.57;19.47;19.82
28;2.95;6.161;20.57;19.57;20.02
29;2.951;6.161;20.57;19.47;19.92
30;2.95;6.161;20.67;19.57;19.92
31;2.949;6.161;20.57;19.57;20.02
32;2.95;6.161;20.57;19.57;20.12
33;2.951;6.161;20.57;19.67;20.02
34;2.949;6.161;20.67;19.26;20.02
35;2.949;6.161;20.67;19.67;20.12
36;2.949;6.161;20.57;19.67;20.42
37;2.951;6.161;20.57;19.77;20.32
38;2.95;6.161;20.57;19.77;20.32
39;2.95;6.161;20.57;19.77;20.22
40;2.95;6.161;20.57;19.87;20.32
41;2.95;6.161;20.67;20.07;20.52
42;2.948;6.161;20.57;19.97;20.52
43;2.948;6.161;20.67;19.97;20.42
44;2.946;6.161;20.57;19.87;20.32
45;2.948;6.161;20.57;20.07;20.52
46;2.95;6.161;20.57;20.07;20.62
47;2.951;6.161;20.67;20.07;20.62
48;2.952;6.161;20.67;20.17;20.62
49;2.951;6.161;20.67;20.27;20.62
50;2.949;6.161;20.67;20.37;20.62
51;2.951;6.161;20.67;20.17;20.62
52;2.951;6.161;20.67;20.27;20.72
53;2.952;6.161;20.57;20.27;20.82
54;2.953;6.161;20.67;20.37;20.82
55;2.953;6.161;20.67;20.27;20.72
56;2.955;6.161;20.57;20.47;20.92
57;2.954;6.161;20.67;20.47;20.92
58;2.954;6.161;20.67;20.57;21.02
59;2.954;6.161;20.67;20.57;21.02
60;2.955;6.161;20.67;20.57;21.02
61;2.955;6.161;20.67;20.57;21.12
62;2.955;6.161;20.67;20.67;21.42
63;2.956;6.161;20.67;20.67;21.12
64;2.956;6.161;20.67;20.67;21.12
65;2.956;6.161;20.67;20.77;21.32
66;2.957;6.161;20.67;20.77;21.22
67;2.958;6.161;20.67;20.77;21.42
68;2.957;6.161;20.67;20.98;21.32
69;2.956;6.161;20.67;20.87;21.62
70;2.956;6.161;20.57;20.98;21.42
71;2.955;6.161;20.57;20.87;21.42
72;2.955;6.161;20.67;21.08;21.52
73;2.956;6.161;20.67;20.98;21.52
74;2.956;6.161;20.57;21.08;21.62
75;2.956;6.161;20.67;21.18;21.42
76;2.958;6.161;20.57;21.18;21.73
77;2.957;6.161;20.57;21.08;21.73
78;2.956;6.161;20.57;21.28;21.83
79;2.956;6.161;20.67;21.28;21.83
80;2.956;6.161;20.57;21.28;21.93
81;2.956;6.161;20.57;21.48;22.03
82;2.956;6.161;20.57;21.08;22.03
83;2.957;6.161;20.57;21.38;22.03
84;2.955;6.161;20.67;21.48;22.03
85;2.955;6.161;20.57;21.58;22.13
86;2.955;6.161;20.57;21.68;22.13
87;2.956;6.161;20.67;21.68;22.13
88;2.958;6.161;20.57;21.68;22.23
89;2.958;6.161;20.67;21.68;22.23
90;2.957;6.161;20.67;21.68;22.33
91;2.958;6.161;20.67;21.68;22.23
92;2.958;6.161;20.67;21.78;22.43
93;2.957;6.161;20.67;21.89;22.43
94;2.957;6.161;20.67;21.89;22.74
95;2.957;6.161;20.67;21.89;22.53
96;2.958;6.161;20.57;21.99;22.64
97;2.958;6.161;20.67;21.99;22.43
98;2.959;6.161;20.67;22.09;22.64
99;2.957;6.161;20.67;22.19;22.94
100;2.959;6.161;20.77;22.19;22.74
101;2.959;6.161;20.67;22.19;22.74
102;2.959;6.161;20.77;22.19;22.84
103;2.958;6.161;20.67;22.29;22.84
104;2.959;6.161;20.67;22.29;22.94
105;2.958;6.161;20.77;22.29;23.04
106;2.956;6.161;20.67;22.39;23.04
107;2.955;6.161;20.67;22.39;22.64
108;2.956;6.161;20.67;22.49;23.04
109;2.956;6.161;20.67;22.49;23.04
110;2.955;6.161;20.67;22.49;23.15
111;2.956;6.161;20.67;22.6;23.35
112;2.955;6.161;20.67;22.6;23.35
113;2.953;6.161;20.67;22.6;23.25
114;2.952;6.161;20.67;22.7;23.66
115;2.954;6.161;20.77;22.8;23.35
116;2.953;6.161;20.67;22.7;23.35
117;2.953;6.161;20.67;22.8;23.56
118;2.954;6.161;20.67;22.8;23.35
119;2.953;6.161;20.67;22.9;23.56
120;2.953;6.161;20.67;22.8;23.56
121;2.952;6.161;20.67;23.0;23.66
122;2.951;6.161;20.67;23.1;23.66
123;2.953;6.161;20.67;23.0;23.66
124;2.951;6.161;20.67;23.1;23.86
125;2.951;6.161;21.08;23.21;23.86
126;2.953;6.161;20.67;23.21;23.76
127;2.954;6.161;20.67;23.1;23.86
128;2.951;6.161;20.67;23.31;23.97
129;2.951;6.161;20.67;23.31;23.97
130;2.951;6.161;20.67;23.31;23.97
131;2.951;6.161;20.67;23.21;24.17
132;2.954;6.161;20.67;23.51;24.07
133;2.953;6.161;20.67;23.51;24.17
134;2.952;6.161;20.67;23.51;24.07
135;2.954;6.161;20.77;23.51;24.17
136;2.954;6.161;20.77;22.9;24.17
137;2.952;6.161;20.77;23.72;24.28
138;2.953;6.161;20.77;24.54;24.48
139;2.954;6.161;20.77;23.72;24.17
140;2.955;6.161;20.77;23.72;24.38
141;2.953;6.161;20.57;23.72;24.28
142;2.951;6.161;20.77;23.82;24.48
143;2.949;6.161;20.77;23.92;24.48
144;2.949;6.161;20.77;24.33;24.79
145;2.948;6.161;20.77;23.92;24.59
146;2.949;6.161;20.77;23.92;24.69
147;2.949;6.161;20.77;24.02;24.79
148;2.95;6.161;20.77;24.13;24.69
149;2.95;6.161;20.77;24.13;24.79
150;2.953;6.161;20.77;24.23;24.79
151;2.949;6.161;20.77;24.13;24.9
152;2.948;6.161;20.77;24.23;24.9
153;2.948;6.161;20.77;24.23;24.9
154;2.947;6.161;20.77;24.23;25.0
155;2.946;6.161;20.77;24.33;25.1
156;2.946;6.161;20.77;24.33;25.0
157;2.946;6.161;20.77;24.43;24.38
158;2.945;6.161;20.77;24.43;25.0
159;2.945;6.161;20.87;24.33;25.1
160;2.945;6.161;20.77;24.54;25.21
161;2.946;6.161;20.77;24.64;25.21
162;2.945;6.161;20.77;24.54;25.31
163;2.946;6.161;20.77;24.54;25.63
164;2.944;6.161;20.87;24.64;25.31
165;2.944;6.161;20.77;24.64;25.42
166;2.948;6.161;20.77;24.74;25.52
167;2.95;6.161;20.87;24.74;25.84
168;2.951;6.161;20.77;24.74;25.52
169;2.947;6.161;20.77;24.85;25.52
170;2.947;6.161;20.77;24.85;25.63
171;2.945;6.161;20.77;24.85;25.52
172;2.946;6.161;20.77;24.95;25.63
173;2.943;6.161;20.77;25.15;25.73
174;2.943;6.161;20.77;25.05;25.84
175;2.943;6.161;20.77;25.26;25.84
176;2.944;6.161;20.77;25.15;25.84
177;2.945;6.161;20.77;25.26;25.94
178;2.948;6.161;20.77;25.15;25.94
179;2.942;6.161;20.77;25.26;25.94
180;2.942;6.161;20.77;25.15;26.04
181;2.939;6.161;20.77;25.36;26.15
182;2.938;6.161;20.67;25.36;25.94
183;2.938;6.161;20.77;25.36;26.04
184;2.939;6.161;20.77;25.36;25.94
185;2.939;6.161;20.77;25.46;26.15
186;2.939;6.161;20.77;25.46;26.26
187;2.938;6.161;20.67;25.36;26.26
188;2.937;6.161;20.77;25.57;26.26
189;2.935;6.161;20.77;25.57;26.26
190;2.936;6.161;20.77;25.57;26.36
191;2.936;6.161;20.77;25.67;26.36
192;2.934;6.161;20.77;25.78;26.47
193;2.936;6.161;20.87;25.78;26.47
194;2.936;6.161;20.77;25.78;26.47
195;2.936;6.161;20.77;25.88;26.47
196;2.937;6.161;20.77;25.88;26.89
197;2.937;6.161;20.77;25.88;26.78
198;2.937;6.161;20.77;25.88;26.68
199;2.936;6.161;20.77;25.98;26.68
200;2.936;6.161;20.77;25.98;26.78
201;2.937;6.161;20.77;26.09;26.78
202;2.94;6.161;20.77;26.19;26.68
203;2.939;6.161;20.77;26.19;26.78
204;2.937;6.161;20.77;26.19;27.1
205;2.944;6.161;20.77;26.19;26.89
206;2.943;6.161;20.77;26.19;26.68
207;2.943;6.161;20.77;26.29;26.89
208;2.941;6.161;20.77;26.29;27.0
209;2.938;6.161;20.77;26.29;27.0
210;2.935;6.161;20.77;26.4;27.0
211;2.938;6.161;20.77;26.4;27.0
212;2.933;6.161;20.77;26.5;26.78
213;2.933;6.161;20.77;26.4;27.0
214;2.934;6.161;20.77;26.5;26.68
215;2.935;6.161;20.77;26.5;27.31
216;2.933;6.161;20.77;26.61;27.21
217;2.93;6.161;20.77;26.61;27.0
218;2.93;6.161;20.77;26.61;27.31
219;2.928;6.161;20.67;26.71;27.42
220;2.931;6.161;20.77;26.71;27.42
221;2.931;6.161;20.77;26.71;27.42
222;2.931;6.161;20.77;26.82;27.42
223;2.934;6.161;20.77;26.82;27.42
224;2.925;6.161;20.77;26.82;27.42
225;2.923;6.161;20.67;26.92;27.74
226;2.921;6.161;20.77;26.92;27.64
227;2.921;6.161;20.67;26.92;27.53
228;2.93;6.161;20.77;26.92;27.64
229;2.923;6.161;20.67;26.92;27.64
230;2.924;6.161;20.67;27.02;27.64
231;2.926;6.161;20.67;27.02;27.74
232;2.926;6.161;20.67;27.23;27.74
233;2.926;6.161;20.67;26.61;27.85
234;2.926;6.161;20.67;27.13;27.53
235;2.926;6.161;20.67;27.13;27.74
236;2.925;6.161;20.67;27.23;27.64
237;2.925;6.161;20.67;27.23;27.85
238;2.924;6.161;20.77;27.23;27.85
239;2.922;6.161;20.77;27.23;27.85
240;2.923;6.161;20.77;27.34;27.85
241;2.923;6.161;20.77;27.34;28.06
242;2.923;6.161;20.77;27.34;28.06
243;2.923;6.161;20.77;27.44;27.96
244;2.923;6.161;20.77;27.86;28.28
245;2.928;6.161;20.77;27.34;27.96
246;2.921;6.161;20.77;27.44;28.06
247;2.921;6.161;20.77;27.65;27.96
248;2.921;6.161;20.67;27.55;28.17
249;2.92;6.161;20.67;27.65;28.17
250;2.92;6.161;20.77;27.65;28.28
251;2.922;6.161;20.77;27.65;28.28
252;2.922;6.161;20.77;27.65;28.28
253;2.921;6.161;20.67;27.76;28.39
254;2.921;6.161;20.67;27.86;28.39
255;2.932;6.161;20.67;27.86;28.39
256;2.925;6.161;20.77;27.86;28.17
257;2.923;6.161;20.67;27.97;28.82
258;2.924;6.161;20.67;27.86;28.6
259;2.925;6.161;20.67;27.86;28.5
260;2.922;6.161;20.67;27.97;28.5
261;2.923;6.161;20.67;27.86;28.39
262;2.92;6.161;20.67;27.97;28.6
263;2.92;6.161;20.67;28.08;28.6
264;2.92;6.161;20.67;28.08;28.6
265;2.923;6.161;20.77;28.18;28.5
266;2.92;6.161;20.67;28.18;28.71
267;2.926;6.161;20.77;28.18;28.71
268;2.925;6.161;20.77;28.18;28.82
269;2.925;6.161;20.67;28.29;28.82
270;2.925;6.161;20.77;28.29;28.82
271;2.926;6.161;20.77;28.29;28.82
272;2.923;6.161;20.77;28.39;28.93
273;2.923;6.161;20.77;28.29;28.82
274;2.923;6.161;20.77;28.39;28.93
275;2.921;6.161;20.67;28.5;28.93
276;2.922;6.161;20.77;28.39;29.15
277;2.924;6.161;20.67;28.5;29.04
278;2.925;6.161;20.77;28.5;29.15
279;2.925;6.161;20.77;28.5;28.93
280;2.925;6.161;20.77;28.6;29.15
281;2.925;6.161;20.77;28.6;29.26
282;2.925;6.161;20.77;28.6;29.26
283;2.926;6.161;20.67;28.82;29.15
284;2.926;6.161;20.67;28.6;29.15
285;2.927;6.161;20.67;28.71;29.26
286;2.924;6.161;20.67;28.71;29.37
287;2.925;6.161;20.67;28.82;30.58
288;2.923;6.161;20.67;28.71;29.15
289;2.924;6.161;20.67;28.92;29.58
290;2.925;6.161;20.67;28.71;29.37
291;2.941;6.161;20.67;28.92;29.37
292;2.932;6.161;20.77;28.92;29.58
293;2.929;6.161;20.67;28.92;29.58
294;2.932;6.161;20.67;29.03;29.47
295;2.93;6.161;20.67;29.03;29.58
296;2.927;6.161;20.67;29.03;29.58
297;2.925;6.161;20.67;29.03;29.58
298;2.924;6.161;20.67;29.03;29.58
299;2.924;6.161;20.67;29.14;29.58
300;2.922;6.161;20.67;29.24;29.58
301;2.921;6.161;20.67;29.24;29.58
302;2.928;6.161;20.67;29.24;29.69
303;2.924;6.161;20.67;29.24;29.69
304;2.923;6.161;20.77;29.24;29.8
305;2.923;6.161;20.67;29.24;29.8
306;2.923;6.161;20.67;29.35;29.58
307;2.922;6.161;20.67;29.35;29.8
308;2.921;6.161;20.67;29.46;29.8
309;2.922;6.161;20.77;29.35;29.91
310;2.922;6.161;20.67;29.46;29.8
311;2.92;6.161;20.67;29.35;30.47
312;2.921;6.161;20.77;29.46;29.91
313;2.921;6.161;20.67;29.46;29.91
314;2.925;6.161;20.67;29.46;29.91
315;2.944;6.161;20.77;29.56;30.02
316;2.943;6.161;20.67;29.56;30.02
317;2.941;6.161;20.77;29.56;30.02
318;2.941;6.161;20.77;29.78;30.02
319;2.935;6.161;20.67;29.67;30.02
320;2.933;6.161;20.67;29.67;30.24
321;2.932;6.161;20.77;29.67;30.24
322;2.93;6.161;20.77;29.67;30.24
323;2.927;6.161;20.77;29.78;30.02
324;2.927;6.161;20.77;29.78;30.36
325;2.927;6.161;20.77;29.78;30.24
326;2.926;6.161;20.77;29.88;30.36
327;2.925;6.161;20.77;29.88;30.36
328;2.924;6.161;20.77;29.88;30.58
329;2.924;6.161;20.77;29.88;30.47
330;2.924;6.161;20.77;29.99;30.58
331;2.923;6.161;20.77;29.99;30.58
332;2.923;6.161;20.77;29.99;30.58
333;2.922;6.161;20.77;30.1;30.69
334;2.922;6.161;20.67;29.99;30.58
335;2.922;6.161;20.67;30.1;31.25
336;2.921;6.161;20.67;30.1;30.58
337;2.921;6.161;20.77;30.1;30.58
338;2.92;6.161;20.67;30.1;30.58
339;2.92;6.161;20.67;30.21;30.91
340;2.92;6.161;20.77;30.1;30.69
341;2.92;6.161;20.87;30.21;30.69
342;2.92;6.161;20.77;30.21;30.13
343;2.919;6.161;20.77;30.75;30.69
344;2.919;6.161;20.77;30.32;30.8
345;2.919;6.161;20.77;30.21;30.8
346;2.918;6.161;20.77;30.21;30.8
347;2.918;6.161;20.77;30.42;30.91
348;2.917;6.161;20.77;30.53;30.91
349;2.917;6.161;20.77;30.42;30.91
350;2.915;6.161;20.77;30.42;30.91
351;2.915;6.161;20.77;30.53;30.91
352;2.915;6.161;20.77;30.53;31.02
353;2.914;6.161;20.77;30.42;31.02
354;2.917;6.161;20.77;30.86;31.13
355;2.927;6.161;20.77;30.53;31.25
356;2.927;6.161;20.77;30.53;31.36
357;2.923;6.161;20.77;30.64;31.13
358;2.915;6.161;20.77;30.64;31.02
359;2.913;6.161;20.77;30.64;31.25
360;2.912;6.161;20.77;30.75;31.25
361;2.911;6.161;20.77;30.75;31.13
362;2.91;6.161;20.77;30.21;31.25
363;2.909;6.161;20.77;30.75;30.91
364;2.909;6.161;20.77;30.75;31.47
365;2.909;6.161;20.67;30.86;31.25
366;2.908;6.161;20.67;30.86;31.36
367;2.907;6.161;20.67;30.86;31.36
368;2.908;6.161;20.77;30.86;31.02
369;2.907;6.161;20.67;30.96;31.36
370;2.906;6.161;20.67;30.96;31.58
371;2.906;6.161;20.67;30.96;31.47
372;2.906;6.161;20.67;30.96;31.47
373;2.905;6.161;20.67;30.96;31.47
374;2.909;6.161;20.67;30.96;31.47
375;2.908;6.161;20.67;31.07;31.58
376;2.908;6.161;20.77;31.07;31.47
377;2.906;6.161;20.67;31.07;31.58
378;2.904;6.161;20.67;31.07;31.58
379;2.903;6.161;20.67;31.18;31.7
380;2.902;6.161;20.67;31.18;31.7
381;2.902;6.161;20.67;31.18;31.7
382;2.902;6.161;20.67;31.18;31.7
383;2.902;6.161;20.67;31.29;31.81
384;2.902;6.161;20.77;31.29;32.04
385;2.902;6.161;20.67;31.29;31.81
386;2.902;6.161;20.67;31.29;31.81
387;2.902;6.161;20.67;31.29;31.81
388;2.901;6.161;20.67;31.29;31.81
389;2.901;6.161;20.67;31.29;31.81
390;2.9;6.161;20.67;31.4;31.81
391;2.9;6.161;20.77;31.4;31.81
392;2.91;6.161;20.77;31.4;31.81
393;2.901;6.161;20.77;31.51;31.92
394;2.899;6.161;20.77;31.51;31.81
395;2.898;6.161;20.77;31.62;31.92
396;2.898;6.161;20.77;31.51;31.92
397;2.898;6.161;20.77;31.51;32.04
398;2.898;6.161;20.67;31.4;31.7
399;2.897;6.161;20.77;31.62;33.41
400;2.895;6.161;20.77;31.62;32.04
401;2.895;6.161;20.67;31.73;32.04
402;2.895;6.161;20.77;31.73;32.04
403;2.894;6.161;20.77;31.84;32.26
404;2.894;6.161;20.77;31.73;31.92
405;2.894;6.161;20.77;31.73;32.15
406;2.893;6.161;20.87;31.73;32.15
407;2.893;6.161;20.77;31.84;32.15
408;2.892;6.161;20.77;31.4;32.26
409;2.891;6.161;20.77;31.84;32.15
410;2.891;6.161;20.77;31.84;32.26
411;2.89;6.161;20.77;31.84;32.15
412;2.892;6.161;20.77;31.84;32.15
413;2.89;6.161;20.77;31.84;32.26
414;2.89;6.161;20.67;31.73;32.38
415;2.889;6.161;20.77;31.95;32.26
416;2.889;6.161;20.67;31.95;32.15
417;2.89;6.161;20.77;31.95;32.38
418;2.89;6.161;20.77;32.06;32.15
419;2.889;6.161;20.77;31.95;32.38
420;2.889;6.161;20.77;31.95;32.26
421;2.888;6.161;20.77;32.06;32.38
422;2.888;6.161;20.77;32.17;32.49
423;2.898;6.161;20.77;32.17;32.26
424;2.899;6.161;20.77;32.17;32.38
425;2.9;6.161;20.77;32.06;32.49
426;2.898;6.161;20.77;32.17;32.49
427;2.892;6.161;20.77;32.17;32.49
428;2.887;6.161;20.77;32.17;32.49
429;2.886;6.161;20.77;32.17;32.49
430;2.885;6.161;20.77;32.17;32.49
431;2.885;6.161;20.67;32.39;32.61
432;2.884;6.161;20.77;32.28;32.49
433;2.883;6.161;20.77;32.28;32.61
434;2.884;6.161;20.77;32.39;32.61
435;2.884;6.161;20.67;32.39;32.61
436;2.883;6.161;20.67;32.39;32.72
437;2.889;6.161;20.57;32.39;32.72
438;2.888;6.161;20.67;32.39;32.72
439;2.888;6.161;20.67;32.39;32.61
440;2.887;6.161;20.67;32.39;32.38
441;2.886;6.161;20.67;32.5;32.61
442;2.885;6.161;20.67;32.5;32.72
443;2.885;6.161;20.67;32.5;32.15
444;2.889;6.161;20.67;32.5;32.72
445;2.889;6.161;20.67;32.39;32.95
446;2.888;6.161;20.67;32.5;32.83
447;2.89;6.161;20.77;32.5;32.83
448;2.885;6.161;20.77;32.61;32.83
449;2.882;6.161;20.77;32.5;32.61
450;2.882;6.161;20.67;32.61;32.83
451;2.881;6.161;20.77;32.61;32.83
452;2.881;6.161;20.77;32.72;32.95
453;2.88;6.161;20.77;32.72;32.04
454;2.88;6.161;20.77;32.61;33.18
455;2.88;6.161;20.77;32.72;32.95
456;2.88;6.161;20.77;32.72;33.06
457;2.879;6.161;20.77;32.72;32.83
458;2.878;6.161;20.67;32.83;32.95
459;2.878;6.161;20.77;32.83;33.06
460;2.877;6.161;20.67;32.83;33.18
461;2.876;6.161;20.77;32.83;33.06
462;2.875;6.161;20.77;32.72;33.29
463;2.873;6.161;20.77;32.94;32.83
464;2.873;6.161;20.77;32.72;33.18
465;2.873;6.161;20.77;32.83;33.18
466;2.872;6.161;20.77;32.83;33.29
467;2.872;6.161;20.77;32.94;33.18
468;2.871;6.161;20.77;32.94;33.18
469;2.871;6.161;20.77;32.94;33.29
470;2.871;6.161;20.77;32.94;33.29
471;2.871;6.161;20.77;32.94;33.41
472;2.879;6.161;20.77;33.27;33.29
473;2.877;6.161;20.77;33.05;33.29
474;2.875;6.161;20.77;33.05;33.29
475;2.87;6.161;20.77;33.05;33.41
476;2.868;6.161;20.77;33.05;34.34
477;2.867;6.161;20.77;33.05;33.41
478;2.866;6.161;20.87;33.16;33.41
479;2.866;6.161;20.87;33.16;33.29
480;2.866;6.161;20.87;33.16;33.41
481;2.867;6.161;20.67;33.27;33.29
482;2.865;6.161;20.87;33.27;33.41
483;2.865;6.161;20.77;33.05;33.64
484;2.864;6.161;20.77;33.27;33.64
485;2.862;6.161;20.87;33.27;33.64
486;2.859;6.161;20.77;33.27;33.41
487;2.859;6.161;20.77;33.38;31.92
488;2.858;6.161;20.77;34.4;33.76
489;2.858;6.161;20.77;33.5;33.64
490;2.858;6.161;20.87;33.38;33.76
491;2.857;6.161;20.77;33.38;33.64
492;2.857;6.161;20.77;33.5;33.64
493;2.868;6.161;20.77;33.5;33.53
494;2.866;6.161;20.87;33.5;33.76
495;2.859;6.161;20.87;33.38;33.76
496;2.858;6.161;20.87;33.5;33.87
497;2.855;6.161;20.87;33.5;33.87
498;2.855;6.161;20.87;33.5;33.76
499;2.855;6.161;20.67;33.5;33.87
500;2.854;6.161;20.87;33.5;32.15
501;2.853;6.161;20.87;33.61;33.87
502;2.852;6.161;20.98;33.61;33.87
503;2.852;6.161;20.87;33.72;33.99
504;2.851;6.161;20.98;33.83;33.87
505;2.851;6.161;20.87;33.72;33.99
506;2.85;6.161;20.87;33.72;33.64
507;2.849;6.161;20.87;33.83;33.87
508;2.85;6.161;20.87;33.83;33.99
509;2.849;6.161;20.87;33.72;33.99
510;2.85;6.161;20.87;33.83;33.99
511;2.858;6.161;20.98;33.72;33.87
512;2.85;6.161;20.87;33.83;34.23
513;2.848;6.161;20.87;33.83;34.34
514;2.847;6.161;20.87;33.72;34.34
515;2.847;6.161;20.87;34.62;34.11
516;2.846;6.161;20.87;33.83;34.11
517;2.845;6.161;20.87;33.94;33.87
518;2.845;6.161;20.87;33.94;34.11
519;2.845;6.161;20.87;33.83;34.34
520;2.844;6.161;20.87;33.94;34.23
521;2.843;6.161;20.87;33.94;34.23
522;2.843;6.161;20.87;33.94;34.23
523;2.843;6.161;20.87;34.06;34.23
524;2.842;6.161;20.87;33.94;34.34
525;2.841;6.161;20.87;34.06;34.34
526;2.841;6.161;20.87;33.72;34.34
527;2.841;6.161;20.87;34.74;34.34
528;2.84;6.161;20.87;34.17;33.29
529;2.839;6.161;20.87;34.06;34.34
530;2.839;6.161;20.87;34.06;34.7
531;2.839;6.161;20.87;34.06;34.46
532;2.84;6.161;20.87;34.17;34.46
533;2.848;6.161;20.87;34.17;34.34
534;2.842;6.161;20.57;34.4;34.46
535;2.838;6.161;20.87;34.28;34.46
536;2.838;6.161;20.87;34.17;34.58
537;2.837;6.161;20.87;34.17;34.46
538;2.836;6.161;20.87;34.28;34.58
539;2.836;6.161;20.77;34.17;34.46
540;2.834;6.161;20.77;34.4;34.34
541;2.833;6.161;20.77;34.4;34.34
542;2.833;6.161;20.77;34.28;34.7
543;2.833;6.161;20.77;34.17;34.46
544;2.833;6.161;20.77;34.28;34.81
545;2.833;6.161;20.77;34.4;34.58
546;2.833;6.161;20.77;34.4;34.46
547;2.842;6.161;20.77;34.28;34.7
548;2.834;6.161;20.77;34.4;34.7
549;2.831;6.161;20.77;34.4;34.58
550;2.83;6.161;20.67;34.4;34.81
551;2.83;6.161;20.77;34.4;35.17
552;2.83;6.161;20.77;34.51;34.7
553;2.829;6.161;20.67;34.51;34.7
554;2.828;6.161;20.77;34.4;34.58
555;2.828;6.161;20.77;34.62;34.81
556;2.828;6.161;20.67;34.51;34.81
557;2.828;6.161;20.67;34.4;34.81
558;2.827;6.161;20.77;34.62;34.81
559;2.827;6.161;20.77;34.62;34.93
560;2.827;6.161;20.77;34.62;34.93
561;2.839;6.161;20.67;34.62;34.93
562;2.839;6.161;20.77;34.62;34.93
563;2.838;6.161;20.77;34.74;34.93
564;2.837;6.161;20.67;34.62;34.93
565;2.832;6.161;20.77;34.62;35.05
566;2.824;6.161;20.67;34.74;34.93
567;2.823;6.161;20.67;34.74;35.05
568;2.822;6.161;20.67;34.74;35.05
569;2.822;6.161;20.67;34.85;35.05
570;2.821;6.161;20.77;34.85;35.05
571;2.82;6.161;20.77;34.96;35.05
572;2.82;6.161;20.77;34.85;35.05
573;2.819;6.161;20.77;34.74;35.29
574;2.818;6.161;20.77;34.85;35.17
575;2.818;6.161;20.67;34.85;35.17
576;2.817;6.161;20.77;34.85;35.05
577;2.817;6.161;20.77;35.08;35.17
578;2.816;6.161;20.77;34.96;35.17
579;2.816;6.161;20.77;34.85;35.05
580;2.816;6.161;20.77;34.96;35.17
581;2.816;6.161;20.77;34.96;35.29
582;2.815;6.161;20.77;34.96;35.53
583;2.814;6.161;20.77;34.96;35.29
584;2.813;6.161;20.77;34.85;35.29
585;2.813;6.161;20.67;35.08;35.41
586;2.812;6.161;20.67;35.08;35.41
587;2.812;6.161;20.67;35.08;35.41
588;2.811;6.161;20.77;35.08;35.41
589;2.811;6.161;20.67;35.08;35.29
590;2.813;6.161;20.67;35.19;35.29
591;2.81;6.161;20.67;35.08;35.41
592;2.81;6.161;20.67;35.53;35.41
593;2.81;6.161;20.67;35.19;35.29
594;2.809;6.161;20.67;35.19;35.41
595;2.809;6.161;20.67;35.3;35.17
596;2.809;6.161;20.67;35.19;35.29
597;2.808;6.161;20.67;35.19;35.41
598;2.808;6.161;20.77;35.08;35.53
599;2.811;6.161;20.77;35.19;35.41
600;2.812;6.161;20.77;35.3;35.29
601;2.811;6.161;20.87;35.19;35.41
602;2.811;6.161;20.77;35.19;36.49
603;2.809;6.161;20.77;35.3;35.41
604;2.808;6.161;20.77;35.3;35.41
605;2.808;6.161;20.77;35.3;35.65
606;2.807;6.161;20.77;35.3;35.53
607;2.807;6.161;20.77;35.3;35.53
608;2.806;6.161;20.77;35.42;35.41
609;2.806;6.161;20.77;35.53;35.53
610;2.805;6.161;20.77;35.3;35.65
611;2.804;6.161;20.77;35.3;35.65
612;2.805;6.161;20.67;35.3;35.53
613;2.813;6.161;20.77;35.3;35.17
614;2.812;6.161;20.67;35.42;35.65
615;2.81;6.161;20.67;35.42;35.65
616;2.804;6.161;20.67;35.42;35.53
617;2.8;6.161;20.67;35.42;35.65
618;2.799;6.161;20.67;35.42;35.65
619;2.798;6.161;20.67;35.42;35.65
620;2.797;6.161;20.67;35.42;35.53
621;2.797;6.161;20.67;35.53;35.65
622;2.796;6.161;20.77;35.53;36.37
623;2.795;6.161;20.77;35.42;35.53
624;2.794;6.161;20.67;35.76;36.01
625;2.794;6.161;20.67;35.65;35.65
626;2.794;6.161;20.77;35.53;36.01
627;2.793;6.161;20.77;35.65;35.77
628;2.793;6.161;20.77;35.53;35.89
629;2.792;6.161;20.77;35.88;35.89
630;2.791;6.161;20.77;35.65;35.89
631;2.791;6.161;20.67;35.65;35.89
632;2.79;6.161;20.67;35.76;35.89
633;2.791;6.161;20.77;35.65;35.89
634;2.789;6.161;20.77;35.76;36.01
635;2.788;6.161;20.77;35.65;36.01
636;2.788;6.161;20.77;35.76;36.01
637;2.788;6.161;20.67;35.76;35.89
638;2.787;6.161;20.67;35.76;36.01
639;2.787;6.161;20.67;36.22;36.01
640;2.786;6.161;20.67;35.88;36.01
641;2.786;6.161;20.67;35.88;36.01
642;2.786;6.161;20.67;35.88;36.01
643;2.785;6.161;20.67;35.53;36.01
644;2.783;6.161;20.67;35.88;36.13
645;2.784;6.161;20.77;35.99;35.65
646;2.783;6.161;20.67;35.99;36.25
647;2.782;6.161;20.67;35.88;36.25
648;2.781;6.161;20.67;35.99;36.13
649;2.792;6.161;20.67;35.99;36.25
650;2.783;6.161;20.67;35.99;36.13
651;2.781;6.161;20.67;35.42;34.46
652;2.781;6.161;20.67;36.11;36.13
653;2.781;6.161;20.67;35.99;36.25
654;2.78;6.16;20.67;36.11;36.01
655;2.78;6.161;20.67;35.88;36.25
656;2.779;6.161;20.67;36.11;36.37
657;2.779;6.161;20.67;36.11;36.25
658;2.778;6.161;20.67;36.11;36.13
659;2.777;6.161;20.67;36.22;36.49
660;2.778;6.161;20.77;36.22;36.13
661;2.777;6.161;20.67;36.22;36.37
662;2.785;6.161;20.77;36.22;36.37
663;2.786;6.161;20.67;36.22;36.37
664;2.782;6.161;20.67;36.22;36.37
665;2.778;6.161;20.67;36.34;36.37
666;2.777;6.161;20.67;36.22;36.49
667;2.775;6.161;20.67;36.34;36.37
668;2.773;6.161;20.67;36.34;36.49
669;2.773;6.161;20.67;36.34;36.49
670;2.772;6.161;20.67;36.22;36.49
671;2.77;6.161;20.67;36.34;36.37
672;2.772;6.161;20.67;36.46;36.25
673;2.771;6.161;20.67;36.34;36.49
674;2.769;6.161;20.67;36.46;36.49
675;2.769;6.161;20.67;36.34;36.61
676;2.771;6.161;20.67;36.46;36.61
677;2.769;6.161;20.67;36.46;36.37
678;2.772;6.161;20.67;36.46;36.61
679;2.768;6.161;20.67;36.46;36.61
680;2.766;6.161;20.77;36.57;36.49
681;2.766;6.161;20.67;36.57;36.61
682;2.768;6.161;20.67;36.69;36.61
683;2.766;6.161;20.98;36.57;35.53
684;2.763;6.161;20.67;36.57;36.61
685;2.761;6.161;20.67;36.57;36.61
686;2.761;6.161;20.67;36.57;36.74
687;2.761;6.161;20.67;36.69;36.86
688;2.76;6.161;20.67;36.69;36.74
689;2.759;6.161;20.67;36.57;36.61
690;2.759;6.161;20.67;36.69;36.74
691;2.758;6.161;20.67;36.69;36.86
692;2.757;6.161;20.67;36.69;38.72
693;2.758;6.161;20.67;36.69;36.61
694;2.759;6.161;20.67;36.69;36.86
695;2.77;6.161;20.67;36.69;36.74
696;2.77;6.161;20.67;36.81;36.74
697;2.768;6.161;20.67;36.81;36.74
698;2.77;6.161;20.67;36.69;36.74
699;2.766;6.161;20.67;36.81;36.86
700;2.757;6.161;20.77;36.57;36.74
701;2.753;6.161;20.67;36.81;36.86
702;2.753;6.161;20.77;36.81;36.86
703;2.753;6.161;20.77;36.81;36.86
704;2.753;6.161;20.67;36.81;36.86
705;2.751;6.161;20.67;36.81;36.86
706;2.75;6.161;20.77;36.92;36.49
707;2.75;6.161;20.67;36.81;36.98
708;2.749;6.161;20.67;36.81;36.98
709;2.748;6.161;20.67;36.92;36.98
710;2.748;6.161;20.77;36.81;37.23
711;2.747;6.161;20.77;36.92;36.61
712;2.746;6.161;20.67;36.92;36.98
713;2.746;6.161;20.67;36.92;36.98
714;2.745;6.161;20.67;37.04;36.98
715;2.744;6.161;20.77;37.04;36.98
716;2.744;6.161;20.67;36.92;36.98
717;2.743;6.161;20.67;37.16;37.1
718;2.742;6.161;20.67;37.04;37.1
719;2.742;6.161;20.67;37.04;36.98
720;2.742;6.161;20.67;37.04;37.23
721;2.741;6.161;20.67;37.27;37.1
722;2.741;6.161;20.67;37.16;37.1
723;2.741;6.161;20.67;37.04;37.1
724;2.74;6.161;20.67;37.16;37.23
725;2.74;6.161;20.67;37.16;37.1
726;2.74;6.161;20.67;37.16;37.1
727;2.741;6.161;20.67;37.27;37.1
728;2.738;6.161;20.67;37.16;37.23
729;2.738;6.161;20.67;37.16;37.1
730;2.737;6.161;20.77;37.16;37.23
731;2.737;6.161;20.67;37.04;36.49
732;2.736;6.161;20.77;37.27;37.23
733;2.737;6.161;20.77;37.27;37.35
734;2.735;6.161;20.77;37.27;37.23
735;2.736;6.161;20.77;37.16;37.35
736;2.735;6.161;20.87;37.27;37.35
737;2.734;6.161;20.77;37.27;37.35
738;2.734;6.161;20.77;37.27;37.35
739;2.735;6.161;20.77;37.27;37.47
740;2.733;6.161;20.77;37.39;37.35
741;2.732;6.161;20.77;37.39;37.35
742;2.732;6.161;20.77;37.51;37.47
743;2.732;6.161;20.77;37.39;37.35
744;2.731;6.161;20.67;37.51;37.35
745;2.731;6.161;20.77;37.39;37.6
746;2.73;6.161;20.77;37.39;37.47
747;2.74;6.161;20.67;37.39;37.47
748;2.729;6.161;20.77;37.51;37.35
749;2.728;6.161;20.67;37.39;37.35
750;2.728;6.161;20.77;37.51;37.47
751;2.728;6.161;20.77;37.39;37.47
752;2.728;6.161;20.77;37.39;37.35
753;2.727;6.161;20.77;37.51;37.47
754;2.726;6.161;20.77;37.51;37.35
755;2.725;6.161;20.77;37.63;37.47
756;2.725;6.161;20.77;37.51;37.47
757;2.725;6.161;20.77;37.51;37.6
758;2.724;6.161;20.77;37.63;37.47
759;2.723;6.161;20.87;37.63;37.6
760;2.723;6.161;20.77;37.63;37.47
761;2.722;6.161;20.77;37.63;37.72
762;2.722;6.161;20.77;37.63;37.6
763;2.722;6.161;20.77;37.63;37.6
764;2.721;6.161;20.77;37.74;37.6
765;2.72;6.161;20.87;37.63;37.6
766;2.719;6.161;20.77;37.74;37.72
767;2.719;6.161;20.77;37.74;37.72
768;2.719;6.161;20.77;37.74;37.72
769;2.718;6.161;20.67;37.74;37.72
770;2.717;6.161;20.77;37.74;37.6
771;2.717;6.161;20.77;37.63;37.6
772;2.717;6.161;20.77;37.74;37.6
773;2.716;6.161;20.77;37.74;37.72
774;2.716;6.161;20.77;37.86;37.72
775;2.715;6.161;20.77;37.86;37.84
776;2.714;6.161;20.77;37.74;37.72
777;2.714;6.161;20.77;37.86;37.84
778;2.713;6.161;20.77;37.86;37.84
779;2.713;6.161;20.77;37.86;37.84
780;2.713;6.161;20.77;37.86;37.84
781;2.712;6.161;20.77;37.98;37.84
782;2.712;6.161;20.77;37.98;37.97
783;2.713;6.161;20.87;37.74;38.09
784;2.711;6.161;20.77;37.86;37.97
785;2.71;6.161;20.77;37.86;38.34
786;2.71;6.161;20.77;37.98;37.97
787;2.71;6.161;20.77;37.98;37.97
788;2.708;6.161;20.77;37.98;37.97
789;2.709;6.161;20.77;37.86;38.09
790;2.708;6.161;20.77;37.98;37.97
791;2.722;6.161;20.87;38.22;38.09
792;2.709;6.161;20.77;38.1;38.09
793;2.706;6.161;20.77;38.1;38.09
794;2.705;6.161;20.67;38.1;38.09
795;2.705;6.161;20.67;38.22;37.97
796;2.704;6.161;20.67;38.22;38.09
797;2.705;6.161;20.67;38.22;38.09
798;2.704;6.161;20.77;37.98;37.97
799;2.703;6.161;20.77;38.1;38.34
800;2.703;6.161;20.67;38.22;38.09
801;2.702;6.161;20.67;38.1;38.22
802;2.702;6.161;20.77;38.22;37.97
803;2.701;6.161;20.67;38.22;38.09
804;2.7;6.161;20.67;38.22;38.09
805;2.7;6.161;20.67;38.1;38.09
806;2.7;6.161;20.67;38.22;38.22
807;2.699;6.161;20.67;38.1;37.97
808;2.698;6.161;20.67;38.22;38.22
809;2.698;6.161;20.67;38.22;38.22
810;2.697;6.161;20.77;38.34;38.47
811;2.697;6.161;20.67;37.98;38.47
812;2.697;6.16;20.67;38.46;38.09
813;2.696;6.161;20.67;38.22;38.34
814;2.696;6.161;20.67;38.34;38.22
815;2.696;6.161;20.67;38.34;38.34
816;2.695;6.161;20.67;38.34;38.22
817;2.694;6.161;20.67;38.34;38.22
818;2.694;6.161;20.67;38.34;38.34
819;2.694;6.161;20.67;38.34;38.34
820;2.692;6.161;20.67;38.34;38.34
821;2.692;6.161;20.77;38.58;38.09
822;2.692;6.161;20.67;38.34;38.34
823;2.692;6.161;20.67;38.34;38.34
824;2.692;6.161;20.67;38.46;38.22
825;2.691;6.161;20.67;38.7;38.34
826;2.69;6.16;20.67;38.46;38.6
827;2.691;6.161;20.67;38.46;38.47
828;2.689;6.161;20.67;38.46;38.34
829;2.689;6.161;20.67;38.46;38.6
830;2.688;6.161;20.77;38.46;38.34
831;2.689;6.161;20.67;38.58;38.47
832;2.687;6.161;20.67;38.58;38.34
833;2.688;6.161;20.67;38.58;38.47
834;2.686;6.161;20.77;38.58;38.22
835;2.688;6.161;20.77;38.46;38.47
836;2.694;6.161;20.77;38.58;38.47
837;2.7;6.161;20.77;38.58;38.72
838;2.698;6.161;20.67;38.58;38.6
839;2.7;6.161;20.67;38.7;38.6
840;2.7;6.161;20.77;38.7;38.47
841;2.699;6.161;20.67;38.7;39.61
842;2.697;6.161;20.67;38.7;38.6
843;2.697;6.161;20.67;38.7;38.6
844;2.696;6.161;20.67;38.58;38.47
845;2.696;6.161;20.77;38.7;38.6
846;2.696;6.161;20.67;38.7;38.6
847;2.695;6.161;20.67;38.7;38.6
848;2.695;6.161;20.67;38.7;38.6
849;2.694;6.161;20.67;38.7;38.6
850;2.694;6.161;20.67;38.82;38.85
851;2.693;6.161;20.67;38.82;38.6
852;2.692;6.161;20.67;38.82;38.72
853;2.691;6.161;20.67;38.82;38.6
854;2.691;6.161;20.77;38.82;38.72
855;2.69;6.161;20.67;38.94;38.72
856;2.69;6.161;20.67;38.82;38.72
857;2.689;6.161;20.67;38.82;38.72
858;2.688;6.161;20.67;38.94;38.72
859;2.688;6.161;20.67;38.94;38.6
860;2.687;6.161;20.67;38.82;38.72
861;2.687;6.161;20.67;38.58;38.72
862;2.686;6.161;20.67;38.94;38.72
863;2.686;6.161;20.77;39.06;38.6
864;2.686;6.161;20.67;39.06;38.72
865;2.686;6.161;20.67;38.94;38.85
866;2.685;6.161;20.67;38.94;38.85
867;2.684;6.161;20.67;38.94;38.85
868;2.683;6.161;20.67;38.94;38.98
869;2.682;6.161;20.67;39.06;38.98
870;2.682;6.161;20.67;39.42;38.6
871;2.681;6.161;20.67;39.06;38.85
872;2.68;6.161;20.67;39.06;38.85
873;2.68;6.161;20.67;38.94;38.85
874;2.679;6.161;20.67;39.06;38.85
875;2.679;6.161;20.67;39.18;38.98
876;2.679;6.161;20.67;39.06;38.6
877;2.679;6.161;20.67;39.06;38.85
878;2.678;6.161;20.67;39.06;38.98
879;2.678;6.161;20.67;39.06;38.98
880;2.677;6.161;20.67;39.18;39.23
881;2.677;6.161;20.67;39.18;38.98
882;2.676;6.161;20.67;39.18;39.1
883;2.675;6.161;20.67;39.18;38.98
884;2.675;6.161;20.67;39.18;39.1
885;2.674;6.161;20.67;39.18;39.1
886;2.674;6.161;20.67;39.3;38.98
887;2.674;6.161;20.67;39.3;39.1
888;2.672;6.161;20.67;39.3;39.1
889;2.672;6.161;20.67;39.3;39.23
890;2.672;6.161;20.67;39.3;39.1
891;2.671;6.161;20.67;39.3;39.1
892;2.671;6.161;20.67;39.3;38.98
893;2.67;6.161;20.67;39.3;39.1
894;2.67;6.161;20.67;39.3;39.1
895;2.669;6.161;20.67;39.3;38.72
896;2.67;6.161;20.67;39.3;39.23
897;2.669;6.161;20.57;39.3;38.98
898;2.668;6.161;20.67;39.3;39.1
899;2.668;6.161;20.57;39.42;39.1
900;2.667;6.161;20.57;39.42;39.1
901;2.665;6.161;20.67;39.42;39.1
902;2.666;6.161;20.57;39.42;39.1
903;2.665;6.161;20.67;39.42;38.22
904;2.664;6.161;20.67;39.42;39.1
905;2.664;6.161;20.67;39.42;39.1
906;2.663;6.161;20.67;39.42;39.74
907;2.664;6.161;20.67;39.42;39.1
908;2.663;6.161;20.67;39.42;39.1
909;2.662;6.161;20.67;39.42;39.1
910;2.661;6.161;20.67;39.54;39.1
911;2.662;6.161;20.67;39.42;38.98
912;2.661;6.161;20.67;39.42;39.23
913;2.661;6.161;20.67;39.42;39.1
914;2.66;6.161;20.57;39.42;39.23
915;2.66;6.161;20.67;39.54;39.23
916;2.659;6.161;20.67;39.54;39.23
917;2.658;6.161;20.67;39.54;39.23
918;2.658;6.161;20.67;39.54;39.23
919;2.657;6.161;20.67;39.42;39.23
920;2.656;6.161;20.67;39.54;39.23
921;2.656;6.161;20.67;39.66;39.23
922;2.656;6.161;20.67;39.54;39.1
923;2.655;6.161;20.67;39.54;39.1
924;2.655;6.161;20.67;39.66;39.23
925;2.654;6.161;20.67;39.54;39.23
926;2.653;6.161;20.67;39.66;38.98
927;2.653;6.161;20.57;39.66;39.49
928;2.652;6.161;20.67;39.54;39.23
929;2.652;6.161;20.67;39.66;39.36
930;2.651;6.161;20.67;39.66;39.49
931;2.651;6.161;20.67;39.66;39.23
932;2.651;6.161;20.67;40.03;39.23
933;2.65;6.161;20.67;39.66;39.49
934;2.65;6.161;20.67;39.78;39.23
935;2.649;6.161;20.67;39.66;39.49
936;2.649;6.161;20.67;39.66;39.23
937;2.648;6.161;20.67;39.78;39.36
938;2.647;6.161;20.67;39.78;39.36
939;2.647;6.161;20.67;39.78;39.36
940;2.646;6.161;20.67;39.78;39.36
941;2.646;6.161;20.67;39.78;39.36
942;2.645;6.161;20.47;39.91;39.36
943;2.644;6.161;20.67;39.42;39.49
944;2.644;6.161;20.67;39.91;39.49
945;2.643;6.161;20.67;40.03;39.23
946;2.643;6.161;20.67;40.03;39.36
947;2.642;6.161;20.67;39.91;39.49
948;2.641;6.161;20.67;39.91;39.36
949;2.641;6.161;20.67;39.91;39.87
950;2.64;6.161;20.67;39.78;39.49
951;2.639;6.161;20.67;39.91;39.49
952;2.638;6.161;20.67;39.91;39.36
953;2.637;6.161;20.77;39.91;39.36
954;2.634;6.161;20.77;39.91;39.23
955;2.631;6.161;20.77;40.03;39.49
956;2.629;6.161;20.77;39.91;39.49
957;2.628;6.161;20.77;40.03;39.49
958;2.628;6.161;20.77;40.15;39.74
959;2.628;6.161;20.77;39.91;39.61
960;2.627;6.161;20.77;40.03;39.61
961;2.626;6.161;20.77;40.03;39.61
962;2.625;6.161;20.77;38.82;38.47
963;2.625;6.161;20.77;40.03;39.61
964;2.624;6.161;20.87;40.03;39.61
965;2.623;6.161;20.77;40.15;39.87
966;2.623;6.161;20.87;40.03;39.61
967;2.622;6.161;20.87;40.27;39.74
968;2.622;6.161;20.77;40.15;39.74
969;2.621;6.161;20.87;40.15;39.74
970;2.621;6.161;20.87;40.27;39.87
971;2.62;6.161;20.77;40.03;39.74
972;2.62;6.161;20.77;40.15;39.74
973;2.619;6.161;20.77;40.15;39.74
974;2.619;6.161;20.77;40.15;39.74
975;2.618;6.161;20.77;40.15;39.87
976;2.618;6.161;20.77;40.27;39.74
977;2.617;6.161;20.77;40.27;39.87
978;2.617;6.161;20.77;40.27;39.87
979;2.62;6.161;20.77;40.27;39.74
980;2.619;6.161;20.87;40.27;39.87
981;2.617;6.161;20.77;40.27;40.39
982;2.616;6.161;20.77;40.27;39.87
983;2.614;6.161;20.87;40.27;39.74
984;2.614;6.161;20.77;40.27;39.87
985;2.614;6.161;20.77;40.4;39.87
986;2.614;6.161;20.87;40.4;39.87
987;2.613;6.161;20.87;40.4;40.0
988;2.613;6.161;20.77;40.15;40.0
989;2.612;6.161;20.87;40.4;40.0
990;2.612;6.161;20.77;40.27;39.87
991;2.612;6.161;20.87;40.4;40.0
992;2.611;6.161;20.87;40.4;40.0
993;2.611;6.161;20.77;40.27;40.0
994;2.61;6.161;20.87;39.91;40.0
995;2.609;6.161;20.87;40.52;40.13
996;2.609;6.161;20.87;40.52;40.13
997;2.608;6.161;20.77;40.52;40.39
998;2.608;6.161;20.77;40.64;40.13
999;2.608;6.161;20.77;40.64;40.13
1000;2.607;6.161;20.77;40.4;40.52
1001;2.607;6.161;20.77;40.64;40.0
1002;2.607;6.161;20.77;40.52;40.0
1003;2.607;6.161;20.77;40.52;40.0
1004;2.606;6.161;20.77;40.4;40.26
1005;2.606;6.161;20.77;40.52;40.0
1006;2.606;6.161;20.77;40.64;40.39
1007;2.605;6.161;20.77;40.52;40.13
1008;2.604;6.161;20.77;40.52;40.13
1009;2.604;6.161;20.77;40.64;40.13
1010;2.604;6.161;20.67;40.52;41.31
1011;2.603;6.161;20.77;40.52;40.13
1012;2.605;6.161;20.77;40.52;40.13
1013;2.602;6.161;20.77;40.64;40.13
1014;2.602;6.161;20.87;40.64;40.0
1015;2.601;6.161;20.87;40.52;40.26
1016;2.601;6.161;20.77;40.64;40.26
1017;2.601;6.161;20.77;40.89;39.87
1018;2.6;6.161;20.87;40.64;40.26
1019;2.599;6.161;20.77;40.64;40.26
1020;2.598;6.161;20.77;40.52;40.26
1021;2.599;6.161;20.77;40.77;40.26
1022;2.598;6.161;20.77;40.64;40.26
1023;2.598;6.161;20.77;40.64;40.26
1024;2.598;6.161;20.87;40.64;40.0
1025;2.598;6.161;20.77;40.77;40.13
1026;2.596;6.161;20.77;40.77;40.0
1027;2.596;6.161;20.77;40.77;40.13
1028;2.595;6.161;20.77;40.77;40.13
1029;2.603;6.161;20.67;40.64;40.13
1030;2.601;6.161;20.77;40.64;40.0
1031;2.597;6.161;20.77;40.77;40.13
1032;2.596;6.161;20.77;40.77;40.13
1033;2.593;6.161;20.77;40.77;40.26
1034;2.593;6.161;20.77;40.77;40.13
1035;2.591;6.161;20.77;40.64;40.13
1036;2.591;6.161;20.77;40.77;40.13
1037;2.591;6.161;20.77;40.77;39.74
1038;2.59;6.161;20.77;40.77;40.0
1039;2.591;6.161;20.77;40.77;40.13
1040;2.591;6.161;20.77;40.64;40.39
1041;2.59;6.161;20.77;40.77;40.26
1042;2.59;6.161;20.77;40.77;40.26
1043;2.59;6.161;20.77;40.77;40.13
1044;2.589;6.161;20.77;40.89;40.26
1045;2.588;6.161;20.67;40.89;40.26
1046;2.588;6.161;20.77;40.89;40.39
1047;2.587;6.161;20.77;40.89;40.39
1048;2.586;6.161;20.87;40.4;40.13
1049;2.585;6.161;20.77;40.89;40.39
1050;2.586;6.161;20.77;41.01;40.39
1051;2.587;6.161;20.67;40.89;40.13
1052;2.586;6.161;20.67;41.51;40.39
1053;2.586;6.161;20.67;40.89;40.26
1054;2.585;6.161;20.67;41.01;40.39
1055;2.584;6.161;20.67;41.01;40.52
1056;2.582;6.161;20.67;40.89;40.52
1057;2.588;6.161;20.67;41.01;40.52
1058;2.588;6.161;20.67;41.01;40.65
1059;2.585;6.161;20.67;41.01;40.52
1060;2.586;6.161;20.67;41.14;40.52
1061;2.584;6.161;20.67;41.01;40.52
1062;2.583;6.161;20.67;40.89;40.78
1063;2.586;6.161;20.67;41.01;40.65
1064;2.587;6.161;20.67;41.14;40.65
1065;2.586;6.161;20.67;41.01;40.65
1066;2.583;6.161;20.67;41.26;40.78
1067;2.583;6.161;20.67;41.14;40.65
1068;2.582;6.161;20.67;41.14;40.78
1069;2.578;6.161;20.67;41.14;40.65
1070;2.577;6.161;20.67;41.14;40.65
1071;2.576;6.161;20.77;41.14;40.65
1072;2.575;6.161;20.67;41.14;40.26
1073;2.574;6.161;20.67;41.26;40.78
1074;2.571;6.161;20.67;41.01;40.65
1075;2.571;6.161;20.57;41.14;40.52
1076;2.57;6.161;20.67;41.26;40.78
1077;2.57;6.161;20.67;41.14;40.78
1078;2.569;6.161;20.67;41.14;40.65
1079;2.57;6.161;20.67;41.14;40.78
1080;2.57;6.161;20.67;41.26;40.78
1081;2.57;6.161;20.67;41.14;40.78
1082;2.57;6.161;20.67;41.14;40.65
1083;2.57;6.161;20.67;41.14;40.65
1084;2.569;6.161;20.67;41.51;40.78
1085;2.571;6.161;20.67;41.26;40.26
1086;2.572;6.161;20.67;41.14;40.78
1087;2.572;6.161;20.67;41.26;40.78
1088;2.569;6.161;20.67;41.26;40.78
1089;2.568;6.161;20.67;41.39;41.31
1090;2.566;6.161;20.77;41.26;40.91
1091;2.565;6.161;20.77;41.14;40.91
1092;2.565;6.161;20.77;41.26;40.91
1093;2.563;6.161;20.77;41.39;40.91
1094;2.563;6.161;20.77;41.39;40.91
1095;2.562;6.161;20.77;41.39;41.04
1096;2.561;6.161;20.77;41.39;41.04
1097;2.561;6.161;20.67;41.39;41.04
1098;2.56;6.161;20.67;41.39;41.04
1099;2.56;6.161;20.77;41.51;41.18
1100;2.56;6.161;20.67;41.39;41.18
1101;2.56;6.161;20.67;41.76;41.31
1102;2.561;6.161;20.77;41.39;40.91
1103;2.56;6.161;20.67;41.39;40.91
1104;2.559;6.161;20.67;41.51;41.04
1105;2.559;6.161;20.67;41.51;41.04
1106;2.559;6.161;20.67;41.51;41.18
1107;2.563;6.161;20.67;41.51;41.04
1108;2.564;6.161;20.67;41.39;41.18
1109;2.564;6.161;20.67;41.64;40.91
1110;2.566;6.161;20.67;41.64;41.04
1111;2.566;6.161;20.67;41.51;41.18
1112;2.565;6.161;20.67;41.51;41.04
1113;2.566;6.161;20.67;41.51;41.18
1114;2.566;6.161;20.67;41.51;41.18
1115;2.573;6.161;20.67;41.51;41.04
1116;2.568;6.161;20.67;41.51;41.18
1117;2.566;6.161;20.67;41.64;41.31
1118;2.564;6.161;20.67;41.64;41.31
1119;2.559;6.161;20.67;41.64;41.31
1120;2.555;6.161;20.67;41.64;41.31
1121;2.555;6.161;20.67;41.64;41.31
1122;2.555;6.161;20.67;41.64;41.31
1123;2.554;6.161;20.67;41.64;41.31
1124;2.553;6.161;20.67;41.51;41.31
1125;2.554;6.161;20.67;41.64;41.31
1126;2.554;6.161;20.67;41.51;41.31
1127;2.554;6.161;20.67;41.76;41.44
1128;2.555;6.161;20.67;41.64;41.44
1129;2.555;6.161;20.67;41.64;41.31
1130;2.556;6.161;20.67;41.76;41.31
1131;2.556;6.161;20.67;41.76;41.31
1132;2.56;6.161;20.67;41.76;41.31
1133;2.558;6.161;20.67;41.51;41.31
1134;2.554;6.161;20.67;41.76;41.31
1135;2.552;6.161;20.67;41.76;41.31
1136;2.55;6.161;20.67;41.64;41.18
1137;2.549;6.161;20.67;41.89;41.31
1138;2.551;6.161;20.67;41.64;41.44
1139;2.55;6.161;20.67;41.76;41.31
1140;2.549;6.161;20.67;41.76;41.44
1141;2.548;6.161;20.77;41.76;41.71
1142;2.548;6.161;20.67;41.76;41.71
1143;2.548;6.161;20.67;41.76;41.44
1144;2.547;6.161;20.67;41.64;41.31
1145;2.549;6.161;20.67;41.76;41.57
1146;2.547;6.161;20.67;41.89;41.57
1147;2.547;6.161;20.67;41.89;41.57
1148;2.546;6.161;20.67;41.89;41.44
1149;2.547;6.161;20.77;41.89;41.84
1150;2.545;6.161;20.67;41.89;41.44
1151;2.544;6.161;20.67;41.89;41.57
1152;2.543;6.161;20.67;41.64;42.11
1153;2.542;6.161;20.67;41.89;41.57
1154;2.54;6.161;20.67;41.89;41.44
1155;2.541;6.161;20.67;41.89;41.57
1156;2.54;6.161;20.67;42.02;41.57
1157;2.54;6.161;20.67;41.89;41.57
1158;2.542;6.161;20.77;42.02;41.57
1159;2.54;6.161;20.77;41.89;41.71
1160;2.539;6.161;20.77;42.02;41.71
1161;2.538;6.161;20.67;42.02;40.13
1162;2.538;6.161;20.87;42.02;42.65
1163;2.538;6.161;20.87;41.89;41.84
1164;2.539;6.161;20.67;41.89;41.57
1165;2.538;6.161;20.67;41.89;41.57
1166;2.537;6.161;20.67;42.02;41.31
1167;2.536;6.161;20.77;42.02;41.71
1168;2.535;6.161;20.77;42.02;41.71
1169;2.535;6.161;20.77;42.14;41.71
1170;2.535;6.161;20.77;41.51;41.84
1171;2.534;6.161;20.77;42.14;41.71
1172;2.534;6.161;20.77;42.02;41.71
1173;2.533;6.161;20.67;42.02;41.84
1174;2.532;6.161;20.57;42.27;41.84
1175;2.533;6.161;20.77;42.02;41.84
1176;2.534;6.161;20.67;42.14;41.84
1177;2.531;6.161;20.77;42.14;41.97
1178;2.531;6.161;20.67;42.14;41.84
1179;2.531;6.161;20.67;42.14;41.71
1180;2.531;6.161;20.67;42.14;41.84
1181;2.531;6.161;20.67;42.02;41.71
1182;2.531;6.161;20.77;42.14;41.84
1183;2.531;6.161;20.67;42.02;41.97
1184;2.531;6.161;20.67;42.14;41.71
1185;2.53;6.161;20.67;42.14;41.57
1186;2.529;6.161;20.77;42.27;41.71
1187;2.529;6.161;20.77;42.27;41.57
1188;2.527;6.161;20.77;42.27;41.04
1189;2.528;6.161;20.77;42.14;41.84
1190;2.527;6.161;20.77;42.14;41.84
1191;2.527;6.161;20.77;42.14;41.84
1192;2.526;6.161;20.77;42.27;42.24
1193;2.526;6.161;20.77;42.14;41.84
1194;2.525;6.161;20.77;42.14;41.84
1195;2.526;6.161;20.77;42.14;41.84
1196;2.526;6.161;20.77;42.27;41.84
1197;2.526;6.161;20.77;42.27;41.97
1198;2.526;6.161;20.77;42.27;41.71
1199;2.527;6.161;20.87;42.27;41.97
1200;2.526;6.161;20.87;42.27;41.84
1201;2.524;6.161;20.77;42.27;41.97
1202;2.523;6.161;20.87;42.27;41.97
1203;2.521;6.161;20.77;42.4;41.97
1204;2.521;6.161;20.77;42.4;42.11
1205;2.519;6.161;20.77;42.4;42.11
1206;2.528;6.161;20.77;42.27;42.24
1207;2.526;6.161;20.77;42.4;41.97
1208;2.527;6.161;20.67;42.4;41.97
1209;2.526;6.161;20.77;42.4;42.11
1210;2.525;6.161;20.77;42.27;41.97
1211;2.527;6.161;20.87;42.4;41.71
1212;2.527;6.161;20.77;42.4;42.11
1213;2.526;6.161;20.67;42.4;41.97
1214;2.526;6.161;20.77;42.52;41.84
1215;2.526;6.161;20.77;42.4;41.97
1216;2.527;6.161;20.77;42.4;42.11
1217;2.525;6.161;20.77;42.4;40.91
1218;2.525;6.161;20.77;42.4;42.38
1219;2.525;6.161;20.77;42.52;42.11
1220;2.524;6.161;20.77;42.52;42.11
1221;2.523;6.161;20.77;42.52;42.11
1222;2.523;6.161;20.77;42.52;42.11
1223;2.523;6.161;20.77;42.52;42.11
1224;2.522;6.161;20.77;42.52;42.11
1225;2.521;6.161;20.77;42.52;42.38
1226;2.521;6.161;20.77;42.65;42.24
1227;2.521;6.161;20.77;42.52;42.24
1228;2.519;6.161;20.67;42.52;42.24
1229;2.52;6.161;20.67;42.78;42.11
1230;2.52;6.161;20.67;42.52;42.24
1231;2.52;6.161;20.67;42.65;42.11
1232;2.52;6.161;20.67;42.78;42.11
1233;2.52;6.161;20.67;42.78;41.71
1234;2.519;6.161;20.67;42.65;42.11
1235;2.518;6.161;20.67;42.65;42.11
1236;2.517;6.161;20.67;42.65;42.11
1237;2.517;6.161;20.67;42.52;42.38
1238;2.517;6.161;20.67;42.65;42.24
1239;2.517;6.161;20.67;42.78;42.24
1240;2.516;6.161;20.67;42.65;42.11
1241;2.516;6.161;20.67;42.65;42.24
1242;2.516;6.161;20.67;42.78;42.24
1243;2.514;6.161;20.77;42.65;42.38
1244;2.514;6.161;20.77;42.78;41.44
1245;2.514;6.161;20.77;42.78;42.24
1246;2.513;6.161;20.77;42.78;42.51
1247;2.512;6.161;20.77;42.65;42.51
1248;2.511;6.161;20.77;42.91;42.38
1249;2.511;6.161;20.77;42.91;42.38
1250;2.511;6.161;20.77;42.78;42.51
1251;2.51;6.161;20.77;42.91;42.51
1252;2.509;6.161;20.77;42.91;42.11
1253;2.51;6.161;20.77;42.91;42.38
1254;2.508;6.161;20.67;42.91;42.38
1255;2.508;6.161;20.77;42.91;42.38
1256;2.508;6.161;20.67;42.91;42.51
1257;2.507;6.161;20.67;43.03;42.24
1258;2.506;6.161;20.67;42.91;42.38
1259;2.505;6.161;20.77;42.91;42.38
1260;2.504;6.161;20.77;42.91;42.51
1261;2.504;6.161;20.67;42.65;42.65
1262;2.505;6.161;20.77;42.91;42.38
1263;2.504;6.161;20.87;43.03;42.24
1264;2.503;6.161;20.77;42.91;42.51
1265;2.504;6.161;20.77;42.91;42.79
1266;2.503;6.161;20.77;43.03;42.51
1267;2.502;6.161;20.77;43.03;42.38
1268;2.503;6.161;20.77;43.03;42.51
1269;2.502;6.161;20.77;43.03;42.65
1270;2.501;6.161;20.77;43.03;42.79
1271;2.501;6.161;20.77;43.16;42.51
1272;2.501;6.161;20.77;43.03;42.65
1273;2.502;6.161;20.77;43.03;42.51
1274;2.503;6.161;20.77;43.03;42.51
1275;2.5;6.161;20.77;42.91;42.51
